00000 02192 0 
02193 02346 1 
02347 05232 2 
05233 05833 3 
05834 05998 4 
05999 06672 0 
06673 06817 4 
06818 07738 2 
07739 08620 3 
08621 09597 4 
09598 09943 1 
09944 10287 0 
10288 10793 1 
10794 11355 2 
11356 11951 3 
11952 12740 4 
12741 13217 2 
13218 13804 3 
13805 14493 4 
14494 14744 1 
14745 15199 2 
15200 16023 0 
16024 16330 2 
16331 16922 3 
16923 17649 4 
17650 18066 1 
18067 18861 2 
18862 20129 3 
20130 21156 4 
21157 21323 1 
21324 21608 2 
21609 22071 1 
22072 22516 2 
22517 23259 3 
23260 24078 4 
24079 32420 0 
32421 33124 6 
33125 33459 1 
33460 33837 7 
33838 33893 0 
