000000000,0
000000006,0
000000012,0
000000018,0
000000024,0
000000030,0
000000036,0
000000042,0
000000048,0
000000054,0
000000060,0
000000066,0
000000072,0
000000078,0
000000084,0
000000090,0
000000096,0
000000102,0
000000108,0
000000114,0
000000120,0
000000126,0
000000132,0
000000138,0
000000144,0
000000150,0
000000156,0
000000162,0
000000168,0
000000174,0
000000180,0
000000186,0
000000192,0
000000198,0
000000204,0
000000210,0
000000216,0
000000222,0
000000228,0
000000234,0
000000240,0
000000246,0
000000252,0
000000258,0
000000264,0
000000270,0
000000276,0
000000282,0
000000288,0
000000294,0
000000300,0
000000306,0
000000312,0
000000318,0
000000324,0
000000330,0
000000336,0
000000342,0
000000348,0
000000354,0
000000360,0
000000366,0
000000372,0
000000378,0
000000384,0
000000390,0
000000396,0
000000402,0
000000408,0
000000414,0
000000420,0
000000426,0
000000432,0
000000438,0
000000444,0
000000450,0
000000456,0
000000462,0
000000468,0
000000474,0
000000480,0
000000486,0
000000492,0
000000498,0
000000504,0
000000510,0
000000516,0
000000522,0
000000528,0
000000534,0
000000540,0
000000546,0
000000552,0
000000558,0
000000564,0
000000570,0
000000576,0
000000582,0
000000588,0
000000594,0
000000600,0
000000606,0
000000612,0
000000618,0
000000624,0
000000630,0
000000636,0
000000642,0
000000648,0
000000654,0
000000660,0
000000666,0
000000672,0
000000678,0
000000684,0
000000690,0
000000696,0
000000702,0
000000708,0
000000714,0
000000720,0
000000726,0
000000732,0
000000738,0
000000744,0
000000750,0
000000756,0
000000762,0
000000768,0
000000774,0
000000780,0
000000786,0
000000792,0
000000798,0
000000804,0
000000810,0
000000816,0
000000822,0
000000828,0
000000834,0
000000840,0
000000846,0
000000852,0
000000858,0
000000864,0
000000870,0
000000876,0
000000882,0
000000888,0
000000894,0
000000900,0
000000906,0
000000912,0
000000918,0
000000924,0
000000930,0
000000936,0
000000942,0
000000948,0
000000954,0
000000960,0
000000966,0
000000972,0
000000978,0
000000984,0
000000990,0
000000996,0
000001002,0
000001008,0
000001014,0
000001020,0
000001026,0
000001032,0
000001038,0
000001044,0
000001050,0
000001056,0
000001062,0
000001068,0
000001074,0
000001080,0
000001086,0
000001092,0
000001098,0
000001104,0
000001110,0
000001116,0
000001122,0
000001128,0
000001134,0
000001140,0
000001146,0
000001152,0
000001158,0
000001164,0
000001170,0
000001176,0
000001182,0
000001188,0
000001194,0
000001200,0
000001206,0
000001212,0
000001218,0
000001224,0
000001230,0
000001236,0
000001242,0
000001248,0
000001254,0
000001260,0
000001266,0
000001272,0
000001278,0
000001284,0
000001290,0
000001296,0
000001302,0
000001308,0
000001314,0
000001320,0
000001326,0
000001332,0
000001338,0
000001344,0
000001350,0
000001356,0
000001362,0
000001368,0
000001374,0
000001380,0
000001386,0
000001392,0
000001398,0
000001404,0
000001410,0
000001416,0
000001422,0
000001428,0
000001434,0
000001440,0
000001446,0
000001452,0
000001458,0
000001464,0
000001470,0
000001476,0
000001482,0
000001488,0
000001494,0
000001500,0
000001506,0
000001512,0
000001518,0
000001524,0
000001530,0
000001536,0
000001542,0
000001548,0
000001554,0
000001560,0
000001566,0
000001572,0
000001578,0
000001584,0
000001590,0
000001596,0
000001602,0
000001608,0
000001614,0
000001620,0
000001626,0
000001632,0
000001638,0
000001644,0
000001650,0
000001656,0
000001662,0
000001668,0
000001674,0
000001680,0
000001686,0
000001692,0
000001698,0
000001704,0
000001710,0
000001716,0
000001722,0
000001728,0
000001734,0
000001740,0
000001746,0
000001752,0
000001758,0
000001764,0
000001770,0
000001776,0
000001782,0
000001788,0
000001794,0
000001800,0
000001806,0
000001812,0
000001818,0
000001824,0
000001830,0
000001836,0
000001842,0
000001848,0
000001854,0
000001860,0
000001866,0
000001872,0
000001878,0
000001884,0
000001890,0
000001896,0
000001902,0
000001908,0
000001914,0
000001920,0
000001926,0
000001932,0
000001938,0
000001944,0
000001950,0
000001956,0
000001962,0
000001968,0
000001974,0
000001980,0
000001986,0
000001992,0
000001998,0
000002004,0
000002010,0
000002016,0
000002022,0
000002028,0
000002034,0
000002040,0
000002046,0
000002052,0
000002058,0
000002064,0
000002070,0
000002076,0
000002082,0
000002088,0
000002094,0
000002100,0
000002106,0
000002112,0
000002118,0
000002124,0
000002130,0
000002136,0
000002142,0
000002148,0
000002154,0
000002160,0
000002166,0
000002172,0
000002178,0
000002184,0
000002190,1
000002196,1
000002202,1
000002208,1
000002214,1
000002220,1
000002226,1
000002232,1
000002238,1
000002244,1
000002250,1
000002256,1
000002262,1
000002268,1
000002274,1
000002280,1
000002286,1
000002292,1
000002298,1
000002304,1
000002310,1
000002316,1
000002322,1
000002328,1
000002334,1
000002340,1
000002346,2
000002352,2
000002358,2
000002364,2
000002370,2
000002376,2
000002382,2
000002388,2
000002394,2
000002400,2
000002406,2
000002412,2
000002418,2
000002424,2
000002430,2
000002436,2
000002442,2
000002448,2
000002454,2
000002460,2
000002466,2
000002472,2
000002478,2
000002484,2
000002490,2
000002496,2
000002502,2
000002508,2
000002514,2
000002520,2
000002526,2
000002532,2
000002538,2
000002544,2
000002550,2
000002556,2
000002562,2
000002568,2
000002574,2
000002580,2
000002586,2
000002592,2
000002598,2
000002604,2
000002610,2
000002616,2
000002622,2
000002628,2
000002634,2
000002640,2
000002646,2
000002652,2
000002658,2
000002664,2
000002670,2
000002676,2
000002682,2
000002688,2
000002694,2
000002700,2
000002706,2
000002712,2
000002718,2
000002724,2
000002730,2
000002736,2
000002742,2
000002748,2
000002754,2
000002760,2
000002766,2
000002772,2
000002778,2
000002784,2
000002790,2
000002796,2
000002802,2
000002808,2
000002814,2
000002820,2
000002826,2
000002832,2
000002838,2
000002844,2
000002850,2
000002856,2
000002862,2
000002868,2
000002874,2
000002880,2
000002886,2
000002892,2
000002898,2
000002904,2
000002910,2
000002916,2
000002922,2
000002928,2
000002934,2
000002940,2
000002946,2
000002952,2
000002958,2
000002964,2
000002970,2
000002976,2
000002982,2
000002988,2
000002994,2
000003000,2
000003006,2
000003012,2
000003018,2
000003024,2
000003030,2
000003036,2
000003042,2
000003048,2
000003054,2
000003060,2
000003066,2
000003072,2
000003078,2
000003084,2
000003090,2
000003096,2
000003102,2
000003108,2
000003114,2
000003120,2
000003126,2
000003132,2
000003138,2
000003144,2
000003150,2
000003156,2
000003162,2
000003168,2
000003174,2
000003180,2
000003186,2
000003192,2
000003198,2
000003204,2
000003210,2
000003216,2
000003222,2
000003228,2
000003234,2
000003240,2
000003246,2
000003252,2
000003258,2
000003264,2
000003270,2
000003276,2
000003282,2
000003288,2
000003294,2
000003300,2
000003306,2
000003312,2
000003318,2
000003324,2
000003330,2
000003336,2
000003342,2
000003348,2
000003354,2
000003360,2
000003366,2
000003372,2
000003378,2
000003384,2
000003390,2
000003396,2
000003402,2
000003408,2
000003414,2
000003420,2
000003426,2
000003432,2
000003438,2
000003444,2
000003450,2
000003456,2
000003462,2
000003468,2
000003474,2
000003480,2
000003486,2
000003492,2
000003498,2
000003504,2
000003510,2
000003516,2
000003522,2
000003528,2
000003534,2
000003540,2
000003546,2
000003552,2
000003558,2
000003564,2
000003570,2
000003576,2
000003582,2
000003588,2
000003594,2
000003600,2
000003606,2
000003612,2
000003618,2
000003624,2
000003630,2
000003636,2
000003642,2
000003648,2
000003654,2
000003660,2
000003666,2
000003672,2
000003678,2
000003684,2
000003690,2
000003696,2
000003702,2
000003708,2
000003714,2
000003720,2
000003726,2
000003732,2
000003738,2
000003744,2
000003750,2
000003756,2
000003762,2
000003768,2
000003774,2
000003780,2
000003786,2
000003792,2
000003798,2
000003804,2
000003810,2
000003816,2
000003822,2
000003828,2
000003834,2
000003840,2
000003846,2
000003852,2
000003858,2
000003864,2
000003870,2
000003876,2
000003882,2
000003888,2
000003894,2
000003900,2
000003906,2
000003912,2
000003918,2
000003924,2
000003930,2
000003936,2
000003942,2
000003948,2
000003954,2
000003960,2
000003966,2
000003972,2
000003978,2
000003984,2
000003990,2
000003996,2
000004002,2
000004008,2
000004014,2
000004020,2
000004026,2
000004032,2
000004038,2
000004044,2
000004050,2
000004056,2
000004062,2
000004068,2
000004074,2
000004080,2
000004086,2
000004092,2
000004098,2
000004104,2
000004110,2
000004116,2
000004122,2
000004128,2
000004134,2
000004140,2
000004146,2
000004152,2
000004158,2
000004164,2
000004170,2
000004176,2
000004182,2
000004188,2
000004194,2
000004200,2
000004206,2
000004212,2
000004218,2
000004224,2
000004230,2
000004236,2
000004242,2
000004248,2
000004254,2
000004260,2
000004266,2
000004272,2
000004278,2
000004284,2
000004290,2
000004296,2
000004302,2
000004308,2
000004314,2
000004320,2
000004326,2
000004332,2
000004338,2
000004344,2
000004350,2
000004356,2
000004362,2
000004368,2
000004374,2
000004380,2
000004386,2
000004392,2
000004398,2
000004404,2
000004410,2
000004416,2
000004422,2
000004428,2
000004434,2
000004440,2
000004446,2
000004452,2
000004458,2
000004464,2
000004470,2
000004476,2
000004482,2
000004488,2
000004494,2
000004500,2
000004506,2
000004512,2
000004518,2
000004524,2
000004530,2
000004536,2
000004542,2
000004548,2
000004554,2
000004560,2
000004566,2
000004572,2
000004578,2
000004584,2
000004590,2
000004596,2
000004602,2
000004608,2
000004614,2
000004620,2
000004626,2
000004632,2
000004638,2
000004644,2
000004650,2
000004656,2
000004662,2
000004668,2
000004674,2
000004680,2
000004686,2
000004692,2
000004698,2
000004704,2
000004710,2
000004716,2
000004722,2
000004728,2
000004734,2
000004740,2
000004746,2
000004752,2
000004758,2
000004764,2
000004770,2
000004776,2
000004782,2
000004788,2
000004794,2
000004800,2
000004806,2
000004812,2
000004818,2
000004824,2
000004830,2
000004836,2
000004842,2
000004848,2
000004854,2
000004860,2
000004866,2
000004872,2
000004878,2
000004884,2
000004890,2
000004896,2
000004902,2
000004908,2
000004914,2
000004920,2
000004926,2
000004932,2
000004938,2
000004944,2
000004950,2
000004956,2
000004962,2
000004968,2
000004974,2
000004980,2
000004986,2
000004992,2
000004998,2
000005004,2
000005010,2
000005016,2
000005022,2
000005028,2
000005034,2
000005040,2
000005046,2
000005052,2
000005058,2
000005064,2
000005070,2
000005076,2
000005082,2
000005088,2
000005094,2
000005100,2
000005106,2
000005112,2
000005118,2
000005124,2
000005130,2
000005136,2
000005142,2
000005148,2
000005154,2
000005160,2
000005166,2
000005172,2
000005178,2
000005184,2
000005190,2
000005196,2
000005202,2
000005208,2
000005214,2
000005220,2
000005226,2
000005232,3
000005238,3
000005244,3
000005250,3
000005256,3
000005262,3
000005268,3
000005274,3
000005280,3
000005286,3
000005292,3
000005298,3
000005304,3
000005310,3
000005316,3
000005322,3
000005328,3
000005334,3
000005340,3
000005346,3
000005352,3
000005358,3
000005364,3
000005370,3
000005376,3
000005382,3
000005388,3
000005394,3
000005400,3
000005406,3
000005412,3
000005418,3
000005424,3
000005430,3
000005436,3
000005442,3
000005448,3
000005454,3
000005460,3
000005466,3
000005472,3
000005478,3
000005484,3
000005490,3
000005496,3
000005502,3
000005508,3
000005514,3
000005520,3
000005526,3
000005532,3
000005538,3
000005544,3
000005550,3
000005556,3
000005562,3
000005568,3
000005574,3
000005580,3
000005586,3
000005592,3
000005598,3
000005604,3
000005610,3
000005616,3
000005622,3
000005628,3
000005634,3
000005640,3
000005646,3
000005652,3
000005658,3
000005664,3
000005670,3
000005676,3
000005682,3
000005688,3
000005694,3
000005700,3
000005706,3
000005712,3
000005718,3
000005724,3
000005730,3
000005736,3
000005742,3
000005748,3
000005754,3
000005760,3
000005766,3
000005772,3
000005778,3
000005784,3
000005790,3
000005796,3
000005802,3
000005808,3
000005814,3
000005820,3
000005826,3
000005832,4
000005838,4
000005844,4
000005850,4
000005856,4
000005862,4
000005868,4
000005874,4
000005880,4
000005886,4
000005892,4
000005898,4
000005904,4
000005910,4
000005916,4
000005922,4
000005928,4
000005934,4
000005940,4
000005946,4
000005952,4
000005958,4
000005964,4
000005970,4
000005976,4
000005982,4
000005988,4
000005994,0
000006000,0
000006006,0
000006012,0
000006018,0
000006024,0
000006030,0
000006036,0
000006042,0
000006048,0
000006054,0
000006060,0
000006066,0
000006072,0
000006078,0
000006084,0
000006090,0
000006096,0
000006102,0
000006108,0
000006114,0
000006120,0
000006126,0
000006132,0
000006138,0
000006144,0
000006150,0
000006156,0
000006162,0
000006168,0
000006174,0
000006180,0
000006186,0
000006192,0
000006198,0
000006204,0
000006210,0
000006216,0
000006222,0
000006228,0
000006234,0
000006240,0
000006246,0
000006252,0
000006258,0
000006264,0
000006270,0
000006276,0
000006282,0
000006288,0
000006294,0
000006300,0
000006306,0
000006312,0
000006318,0
000006324,0
000006330,0
000006336,0
000006342,0
000006348,0
000006354,0
000006360,0
000006366,0
000006372,0
000006378,0
000006384,0
000006390,0
000006396,0
000006402,0
000006408,0
000006414,0
000006420,0
000006426,0
000006432,0
000006438,0
000006444,0
000006450,0
000006456,0
000006462,0
000006468,0
000006474,0
000006480,0
000006486,0
000006492,0
000006498,0
000006504,0
000006510,0
000006516,0
000006522,0
000006528,0
000006534,0
000006540,0
000006546,0
000006552,0
000006558,0
000006564,0
000006570,0
000006576,0
000006582,0
000006588,0
000006594,0
000006600,0
000006606,0
000006612,0
000006618,0
000006624,0
000006630,0
000006636,0
000006642,0
000006648,0
000006654,0
000006660,0
000006666,0
000006672,4
000006678,4
000006684,4
000006690,4
000006696,4
000006702,4
000006708,4
000006714,4
000006720,4
000006726,4
000006732,4
000006738,4
000006744,4
000006750,4
000006756,4
000006762,4
000006768,4
000006774,4
000006780,4
000006786,4
000006792,4
000006798,4
000006804,4
000006810,4
000006816,2
000006822,2
000006828,2
000006834,2
000006840,2
000006846,2
000006852,2
000006858,2
000006864,2
000006870,2
000006876,2
000006882,2
000006888,2
000006894,2
000006900,2
000006906,2
000006912,2
000006918,2
000006924,2
000006930,2
000006936,2
000006942,2
000006948,2
000006954,2
000006960,2
000006966,2
000006972,2
000006978,2
000006984,2
000006990,2
000006996,2
000007002,2
000007008,2
000007014,2
000007020,2
000007026,2
000007032,2
000007038,2
000007044,2
000007050,2
000007056,2
000007062,2
000007068,2
000007074,2
000007080,2
000007086,2
000007092,2
000007098,2
000007104,2
000007110,2
000007116,2
000007122,2
000007128,2
000007134,2
000007140,2
000007146,2
000007152,2
000007158,2
000007164,2
000007170,2
000007176,2
000007182,2
000007188,2
000007194,2
000007200,2
000007206,2
000007212,2
000007218,2
000007224,2
000007230,2
000007236,2
000007242,2
000007248,2
000007254,2
000007260,2
000007266,2
000007272,2
000007278,2
000007284,2
000007290,2
000007296,2
000007302,2
000007308,2
000007314,2
000007320,2
000007326,2
000007332,2
000007338,2
000007344,2
000007350,2
000007356,2
000007362,2
000007368,2
000007374,2
000007380,2
000007386,2
000007392,2
000007398,2
000007404,2
000007410,2
000007416,2
000007422,2
000007428,2
000007434,2
000007440,2
000007446,2
000007452,2
000007458,2
000007464,2
000007470,2
000007476,2
000007482,2
000007488,2
000007494,2
000007500,2
000007506,2
000007512,2
000007518,2
000007524,2
000007530,2
000007536,2
000007542,2
000007548,2
000007554,2
000007560,2
000007566,2
000007572,2
000007578,2
000007584,2
000007590,2
000007596,2
000007602,2
000007608,2
000007614,2
000007620,2
000007626,2
000007632,2
000007638,2
000007644,2
000007650,2
000007656,2
000007662,2
000007668,2
000007674,2
000007680,2
000007686,2
000007692,2
000007698,2
000007704,2
000007710,2
000007716,2
000007722,2
000007728,2
000007734,3
000007740,3
000007746,3
000007752,3
000007758,3
000007764,3
000007770,3
000007776,3
000007782,3
000007788,3
000007794,3
000007800,3
000007806,3
000007812,3
000007818,3
000007824,3
000007830,3
000007836,3
000007842,3
000007848,3
000007854,3
000007860,3
000007866,3
000007872,3
000007878,3
000007884,3
000007890,3
000007896,3
000007902,3
000007908,3
000007914,3
000007920,3
000007926,3
000007932,3
000007938,3
000007944,3
000007950,3
000007956,3
000007962,3
000007968,3
000007974,3
000007980,3
000007986,3
000007992,3
000007998,3
000008004,3
000008010,3
000008016,3
000008022,3
000008028,3
000008034,3
000008040,3
000008046,3
000008052,3
000008058,3
000008064,3
000008070,3
000008076,3
000008082,3
000008088,3
000008094,3
000008100,3
000008106,3
000008112,3
000008118,3
000008124,3
000008130,3
000008136,3
000008142,3
000008148,3
000008154,3
000008160,3
000008166,3
000008172,3
000008178,3
000008184,3
000008190,3
000008196,3
000008202,3
000008208,3
000008214,3
000008220,3
000008226,3
000008232,3
000008238,3
000008244,3
000008250,3
000008256,3
000008262,3
000008268,3
000008274,3
000008280,3
000008286,3
000008292,3
000008298,3
000008304,3
000008310,3
000008316,3
000008322,3
000008328,3
000008334,3
000008340,3
000008346,3
000008352,3
000008358,3
000008364,3
000008370,3
000008376,3
000008382,3
000008388,3
000008394,3
000008400,3
000008406,3
000008412,3
000008418,3
000008424,3
000008430,3
000008436,3
000008442,3
000008448,3
000008454,3
000008460,3
000008466,3
000008472,3
000008478,3
000008484,3
000008490,3
000008496,3
000008502,3
000008508,3
000008514,3
000008520,3
000008526,3
000008532,3
000008538,3
000008544,3
000008550,3
000008556,3
000008562,3
000008568,3
000008574,3
000008580,3
000008586,3
000008592,3
000008598,3
000008604,3
000008610,3
000008616,4
000008622,4
000008628,4
000008634,4
000008640,4
000008646,4
000008652,4
000008658,4
000008664,4
000008670,4
000008676,4
000008682,4
000008688,4
000008694,4
000008700,4
000008706,4
000008712,4
000008718,4
000008724,4
000008730,4
000008736,4
000008742,4
000008748,4
000008754,4
000008760,4
000008766,4
000008772,4
000008778,4
000008784,4
000008790,4
000008796,4
000008802,4
000008808,4
000008814,4
000008820,4
000008826,4
000008832,4
000008838,4
000008844,4
000008850,4
000008856,4
000008862,4
000008868,4
000008874,4
000008880,4
000008886,4
000008892,4
000008898,4
000008904,4
000008910,4
000008916,4
000008922,4
000008928,4
000008934,4
000008940,4
000008946,4
000008952,4
000008958,4
000008964,4
000008970,4
000008976,4
000008982,4
000008988,4
000008994,4
000009000,4
000009006,4
000009012,4
000009018,4
000009024,4
000009030,4
000009036,4
000009042,4
000009048,4
000009054,4
000009060,4
000009066,4
000009072,4
000009078,4
000009084,4
000009090,4
000009096,4
000009102,4
000009108,4
000009114,4
000009120,4
000009126,4
000009132,4
000009138,4
000009144,4
000009150,4
000009156,4
000009162,4
000009168,4
000009174,4
000009180,4
000009186,4
000009192,4
000009198,4
000009204,4
000009210,4
000009216,4
000009222,4
000009228,4
000009234,4
000009240,4
000009246,4
000009252,4
000009258,4
000009264,4
000009270,4
000009276,4
000009282,4
000009288,4
000009294,4
000009300,4
000009306,4
000009312,4
000009318,4
000009324,4
000009330,4
000009336,4
000009342,4
000009348,4
000009354,4
000009360,4
000009366,4
000009372,4
000009378,4
000009384,4
000009390,4
000009396,4
000009402,4
000009408,4
000009414,4
000009420,4
000009426,4
000009432,4
000009438,4
000009444,4
000009450,4
000009456,4
000009462,4
000009468,4
000009474,4
000009480,4
000009486,4
000009492,4
000009498,4
000009504,4
000009510,4
000009516,4
000009522,4
000009528,4
000009534,4
000009540,4
000009546,4
000009552,4
000009558,4
000009564,4
000009570,4
000009576,4
000009582,4
000009588,4
000009594,1
000009600,1
000009606,1
000009612,1
000009618,1
000009624,1
000009630,1
000009636,1
000009642,1
000009648,1
000009654,1
000009660,1
000009666,1
000009672,1
000009678,1
000009684,1
000009690,1
000009696,1
000009702,1
000009708,1
000009714,1
000009720,1
000009726,1
000009732,1
000009738,1
000009744,1
000009750,1
000009756,1
000009762,1
000009768,1
000009774,1
000009780,1
000009786,1
000009792,1
000009798,1
000009804,1
000009810,1
000009816,1
000009822,1
000009828,1
000009834,1
000009840,1
000009846,1
000009852,1
000009858,1
000009864,1
000009870,1
000009876,1
000009882,1
000009888,1
000009894,1
000009900,1
000009906,1
000009912,1
000009918,1
000009924,1
000009930,1
000009936,1
000009942,0
000009948,0
000009954,0
000009960,0
000009966,0
000009972,0
000009978,0
000009984,0
000009990,0
000009996,0
000010002,0
000010008,0
000010014,0
000010020,0
000010026,0
000010032,0
000010038,0
000010044,0
000010050,0
000010056,0
000010062,0
000010068,0
000010074,0
000010080,0
000010086,0
000010092,0
000010098,0
000010104,0
000010110,0
000010116,0
000010122,0
000010128,0
000010134,0
000010140,0
000010146,0
000010152,0
000010158,0
000010164,0
000010170,0
000010176,0
000010182,0
000010188,0
000010194,0
000010200,0
000010206,0
000010212,0
000010218,0
000010224,0
000010230,0
000010236,0
000010242,0
000010248,0
000010254,0
000010260,0
000010266,0
000010272,0
000010278,0
000010284,1
000010290,1
000010296,1
000010302,1
000010308,1
000010314,1
000010320,1
000010326,1
000010332,1
000010338,1
000010344,1
000010350,1
000010356,1
000010362,1
000010368,1
000010374,1
000010380,1
000010386,1
000010392,1
000010398,1
000010404,1
000010410,1
000010416,1
000010422,1
000010428,1
000010434,1
000010440,1
000010446,1
000010452,1
000010458,1
000010464,1
000010470,1
000010476,1
000010482,1
000010488,1
000010494,1
000010500,1
000010506,1
000010512,1
000010518,1
000010524,1
000010530,1
000010536,1
000010542,1
000010548,1
000010554,1
000010560,1
000010566,1
000010572,1
000010578,1
000010584,1
000010590,1
000010596,1
000010602,1
000010608,1
000010614,1
000010620,1
000010626,1
000010632,1
000010638,1
000010644,1
000010650,1
000010656,1
000010662,1
000010668,1
000010674,1
000010680,1
000010686,1
000010692,1
000010698,1
000010704,1
000010710,1
000010716,1
000010722,1
000010728,1
000010734,1
000010740,1
000010746,1
000010752,1
000010758,1
000010764,1
000010770,1
000010776,1
000010782,1
000010788,1
000010794,2
000010800,2
000010806,2
000010812,2
000010818,2
000010824,2
000010830,2
000010836,2
000010842,2
000010848,2
000010854,2
000010860,2
000010866,2
000010872,2
000010878,2
000010884,2
000010890,2
000010896,2
000010902,2
000010908,2
000010914,2
000010920,2
000010926,2
000010932,2
000010938,2
000010944,2
000010950,2
000010956,2
000010962,2
000010968,2
000010974,2
000010980,2
000010986,2
000010992,2
000010998,2
000011004,2
000011010,2
000011016,2
000011022,2
000011028,2
000011034,2
000011040,2
000011046,2
000011052,2
000011058,2
000011064,2
000011070,2
000011076,2
000011082,2
000011088,2
000011094,2
000011100,2
000011106,2
000011112,2
000011118,2
000011124,2
000011130,2
000011136,2
000011142,2
000011148,2
000011154,2
000011160,2
000011166,2
000011172,2
000011178,2
000011184,2
000011190,2
000011196,2
000011202,2
000011208,2
000011214,2
000011220,2
000011226,2
000011232,2
000011238,2
000011244,2
000011250,2
000011256,2
000011262,2
000011268,2
000011274,2
000011280,2
000011286,2
000011292,2
000011298,2
000011304,2
000011310,2
000011316,2
000011322,2
000011328,2
000011334,2
000011340,2
000011346,2
000011352,3
000011358,3
000011364,3
000011370,3
000011376,3
000011382,3
000011388,3
000011394,3
000011400,3
000011406,3
000011412,3
000011418,3
000011424,3
000011430,3
000011436,3
000011442,3
000011448,3
000011454,3
000011460,3
000011466,3
000011472,3
000011478,3
000011484,3
000011490,3
000011496,3
000011502,3
000011508,3
000011514,3
000011520,3
000011526,3
000011532,3
000011538,3
000011544,3
000011550,3
000011556,3
000011562,3
000011568,3
000011574,3
000011580,3
000011586,3
000011592,3
000011598,3
000011604,3
000011610,3
000011616,3
000011622,3
000011628,3
000011634,3
000011640,3
000011646,3
000011652,3
000011658,3
000011664,3
000011670,3
000011676,3
000011682,3
000011688,3
000011694,3
000011700,3
000011706,3
000011712,3
000011718,3
000011724,3
000011730,3
000011736,3
000011742,3
000011748,3
000011754,3
000011760,3
000011766,3
000011772,3
000011778,3
000011784,3
000011790,3
000011796,3
000011802,3
000011808,3
000011814,3
000011820,3
000011826,3
000011832,3
000011838,3
000011844,3
000011850,3
000011856,3
000011862,3
000011868,3
000011874,3
000011880,3
000011886,3
000011892,3
000011898,3
000011904,3
000011910,3
000011916,3
000011922,3
000011928,3
000011934,3
000011940,3
000011946,3
000011952,4
000011958,4
000011964,4
000011970,4
000011976,4
000011982,4
000011988,4
000011994,4
000012000,4
000012006,4
000012012,4
000012018,4
000012024,4
000012030,4
000012036,4
000012042,4
000012048,4
000012054,4
000012060,4
000012066,4
000012072,4
000012078,4
000012084,4
000012090,4
000012096,4
000012102,4
000012108,4
000012114,4
000012120,4
000012126,4
000012132,4
000012138,4
000012144,4
000012150,4
000012156,4
000012162,4
000012168,4
000012174,4
000012180,4
000012186,4
000012192,4
000012198,4
000012204,4
000012210,4
000012216,4
000012222,4
000012228,4
000012234,4
000012240,4
000012246,4
000012252,4
000012258,4
000012264,4
000012270,4
000012276,4
000012282,4
000012288,4
000012294,4
000012300,4
000012306,4
000012312,4
000012318,4
000012324,4
000012330,4
000012336,4
000012342,4
000012348,4
000012354,4
000012360,4
000012366,4
000012372,4
000012378,4
000012384,4
000012390,4
000012396,4
000012402,4
000012408,4
000012414,4
000012420,4
000012426,4
000012432,4
000012438,4
000012444,4
000012450,4
000012456,4
000012462,4
000012468,4
000012474,4
000012480,4
000012486,4
000012492,4
000012498,4
000012504,4
000012510,4
000012516,4
000012522,4
000012528,4
000012534,4
000012540,4
000012546,4
000012552,4
000012558,4
000012564,4
000012570,4
000012576,4
000012582,4
000012588,4
000012594,4
000012600,4
000012606,4
000012612,4
000012618,4
000012624,4
000012630,4
000012636,4
000012642,4
000012648,4
000012654,4
000012660,4
000012666,4
000012672,4
000012678,4
000012684,4
000012690,4
000012696,4
000012702,4
000012708,4
000012714,4
000012720,4
000012726,4
000012732,4
000012738,2
000012744,2
000012750,2
000012756,2
000012762,2
000012768,2
000012774,2
000012780,2
000012786,2
000012792,2
000012798,2
000012804,2
000012810,2
000012816,2
000012822,2
000012828,2
000012834,2
000012840,2
000012846,2
000012852,2
000012858,2
000012864,2
000012870,2
000012876,2
000012882,2
000012888,2
000012894,2
000012900,2
000012906,2
000012912,2
000012918,2
000012924,2
000012930,2
000012936,2
000012942,2
000012948,2
000012954,2
000012960,2
000012966,2
000012972,2
000012978,2
000012984,2
000012990,2
000012996,2
000013002,2
000013008,2
000013014,2
000013020,2
000013026,2
000013032,2
000013038,2
000013044,2
000013050,2
000013056,2
000013062,2
000013068,2
000013074,2
000013080,2
000013086,2
000013092,2
000013098,2
000013104,2
000013110,2
000013116,2
000013122,2
000013128,2
000013134,2
000013140,2
000013146,2
000013152,2
000013158,2
000013164,2
000013170,2
000013176,2
000013182,2
000013188,2
000013194,2
000013200,2
000013206,2
000013212,2
000013218,3
000013224,3
000013230,3
000013236,3
000013242,3
000013248,3
000013254,3
000013260,3
000013266,3
000013272,3
000013278,3
000013284,3
000013290,3
000013296,3
000013302,3
000013308,3
000013314,3
000013320,3
000013326,3
000013332,3
000013338,3
000013344,3
000013350,3
000013356,3
000013362,3
000013368,3
000013374,3
000013380,3
000013386,3
000013392,3
000013398,3
000013404,3
000013410,3
000013416,3
000013422,3
000013428,3
000013434,3
000013440,3
000013446,3
000013452,3
000013458,3
000013464,3
000013470,3
000013476,3
000013482,3
000013488,3
000013494,3
000013500,3
000013506,3
000013512,3
000013518,3
000013524,3
000013530,3
000013536,3
000013542,3
000013548,3
000013554,3
000013560,3
000013566,3
000013572,3
000013578,3
000013584,3
000013590,3
000013596,3
000013602,3
000013608,3
000013614,3
000013620,3
000013626,3
000013632,3
000013638,3
000013644,3
000013650,3
000013656,3
000013662,3
000013668,3
000013674,3
000013680,3
000013686,3
000013692,3
000013698,3
000013704,3
000013710,3
000013716,3
000013722,3
000013728,3
000013734,3
000013740,3
000013746,3
000013752,3
000013758,3
000013764,3
000013770,3
000013776,3
000013782,3
000013788,3
000013794,3
000013800,4
000013806,4
000013812,4
000013818,4
000013824,4
000013830,4
000013836,4
000013842,4
000013848,4
000013854,4
000013860,4
000013866,4
000013872,4
000013878,4
000013884,4
000013890,4
000013896,4
000013902,4
000013908,4
000013914,4
000013920,4
000013926,4
000013932,4
000013938,4
000013944,4
000013950,4
000013956,4
000013962,4
000013968,4
000013974,4
000013980,4
000013986,4
000013992,4
000013998,4
000014004,4
000014010,4
000014016,4
000014022,4
000014028,4
000014034,4
000014040,4
000014046,4
000014052,4
000014058,4
000014064,4
000014070,4
000014076,4
000014082,4
000014088,4
000014094,4
000014100,4
000014106,4
000014112,4
000014118,4
000014124,4
000014130,4
000014136,4
000014142,4
000014148,4
000014154,4
000014160,4
000014166,4
000014172,4
000014178,4
000014184,4
000014190,4
000014196,4
000014202,4
000014208,4
000014214,4
000014220,4
000014226,4
000014232,4
000014238,4
000014244,4
000014250,4
000014256,4
000014262,4
000014268,4
000014274,4
000014280,4
000014286,4
000014292,4
000014298,4
000014304,4
000014310,4
000014316,4
000014322,4
000014328,4
000014334,4
000014340,4
000014346,4
000014352,4
000014358,4
000014364,4
000014370,4
000014376,4
000014382,4
000014388,4
000014394,4
000014400,4
000014406,4
000014412,4
000014418,4
000014424,4
000014430,4
000014436,4
000014442,4
000014448,4
000014454,4
000014460,4
000014466,4
000014472,4
000014478,4
000014484,4
000014490,1
000014496,1
000014502,1
000014508,1
000014514,1
000014520,1
000014526,1
000014532,1
000014538,1
000014544,1
000014550,1
000014556,1
000014562,1
000014568,1
000014574,1
000014580,1
000014586,1
000014592,1
000014598,1
000014604,1
000014610,1
000014616,1
000014622,1
000014628,1
000014634,1
000014640,1
000014646,1
000014652,1
000014658,1
000014664,1
000014670,1
000014676,1
000014682,1
000014688,1
000014694,1
000014700,1
000014706,1
000014712,1
000014718,1
000014724,1
000014730,1
000014736,1
000014742,2
000014748,2
000014754,2
000014760,2
000014766,2
000014772,2
000014778,2
000014784,2
000014790,2
000014796,2
000014802,2
000014808,2
000014814,2
000014820,2
000014826,2
000014832,2
000014838,2
000014844,2
000014850,2
000014856,2
000014862,2
000014868,2
000014874,2
000014880,2
000014886,2
000014892,2
000014898,2
000014904,2
000014910,2
000014916,2
000014922,2
000014928,2
000014934,2
000014940,2
000014946,2
000014952,2
000014958,2
000014964,2
000014970,2
000014976,2
000014982,2
000014988,2
000014994,2
000015000,2
000015006,2
000015012,2
000015018,2
000015024,2
000015030,2
000015036,2
000015042,2
000015048,2
000015054,2
000015060,2
000015066,2
000015072,2
000015078,2
000015084,2
000015090,2
000015096,2
000015102,2
000015108,2
000015114,2
000015120,2
000015126,2
000015132,2
000015138,2
000015144,2
000015150,2
000015156,2
000015162,2
000015168,2
000015174,2
000015180,2
000015186,2
000015192,2
000015198,0
000015204,0
000015210,0
000015216,0
000015222,0
000015228,0
000015234,0
000015240,0
000015246,0
000015252,0
000015258,0
000015264,0
000015270,0
000015276,0
000015282,0
000015288,0
000015294,0
000015300,0
000015306,0
000015312,0
000015318,0
000015324,0
000015330,0
000015336,0
000015342,0
000015348,0
000015354,0
000015360,0
000015366,0
000015372,0
000015378,0
000015384,0
000015390,0
000015396,0
000015402,0
000015408,0
000015414,0
000015420,0
000015426,0
000015432,0
000015438,0
000015444,0
000015450,0
000015456,0
000015462,0
000015468,0
000015474,0
000015480,0
000015486,0
000015492,0
000015498,0
000015504,0
000015510,0
000015516,0
000015522,0
000015528,0
000015534,0
000015540,0
000015546,0
000015552,0
000015558,0
000015564,0
000015570,0
000015576,0
000015582,0
000015588,0
000015594,0
000015600,0
000015606,0
000015612,0
000015618,0
000015624,0
000015630,0
000015636,0
000015642,0
000015648,0
000015654,0
000015660,0
000015666,0
000015672,0
000015678,0
000015684,0
000015690,0
000015696,0
000015702,0
000015708,0
000015714,0
000015720,0
000015726,0
000015732,0
000015738,0
000015744,0
000015750,0
000015756,0
000015762,0
000015768,0
000015774,0
000015780,0
000015786,0
000015792,0
000015798,0
000015804,0
000015810,0
000015816,0
000015822,0
000015828,0
000015834,0
000015840,0
000015846,0
000015852,0
000015858,0
000015864,0
000015870,0
000015876,0
000015882,0
000015888,0
000015894,0
000015900,0
000015906,0
000015912,0
000015918,0
000015924,0
000015930,0
000015936,0
000015942,0
000015948,0
000015954,0
000015960,0
000015966,0
000015972,0
000015978,0
000015984,0
000015990,0
000015996,0
000016002,0
000016008,0
000016014,0
000016020,2
000016026,2
000016032,2
000016038,2
000016044,2
000016050,2
000016056,2
000016062,2
000016068,2
000016074,2
000016080,2
000016086,2
000016092,2
000016098,2
000016104,2
000016110,2
000016116,2
000016122,2
000016128,2
000016134,2
000016140,2
000016146,2
000016152,2
000016158,2
000016164,2
000016170,2
000016176,2
000016182,2
000016188,2
000016194,2
000016200,2
000016206,2
000016212,2
000016218,2
000016224,2
000016230,2
000016236,2
000016242,2
000016248,2
000016254,2
000016260,2
000016266,2
000016272,2
000016278,2
000016284,2
000016290,2
000016296,2
000016302,2
000016308,2
000016314,2
000016320,2
000016326,3
000016332,3
000016338,3
000016344,3
000016350,3
000016356,3
000016362,3
000016368,3
000016374,3
000016380,3
000016386,3
000016392,3
000016398,3
000016404,3
000016410,3
000016416,3
000016422,3
000016428,3
000016434,3
000016440,3
000016446,3
000016452,3
000016458,3
000016464,3
000016470,3
000016476,3
000016482,3
000016488,3
000016494,3
000016500,3
000016506,3
000016512,3
000016518,3
000016524,3
000016530,3
000016536,3
000016542,3
000016548,3
000016554,3
000016560,3
000016566,3
000016572,3
000016578,3
000016584,3
000016590,3
000016596,3
000016602,3
000016608,3
000016614,3
000016620,3
000016626,3
000016632,3
000016638,3
000016644,3
000016650,3
000016656,3
000016662,3
000016668,3
000016674,3
000016680,3
000016686,3
000016692,3
000016698,3
000016704,3
000016710,3
000016716,3
000016722,3
000016728,3
000016734,3
000016740,3
000016746,3
000016752,3
000016758,3
000016764,3
000016770,3
000016776,3
000016782,3
000016788,3
000016794,3
000016800,3
000016806,3
000016812,3
000016818,3
000016824,3
000016830,3
000016836,3
000016842,3
000016848,3
000016854,3
000016860,3
000016866,3
000016872,3
000016878,3
000016884,3
000016890,3
000016896,3
000016902,3
000016908,3
000016914,3
000016920,4
000016926,4
000016932,4
000016938,4
000016944,4
000016950,4
000016956,4
000016962,4
000016968,4
000016974,4
000016980,4
000016986,4
000016992,4
000016998,4
000017004,4
000017010,4
000017016,4
000017022,4
000017028,4
000017034,4
000017040,4
000017046,4
000017052,4
000017058,4
000017064,4
000017070,4
000017076,4
000017082,4
000017088,4
000017094,4
000017100,4
000017106,4
000017112,4
000017118,4
000017124,4
000017130,4
000017136,4
000017142,4
000017148,4
000017154,4
000017160,4
000017166,4
000017172,4
000017178,4
000017184,4
000017190,4
000017196,4
000017202,4
000017208,4
000017214,4
000017220,4
000017226,4
000017232,4
000017238,4
000017244,4
000017250,4
000017256,4
000017262,4
000017268,4
000017274,4
000017280,4
000017286,4
000017292,4
000017298,4
000017304,4
000017310,4
000017316,4
000017322,4
000017328,4
000017334,4
000017340,4
000017346,4
000017352,4
000017358,4
000017364,4
000017370,4
000017376,4
000017382,4
000017388,4
000017394,4
000017400,4
000017406,4
000017412,4
000017418,4
000017424,4
000017430,4
000017436,4
000017442,4
000017448,4
000017454,4
000017460,4
000017466,4
000017472,4
000017478,4
000017484,4
000017490,4
000017496,4
000017502,4
000017508,4
000017514,4
000017520,4
000017526,4
000017532,4
000017538,4
000017544,4
000017550,4
000017556,4
000017562,4
000017568,4
000017574,4
000017580,4
000017586,4
000017592,4
000017598,4
000017604,4
000017610,4
000017616,4
000017622,4
000017628,4
000017634,4
000017640,4
000017646,1
000017652,1
000017658,1
000017664,1
000017670,1
000017676,1
000017682,1
000017688,1
000017694,1
000017700,1
000017706,1
000017712,1
000017718,1
000017724,1
000017730,1
000017736,1
000017742,1
000017748,1
000017754,1
000017760,1
000017766,1
000017772,1
000017778,1
000017784,1
000017790,1
000017796,1
000017802,1
000017808,1
000017814,1
000017820,1
000017826,1
000017832,1
000017838,1
000017844,1
000017850,1
000017856,1
000017862,1
000017868,1
000017874,1
000017880,1
000017886,1
000017892,1
000017898,1
000017904,1
000017910,1
000017916,1
000017922,1
000017928,1
000017934,1
000017940,1
000017946,1
000017952,1
000017958,1
000017964,1
000017970,1
000017976,1
000017982,1
000017988,1
000017994,1
000018000,1
000018006,1
000018012,1
000018018,1
000018024,1
000018030,1
000018036,1
000018042,1
000018048,1
000018054,1
000018060,1
000018066,2
000018072,2
000018078,2
000018084,2
000018090,2
000018096,2
000018102,2
000018108,2
000018114,2
000018120,2
000018126,2
000018132,2
000018138,2
000018144,2
000018150,2
000018156,2
000018162,2
000018168,2
000018174,2
000018180,2
000018186,2
000018192,2
000018198,2
000018204,2
000018210,2
000018216,2
000018222,2
000018228,2
000018234,2
000018240,2
000018246,2
000018252,2
000018258,2
000018264,2
000018270,2
000018276,2
000018282,2
000018288,2
000018294,2
000018300,2
000018306,2
000018312,2
000018318,2
000018324,2
000018330,2
000018336,2
000018342,2
000018348,2
000018354,2
000018360,2
000018366,2
000018372,2
000018378,2
000018384,2
000018390,2
000018396,2
000018402,2
000018408,2
000018414,2
000018420,2
000018426,2
000018432,2
000018438,2
000018444,2
000018450,2
000018456,2
000018462,2
000018468,2
000018474,2
000018480,2
000018486,2
000018492,2
000018498,2
000018504,2
000018510,2
000018516,2
000018522,2
000018528,2
000018534,2
000018540,2
000018546,2
000018552,2
000018558,2
000018564,2
000018570,2
000018576,2
000018582,2
000018588,2
000018594,2
000018600,2
000018606,2
000018612,2
000018618,2
000018624,2
000018630,2
000018636,2
000018642,2
000018648,2
000018654,2
000018660,2
000018666,2
000018672,2
000018678,2
000018684,2
000018690,2
000018696,2
000018702,2
000018708,2
000018714,2
000018720,2
000018726,2
000018732,2
000018738,2
000018744,2
000018750,2
000018756,2
000018762,2
000018768,2
000018774,2
000018780,2
000018786,2
000018792,2
000018798,2
000018804,2
000018810,2
000018816,2
000018822,2
000018828,2
000018834,2
000018840,2
000018846,2
000018852,2
000018858,3
000018864,3
000018870,3
000018876,3
000018882,3
000018888,3
000018894,3
000018900,3
000018906,3
000018912,3
000018918,3
000018924,3
000018930,3
000018936,3
000018942,3
000018948,3
000018954,3
000018960,3
000018966,3
000018972,3
000018978,3
000018984,3
000018990,3
000018996,3
000019002,3
000019008,3
000019014,3
000019020,3
000019026,3
000019032,3
000019038,3
000019044,3
000019050,3
000019056,3
000019062,3
000019068,3
000019074,3
000019080,3
000019086,3
000019092,3
000019098,3
000019104,3
000019110,3
000019116,3
000019122,3
000019128,3
000019134,3
000019140,3
000019146,3
000019152,3
000019158,3
000019164,3
000019170,3
000019176,3
000019182,3
000019188,3
000019194,3
000019200,3
000019206,3
000019212,3
000019218,3
000019224,3
000019230,3
000019236,3
000019242,3
000019248,3
000019254,3
000019260,3
000019266,3
000019272,3
000019278,3
000019284,3
000019290,3
000019296,3
000019302,3
000019308,3
000019314,3
000019320,3
000019326,3
000019332,3
000019338,3
000019344,3
000019350,3
000019356,3
000019362,3
000019368,3
000019374,3
000019380,3
000019386,3
000019392,3
000019398,3
000019404,3
000019410,3
000019416,3
000019422,3
000019428,3
000019434,3
000019440,3
000019446,3
000019452,3
000019458,3
000019464,3
000019470,3
000019476,3
000019482,3
000019488,3
000019494,3
000019500,3
000019506,3
000019512,3
000019518,3
000019524,3
000019530,3
000019536,3
000019542,3
000019548,3
000019554,3
000019560,3
000019566,3
000019572,3
000019578,3
000019584,3
000019590,3
000019596,3
000019602,3
000019608,3
000019614,3
000019620,3
000019626,3
000019632,3
000019638,3
000019644,3
000019650,3
000019656,3
000019662,3
000019668,3
000019674,3
000019680,3
000019686,3
000019692,3
000019698,3
000019704,3
000019710,3
000019716,3
000019722,3
000019728,3
000019734,3
000019740,3
000019746,3
000019752,3
000019758,3
000019764,3
000019770,3
000019776,3
000019782,3
000019788,3
000019794,3
000019800,3
000019806,3
000019812,3
000019818,3
000019824,3
000019830,3
000019836,3
000019842,3
000019848,3
000019854,3
000019860,3
000019866,3
000019872,3
000019878,3
000019884,3
000019890,3
000019896,3
000019902,3
000019908,3
000019914,3
000019920,3
000019926,3
000019932,3
000019938,3
000019944,3
000019950,3
000019956,3
000019962,3
000019968,3
000019974,3
000019980,3
000019986,3
000019992,3
000019998,3
000020004,3
000020010,3
000020016,3
000020022,3
000020028,3
000020034,3
000020040,3
000020046,3
000020052,3
000020058,3
000020064,3
000020070,3
000020076,3
000020082,3
000020088,3
000020094,3
000020100,3
000020106,3
000020112,3
000020118,3
000020124,3
000020130,4
000020136,4
000020142,4
000020148,4
000020154,4
000020160,4
000020166,4
000020172,4
000020178,4
000020184,4
000020190,4
000020196,4
000020202,4
000020208,4
000020214,4
000020220,4
000020226,4
000020232,4
000020238,4
000020244,4
000020250,4
000020256,4
000020262,4
000020268,4
000020274,4
000020280,4
000020286,4
000020292,4
000020298,4
000020304,4
000020310,4
000020316,4
000020322,4
000020328,4
000020334,4
000020340,4
000020346,4
000020352,4
000020358,4
000020364,4
000020370,4
000020376,4
000020382,4
000020388,4
000020394,4
000020400,4
000020406,4
000020412,4
000020418,4
000020424,4
000020430,4
000020436,4
000020442,4
000020448,4
000020454,4
000020460,4
000020466,4
000020472,4
000020478,4
000020484,4
000020490,4
000020496,4
000020502,4
000020508,4
000020514,4
000020520,4
000020526,4
000020532,4
000020538,4
000020544,4
000020550,4
000020556,4
000020562,4
000020568,4
000020574,4
000020580,4
000020586,4
000020592,4
000020598,4
000020604,4
000020610,4
000020616,4
000020622,4
000020628,4
000020634,4
000020640,4
000020646,4
000020652,4
000020658,4
000020664,4
000020670,4
000020676,4
000020682,4
000020688,4
000020694,4
000020700,4
000020706,4
000020712,4
000020718,4
000020724,4
000020730,4
000020736,4
000020742,4
000020748,4
000020754,4
000020760,4
000020766,4
000020772,4
000020778,4
000020784,4
000020790,4
000020796,4
000020802,4
000020808,4
000020814,4
000020820,4
000020826,4
000020832,4
000020838,4
000020844,4
000020850,4
000020856,4
000020862,4
000020868,4
000020874,4
000020880,4
000020886,4
000020892,4
000020898,4
000020904,4
000020910,4
000020916,4
000020922,4
000020928,4
000020934,4
000020940,4
000020946,4
000020952,4
000020958,4
000020964,4
000020970,4
000020976,4
000020982,4
000020988,4
000020994,4
000021000,4
000021006,4
000021012,4
000021018,4
000021024,4
000021030,4
000021036,4
000021042,4
000021048,4
000021054,4
000021060,4
000021066,4
000021072,4
000021078,4
000021084,4
000021090,4
000021096,4
000021102,4
000021108,4
000021114,4
000021120,4
000021126,4
000021132,4
000021138,4
000021144,4
000021150,4
000021156,1
000021162,1
000021168,1
000021174,1
000021180,1
000021186,1
000021192,1
000021198,1
000021204,1
000021210,1
000021216,1
000021222,1
000021228,1
000021234,1
000021240,1
000021246,1
000021252,1
000021258,1
000021264,1
000021270,1
000021276,1
000021282,1
000021288,1
000021294,1
000021300,1
000021306,1
000021312,1
000021318,1
000021324,2
000021330,2
000021336,2
000021342,2
000021348,2
000021354,2
000021360,2
000021366,2
000021372,2
000021378,2
000021384,2
000021390,2
000021396,2
000021402,2
000021408,2
000021414,2
000021420,2
000021426,2
000021432,2
000021438,2
000021444,2
000021450,2
000021456,2
000021462,2
000021468,2
000021474,2
000021480,2
000021486,2
000021492,2
000021498,2
000021504,2
000021510,2
000021516,2
000021522,2
000021528,2
000021534,2
000021540,2
000021546,2
000021552,2
000021558,2
000021564,2
000021570,2
000021576,2
000021582,2
000021588,2
000021594,2
000021600,2
000021606,1
000021612,1
000021618,1
000021624,1
000021630,1
000021636,1
000021642,1
000021648,1
000021654,1
000021660,1
000021666,1
000021672,1
000021678,1
000021684,1
000021690,1
000021696,1
000021702,1
000021708,1
000021714,1
000021720,1
000021726,1
000021732,1
000021738,1
000021744,1
000021750,1
000021756,1
000021762,1
000021768,1
000021774,1
000021780,1
000021786,1
000021792,1
000021798,1
000021804,1
000021810,1
000021816,1
000021822,1
000021828,1
000021834,1
000021840,1
000021846,1
000021852,1
000021858,1
000021864,1
000021870,1
000021876,1
000021882,1
000021888,1
000021894,1
000021900,1
000021906,1
000021912,1
000021918,1
000021924,1
000021930,1
000021936,1
000021942,1
000021948,1
000021954,1
000021960,1
000021966,1
000021972,1
000021978,1
000021984,1
000021990,1
000021996,1
000022002,1
000022008,1
000022014,1
000022020,1
000022026,1
000022032,1
000022038,1
000022044,1
000022050,1
000022056,1
000022062,1
000022068,2
000022074,2
000022080,2
000022086,2
000022092,2
000022098,2
000022104,2
000022110,2
000022116,2
000022122,2
000022128,2
000022134,2
000022140,2
000022146,2
000022152,2
000022158,2
000022164,2
000022170,2
000022176,2
000022182,2
000022188,2
000022194,2
000022200,2
000022206,2
000022212,2
000022218,2
000022224,2
000022230,2
000022236,2
000022242,2
000022248,2
000022254,2
000022260,2
000022266,2
000022272,2
000022278,2
000022284,2
000022290,2
000022296,2
000022302,2
000022308,2
000022314,2
000022320,2
000022326,2
000022332,2
000022338,2
000022344,2
000022350,2
000022356,2
000022362,2
000022368,2
000022374,2
000022380,2
000022386,2
000022392,2
000022398,2
000022404,2
000022410,2
000022416,2
000022422,2
000022428,2
000022434,2
000022440,2
000022446,2
000022452,2
000022458,2
000022464,2
000022470,2
000022476,2
000022482,2
000022488,2
000022494,2
000022500,2
000022506,2
000022512,3
000022518,3
000022524,3
000022530,3
000022536,3
000022542,3
000022548,3
000022554,3
000022560,3
000022566,3
000022572,3
000022578,3
000022584,3
000022590,3
000022596,3
000022602,3
000022608,3
000022614,3
000022620,3
000022626,3
000022632,3
000022638,3
000022644,3
000022650,3
000022656,3
000022662,3
000022668,3
000022674,3
000022680,3
000022686,3
000022692,3
000022698,3
000022704,3
000022710,3
000022716,3
000022722,3
000022728,3
000022734,3
000022740,3
000022746,3
000022752,3
000022758,3
000022764,3
000022770,3
000022776,3
000022782,3
000022788,3
000022794,3
000022800,3
000022806,3
000022812,3
000022818,3
000022824,3
000022830,3
000022836,3
000022842,3
000022848,3
000022854,3
000022860,3
000022866,3
000022872,3
000022878,3
000022884,3
000022890,3
000022896,3
000022902,3
000022908,3
000022914,3
000022920,3
000022926,3
000022932,3
000022938,3
000022944,3
000022950,3
000022956,3
000022962,3
000022968,3
000022974,3
000022980,3
000022986,3
000022992,3
000022998,3
000023004,3
000023010,3
000023016,3
000023022,3
000023028,3
000023034,3
000023040,3
000023046,3
000023052,3
000023058,3
000023064,3
000023070,3
000023076,3
000023082,3
000023088,3
000023094,3
000023100,3
000023106,3
000023112,3
000023118,3
000023124,3
000023130,3
000023136,3
000023142,3
000023148,3
000023154,3
000023160,3
000023166,3
000023172,3
000023178,3
000023184,3
000023190,3
000023196,3
000023202,3
000023208,3
000023214,3
000023220,3
000023226,3
000023232,3
000023238,3
000023244,3
000023250,3
000023256,4
000023262,4
000023268,4
000023274,4
000023280,4
000023286,4
000023292,4
000023298,4
000023304,4
000023310,4
000023316,4
000023322,4
000023328,4
000023334,4
000023340,4
000023346,4
000023352,4
000023358,4
000023364,4
000023370,4
000023376,4
000023382,4
000023388,4
000023394,4
000023400,4
000023406,4
000023412,4
000023418,4
000023424,4
000023430,4
000023436,4
000023442,4
000023448,4
000023454,4
000023460,4
000023466,4
000023472,4
000023478,4
000023484,4
000023490,4
000023496,4
000023502,4
000023508,4
000023514,4
000023520,4
000023526,4
000023532,4
000023538,4
000023544,4
000023550,4
000023556,4
000023562,4
000023568,4
000023574,4
000023580,4
000023586,4
000023592,4
000023598,4
000023604,4
000023610,4
000023616,4
000023622,4
000023628,4
000023634,4
000023640,4
000023646,4
000023652,4
000023658,4
000023664,4
000023670,4
000023676,4
000023682,4
000023688,4
000023694,4
000023700,4
000023706,4
000023712,4
000023718,4
000023724,4
000023730,4
000023736,4
000023742,4
000023748,4
000023754,4
000023760,4
000023766,4
000023772,4
000023778,4
000023784,4
000023790,4
000023796,4
000023802,4
000023808,4
000023814,4
000023820,4
000023826,4
000023832,4
000023838,4
000023844,4
000023850,4
000023856,4
000023862,4
000023868,4
000023874,4
000023880,4
000023886,4
000023892,4
000023898,4
000023904,4
000023910,4
000023916,4
000023922,4
000023928,4
000023934,4
000023940,4
000023946,4
000023952,4
000023958,4
000023964,4
000023970,4
000023976,4
000023982,4
000023988,4
000023994,4
000024000,4
000024006,4
000024012,4
000024018,4
000024024,4
000024030,4
000024036,4
000024042,4
000024048,4
000024054,4
000024060,4
000024066,4
000024072,4
000024078,0
000024084,0
000024090,0
000024096,0
000024102,0
000024108,0
000024114,0
000024120,0
000024126,0
000024132,0
000024138,0
000024144,0
000024150,0
000024156,0
000024162,0
000024168,0
000024174,0
000024180,0
000024186,0
000024192,0
000024198,0
000024204,0
000024210,0
000024216,0
000024222,0
000024228,0
000024234,0
000024240,0
000024246,0
000024252,0
000024258,0
000024264,0
000024270,0
000024276,0
000024282,0
000024288,0
000024294,0
000024300,0
000024306,0
000024312,0
000024318,0
000024324,0
000024330,0
000024336,0
000024342,0
000024348,0
000024354,0
000024360,0
000024366,0
000024372,0
000024378,0
000024384,0
000024390,0
000024396,0
000024402,0
000024408,0
000024414,0
000024420,0
000024426,0
000024432,0
000024438,0
000024444,0
000024450,0
000024456,0
000024462,0
000024468,0
000024474,0
000024480,0
000024486,0
000024492,0
000024498,0
000024504,0
000024510,0
000024516,0
000024522,0
000024528,0
000024534,0
000024540,0
000024546,0
000024552,0
000024558,0
000024564,0
000024570,0
000024576,0
000024582,0
000024588,0
000024594,0
000024600,0
000024606,0
000024612,0
000024618,0
000024624,0
000024630,0
000024636,0
000024642,0
000024648,0
000024654,0
000024660,0
000024666,0
000024672,0
000024678,0
000024684,0
000024690,0
000024696,0
000024702,0
000024708,0
000024714,0
000024720,0
000024726,0
000024732,0
000024738,0
000024744,0
000024750,0
000024756,0
000024762,0
000024768,0
000024774,0
000024780,0
000024786,0
000024792,0
000024798,0
000024804,0
000024810,0
000024816,0
000024822,0
000024828,0
000024834,0
000024840,0
000024846,0
000024852,0
000024858,0
000024864,0
000024870,0
000024876,0
000024882,0
000024888,0
000024894,0
000024900,0
000024906,0
000024912,0
000024918,0
000024924,0
000024930,0
000024936,0
000024942,0
000024948,0
000024954,0
000024960,0
000024966,0
000024972,0
000024978,0
000024984,0
000024990,0
000024996,0
000025002,0
000025008,0
000025014,0
000025020,0
000025026,0
000025032,0
000025038,0
000025044,0
000025050,0
000025056,0
000025062,0
000025068,0
000025074,0
000025080,0
000025086,0
000025092,0
000025098,0
000025104,0
000025110,0
000025116,0
000025122,0
000025128,0
000025134,0
000025140,0
000025146,0
000025152,0
000025158,0
000025164,0
000025170,0
000025176,0
000025182,0
000025188,0
000025194,0
000025200,0
000025206,0
000025212,0
000025218,0
000025224,0
000025230,0
000025236,0
000025242,0
000025248,0
000025254,0
000025260,0
000025266,0
000025272,0
000025278,0
000025284,0
000025290,0
000025296,0
000025302,0
000025308,0
000025314,0
000025320,0
000025326,0
000025332,0
000025338,0
000025344,0
000025350,0
000025356,0
000025362,0
000025368,0
000025374,0
000025380,0
000025386,0
000025392,0
000025398,0
000025404,0
000025410,0
000025416,0
000025422,0
000025428,0
000025434,0
000025440,0
000025446,0
000025452,0
000025458,0
000025464,0
000025470,0
000025476,0
000025482,0
000025488,0
000025494,0
000025500,0
000025506,0
000025512,0
000025518,0
000025524,0
000025530,0
000025536,0
000025542,0
000025548,0
000025554,0
000025560,0
000025566,0
000025572,0
000025578,0
000025584,0
000025590,0
000025596,0
000025602,0
000025608,0
000025614,0
000025620,0
000025626,0
000025632,0
000025638,0
000025644,0
000025650,0
000025656,0
000025662,0
000025668,0
000025674,0
000025680,0
000025686,0
000025692,0
000025698,0
000025704,0
000025710,0
000025716,0
000025722,0
000025728,0
000025734,0
000025740,0
000025746,0
000025752,0
000025758,0
000025764,0
000025770,0
000025776,0
000025782,0
000025788,0
000025794,0
000025800,0
000025806,0
000025812,0
000025818,0
000025824,0
000025830,0
000025836,0
000025842,0
000025848,0
000025854,0
000025860,0
000025866,0
000025872,0
000025878,0
000025884,0
000025890,0
000025896,0
000025902,0
000025908,0
000025914,0
000025920,0
000025926,0
000025932,0
000025938,0
000025944,0
000025950,0
000025956,0
000025962,0
000025968,0
000025974,0
000025980,0
000025986,0
000025992,0
000025998,0
000026004,0
000026010,0
000026016,0
000026022,0
000026028,0
000026034,0
000026040,0
000026046,0
000026052,0
000026058,0
000026064,0
000026070,0
000026076,0
000026082,0
000026088,0
000026094,0
000026100,0
000026106,0
000026112,0
000026118,0
000026124,0
000026130,0
000026136,0
000026142,0
000026148,0
000026154,0
000026160,0
000026166,0
000026172,0
000026178,0
000026184,0
000026190,0
000026196,0
000026202,0
000026208,0
000026214,0
000026220,0
000026226,0
000026232,0
000026238,0
000026244,0
000026250,0
000026256,0
000026262,0
000026268,0
000026274,0
000026280,0
000026286,0
000026292,0
000026298,0
000026304,0
000026310,0
000026316,0
000026322,0
000026328,0
000026334,0
000026340,0
000026346,0
000026352,0
000026358,0
000026364,0
000026370,0
000026376,0
000026382,0
000026388,0
000026394,0
000026400,0
000026406,0
000026412,0
000026418,0
000026424,0
000026430,0
000026436,0
000026442,0
000026448,0
000026454,0
000026460,0
000026466,0
000026472,0
000026478,0
000026484,0
000026490,0
000026496,0
000026502,0
000026508,0
000026514,0
000026520,0
000026526,0
000026532,0
000026538,0
000026544,0
000026550,0
000026556,0
000026562,0
000026568,0
000026574,0
000026580,0
000026586,0
000026592,0
000026598,0
000026604,0
000026610,0
000026616,0
000026622,0
000026628,0
000026634,0
000026640,0
000026646,0
000026652,0
000026658,0
000026664,0
000026670,0
000026676,0
000026682,0
000026688,0
000026694,0
000026700,0
000026706,0
000026712,0
000026718,0
000026724,0
000026730,0
000026736,0
000026742,0
000026748,0
000026754,0
000026760,0
000026766,0
000026772,0
000026778,0
000026784,0
000026790,0
000026796,0
000026802,0
000026808,0
000026814,0
000026820,0
000026826,0
000026832,0
000026838,0
000026844,0
000026850,0
000026856,0
000026862,0
000026868,0
000026874,0
000026880,0
000026886,0
000026892,0
000026898,0
000026904,0
000026910,0
000026916,0
000026922,0
000026928,0
000026934,0
000026940,0
000026946,0
000026952,0
000026958,0
000026964,0
000026970,0
000026976,0
000026982,0
000026988,0
000026994,0
000027000,0
000027006,0
000027012,0
000027018,0
000027024,0
000027030,0
000027036,0
000027042,0
000027048,0
000027054,0
000027060,0
000027066,0
000027072,0
000027078,0
000027084,0
000027090,0
000027096,0
000027102,0
000027108,0
000027114,0
000027120,0
000027126,0
000027132,0
000027138,0
000027144,0
000027150,0
000027156,0
000027162,0
000027168,0
000027174,0
000027180,0
000027186,0
000027192,0
000027198,0
000027204,0
000027210,0
000027216,0
000027222,0
000027228,0
000027234,0
000027240,0
000027246,0
000027252,0
000027258,0
000027264,0
000027270,0
000027276,0
000027282,0
000027288,0
000027294,0
000027300,0
000027306,0
000027312,0
000027318,0
000027324,0
000027330,0
000027336,0
000027342,0
000027348,0
000027354,0
000027360,0
000027366,0
000027372,0
000027378,0
000027384,0
000027390,0
000027396,0
000027402,0
000027408,0
000027414,0
000027420,0
000027426,0
000027432,0
000027438,0
000027444,0
000027450,0
000027456,0
000027462,0
000027468,0
000027474,0
000027480,0
000027486,0
000027492,0
000027498,0
000027504,0
000027510,0
000027516,0
000027522,0
000027528,0
000027534,0
000027540,0
000027546,0
000027552,0
000027558,0
000027564,0
000027570,0
000027576,0
000027582,0
000027588,0
000027594,0
000027600,0
000027606,0
000027612,0
000027618,0
000027624,0
000027630,0
000027636,0
000027642,0
000027648,0
000027654,0
000027660,0
000027666,0
000027672,0
000027678,0
000027684,0
000027690,0
000027696,0
000027702,0
000027708,0
000027714,0
000027720,0
000027726,0
000027732,0
000027738,0
000027744,0
000027750,0
000027756,0
000027762,0
000027768,0
000027774,0
000027780,0
000027786,0
000027792,0
000027798,0
000027804,0
000027810,0
000027816,0
000027822,0
000027828,0
000027834,0
000027840,0
000027846,0
000027852,0
000027858,0
000027864,0
000027870,0
000027876,0
000027882,0
000027888,0
000027894,0
000027900,0
000027906,0
000027912,0
000027918,0
000027924,0
000027930,0
000027936,0
000027942,0
000027948,0
000027954,0
000027960,0
000027966,0
000027972,0
000027978,0
000027984,0
000027990,0
000027996,0
000028002,0
000028008,0
000028014,0
000028020,0
000028026,0
000028032,0
000028038,0
000028044,0
000028050,0
000028056,0
000028062,0
000028068,0
000028074,0
000028080,0
000028086,0
000028092,0
000028098,0
000028104,0
000028110,0
000028116,0
000028122,0
000028128,0
000028134,0
000028140,0
000028146,0
000028152,0
000028158,0
000028164,0
000028170,0
000028176,0
000028182,0
000028188,0
000028194,0
000028200,0
000028206,0
000028212,0
000028218,0
000028224,0
000028230,0
000028236,0
000028242,0
000028248,0
000028254,0
000028260,0
000028266,0
000028272,0
000028278,0
000028284,0
000028290,0
000028296,0
000028302,0
000028308,0
000028314,0
000028320,0
000028326,0
000028332,0
000028338,0
000028344,0
000028350,0
000028356,0
000028362,0
000028368,0
000028374,0
000028380,0
000028386,0
000028392,0
000028398,0
000028404,0
000028410,0
000028416,0
000028422,0
000028428,0
000028434,0
000028440,0
000028446,0
000028452,0
000028458,0
000028464,0
000028470,0
000028476,0
000028482,0
000028488,0
000028494,0
000028500,0
000028506,0
000028512,0
000028518,0
000028524,0
000028530,0
000028536,0
000028542,0
000028548,0
000028554,0
000028560,0
000028566,0
000028572,0
000028578,0
000028584,0
000028590,0
000028596,0
000028602,0
000028608,0
000028614,0
000028620,0
000028626,0
000028632,0
000028638,0
000028644,0
000028650,0
000028656,0
000028662,0
000028668,0
000028674,0
000028680,0
000028686,0
000028692,0
000028698,0
000028704,0
000028710,0
000028716,0
000028722,0
000028728,0
000028734,0
000028740,0
000028746,0
000028752,0
000028758,0
000028764,0
000028770,0
000028776,0
000028782,0
000028788,0
000028794,0
000028800,0
000028806,0
000028812,0
000028818,0
000028824,0
000028830,0
000028836,0
000028842,0
000028848,0
000028854,0
000028860,0
000028866,0
000028872,0
000028878,0
000028884,0
000028890,0
000028896,0
000028902,0
000028908,0
000028914,0
000028920,0
000028926,0
000028932,0
000028938,0
000028944,0
000028950,0
000028956,0
000028962,0
000028968,0
000028974,0
000028980,0
000028986,0
000028992,0
000028998,0
000029004,0
000029010,0
000029016,0
000029022,0
000029028,0
000029034,0
000029040,0
000029046,0
000029052,0
000029058,0
000029064,0
000029070,0
000029076,0
000029082,0
000029088,0
000029094,0
000029100,0
000029106,0
000029112,0
000029118,0
000029124,0
000029130,0
000029136,0
000029142,0
000029148,0
000029154,0
000029160,0
000029166,0
000029172,0
000029178,0
000029184,0
000029190,0
000029196,0
000029202,0
000029208,0
000029214,0
000029220,0
000029226,0
000029232,0
000029238,0
000029244,0
000029250,0
000029256,0
000029262,0
000029268,0
000029274,0
000029280,0
000029286,0
000029292,0
000029298,0
000029304,0
000029310,0
000029316,0
000029322,0
000029328,0
000029334,0
000029340,0
000029346,0
000029352,0
000029358,0
000029364,0
000029370,0
000029376,0
000029382,0
000029388,0
000029394,0
000029400,0
000029406,0
000029412,0
000029418,0
000029424,0
000029430,0
000029436,0
000029442,0
000029448,0
000029454,0
000029460,0
000029466,0
000029472,0
000029478,0
000029484,0
000029490,0
000029496,0
000029502,0
000029508,0
000029514,0
000029520,0
000029526,0
000029532,0
000029538,0
000029544,0
000029550,0
000029556,0
000029562,0
000029568,0
000029574,0
000029580,0
000029586,0
000029592,0
000029598,0
000029604,0
000029610,0
000029616,0
000029622,0
000029628,0
000029634,0
000029640,0
000029646,0
000029652,0
000029658,0
000029664,0
000029670,0
000029676,0
000029682,0
000029688,0
000029694,0
000029700,0
000029706,0
000029712,0
000029718,0
000029724,0
000029730,0
000029736,0
000029742,0
000029748,0
000029754,0
000029760,0
000029766,0
000029772,0
000029778,0
000029784,0
000029790,0
000029796,0
000029802,0
000029808,0
000029814,0
000029820,0
000029826,0
000029832,0
000029838,0
000029844,0
000029850,0
000029856,0
000029862,0
000029868,0
000029874,0
000029880,0
000029886,0
000029892,0
000029898,0
000029904,0
000029910,0
000029916,0
000029922,0
000029928,0
000029934,0
000029940,0
000029946,0
000029952,0
000029958,0
000029964,0
000029970,0
000029976,0
000029982,0
000029988,0
000029994,0
000030000,0
000030006,0
000030012,0
000030018,0
000030024,0
000030030,0
000030036,0
000030042,0
000030048,0
000030054,0
000030060,0
000030066,0
000030072,0
000030078,0
000030084,0
000030090,0
000030096,0
000030102,0
000030108,0
000030114,0
000030120,0
000030126,0
000030132,0
000030138,0
000030144,0
000030150,0
000030156,0
000030162,0
000030168,0
000030174,0
000030180,0
000030186,0
000030192,0
000030198,0
000030204,0
000030210,0
000030216,0
000030222,0
000030228,0
000030234,0
000030240,0
000030246,0
000030252,0
000030258,0
000030264,0
000030270,0
000030276,0
000030282,0
000030288,0
000030294,0
000030300,0
000030306,0
000030312,0
000030318,0
000030324,0
000030330,0
000030336,0
000030342,0
000030348,0
000030354,0
000030360,0
000030366,0
000030372,0
000030378,0
000030384,0
000030390,0
000030396,0
000030402,0
000030408,0
000030414,0
000030420,0
000030426,0
000030432,0
000030438,0
000030444,0
000030450,0
000030456,0
000030462,0
000030468,0
000030474,0
000030480,0
000030486,0
000030492,0
000030498,0
000030504,0
000030510,0
000030516,0
000030522,0
000030528,0
000030534,0
000030540,0
000030546,0
000030552,0
000030558,0
000030564,0
000030570,0
000030576,0
000030582,0
000030588,0
000030594,0
000030600,0
000030606,0
000030612,0
000030618,0
000030624,0
000030630,0
000030636,0
000030642,0
000030648,0
000030654,0
000030660,0
000030666,0
000030672,0
000030678,0
000030684,0
000030690,0
000030696,0
000030702,0
000030708,0
000030714,0
000030720,0
000030726,0
000030732,0
000030738,0
000030744,0
000030750,0
000030756,0
000030762,0
000030768,0
000030774,0
000030780,0
000030786,0
000030792,0
000030798,0
000030804,0
000030810,0
000030816,0
000030822,0
000030828,0
000030834,0
000030840,0
000030846,0
000030852,0
000030858,0
000030864,0
000030870,0
000030876,0
000030882,0
000030888,0
000030894,0
000030900,0
000030906,0
000030912,0
000030918,0
000030924,0
000030930,0
000030936,0
000030942,0
000030948,0
000030954,0
000030960,0
000030966,0
000030972,0
000030978,0
000030984,0
000030990,0
000030996,0
000031002,0
000031008,0
000031014,0
000031020,0
000031026,0
000031032,0
000031038,0
000031044,0
000031050,0
000031056,0
000031062,0
000031068,0
000031074,0
000031080,0
000031086,0
000031092,0
000031098,0
000031104,0
000031110,0
000031116,0
000031122,0
000031128,0
000031134,0
000031140,0
000031146,0
000031152,0
000031158,0
000031164,0
000031170,0
000031176,0
000031182,0
000031188,0
000031194,0
000031200,0
000031206,0
000031212,0
000031218,0
000031224,0
000031230,0
000031236,0
000031242,0
000031248,0
000031254,0
000031260,0
000031266,0
000031272,0
000031278,0
000031284,0
000031290,0
000031296,0
000031302,0
000031308,0
000031314,0
000031320,0
000031326,0
000031332,0
000031338,0
000031344,0
000031350,0
000031356,0
000031362,0
000031368,0
000031374,0
000031380,0
000031386,0
000031392,0
000031398,0
000031404,0
000031410,0
000031416,0
000031422,0
000031428,0
000031434,0
000031440,0
000031446,0
000031452,0
000031458,0
000031464,0
000031470,0
000031476,0
000031482,0
000031488,0
000031494,0
000031500,0
000031506,0
000031512,0
000031518,0
000031524,0
000031530,0
000031536,0
000031542,0
000031548,0
000031554,0
000031560,0
000031566,0
000031572,0
000031578,0
000031584,0
000031590,0
000031596,0
000031602,0
000031608,0
000031614,0
000031620,0
000031626,0
000031632,0
000031638,0
000031644,0
000031650,0
000031656,0
000031662,0
000031668,0
000031674,0
000031680,0
000031686,0
000031692,0
000031698,0
000031704,0
000031710,0
000031716,0
000031722,0
000031728,0
000031734,0
000031740,0
000031746,0
000031752,0
000031758,0
000031764,0
000031770,0
000031776,0
000031782,0
000031788,0
000031794,0
000031800,0
000031806,0
000031812,0
000031818,0
000031824,0
000031830,0
000031836,0
000031842,0
000031848,0
000031854,0
000031860,0
000031866,0
000031872,0
000031878,0
000031884,0
000031890,0
000031896,0
000031902,0
000031908,0
000031914,0
000031920,0
000031926,0
000031932,0
000031938,0
000031944,0
000031950,0
000031956,0
000031962,0
000031968,0
000031974,0
000031980,0
000031986,0
000031992,0
000031998,0
000032004,0
000032010,0
000032016,0
000032022,0
000032028,0
000032034,0
000032040,0
000032046,0
000032052,0
000032058,0
000032064,0
000032070,0
000032076,0
000032082,0
000032088,0
000032094,0
000032100,0
000032106,0
000032112,0
000032118,0
000032124,0
000032130,0
000032136,0
000032142,0
000032148,0
000032154,0
000032160,0
000032166,0
000032172,0
000032178,0
000032184,0
000032190,0
000032196,0
000032202,0
000032208,0
000032214,0
000032220,0
000032226,0
000032232,0
000032238,0
000032244,0
000032250,0
000032256,0
000032262,0
000032268,0
000032274,0
000032280,0
000032286,0
000032292,0
000032298,0
000032304,0
000032310,0
000032316,0
000032322,0
000032328,0
000032334,0
000032340,0
000032346,0
000032352,0
000032358,0
000032364,0
000032370,0
000032376,0
000032382,0
000032388,0
000032394,0
000032400,0
000032406,0
000032412,0
000032418,6
000032424,6
000032430,6
000032436,6
000032442,6
000032448,6
000032454,6
000032460,6
000032466,6
000032472,6
000032478,6
000032484,6
000032490,6
000032496,6
000032502,6
000032508,6
000032514,6
000032520,6
000032526,6
000032532,6
000032538,6
000032544,6
000032550,6
000032556,6
000032562,6
000032568,6
000032574,6
000032580,6
000032586,6
000032592,6
000032598,6
000032604,6
000032610,6
000032616,6
000032622,6
000032628,6
000032634,6
000032640,6
000032646,6
000032652,6
000032658,6
000032664,6
000032670,6
000032676,6
000032682,6
000032688,6
000032694,6
000032700,6
000032706,6
000032712,6
000032718,6
000032724,6
000032730,6
000032736,6
000032742,6
000032748,6
000032754,6
000032760,6
000032766,6
000032772,6
000032778,6
000032784,6
000032790,6
000032796,6
000032802,6
000032808,6
000032814,6
000032820,6
000032826,6
000032832,6
000032838,6
000032844,6
000032850,6
000032856,6
000032862,6
000032868,6
000032874,6
000032880,6
000032886,6
000032892,6
000032898,6
000032904,6
000032910,6
000032916,6
000032922,6
000032928,6
000032934,6
000032940,6
000032946,6
000032952,6
000032958,6
000032964,6
000032970,6
000032976,6
000032982,6
000032988,6
000032994,6
000033000,6
000033006,6
000033012,6
000033018,6
000033024,6
000033030,6
000033036,6
000033042,6
000033048,6
000033054,6
000033060,6
000033066,6
000033072,6
000033078,6
000033084,6
000033090,6
000033096,6
000033102,6
000033108,6
000033114,6
000033120,1
000033126,1
000033132,1
000033138,1
000033144,1
000033150,1
000033156,1
000033162,1
000033168,1
000033174,1
000033180,1
000033186,1
000033192,1
000033198,1
000033204,1
000033210,1
000033216,1
000033222,1
000033228,1
000033234,1
000033240,1
000033246,1
000033252,1
000033258,1
000033264,1
000033270,1
000033276,1
000033282,1
000033288,1
000033294,1
000033300,1
000033306,1
000033312,1
000033318,1
000033324,1
000033330,1
000033336,1
000033342,1
000033348,1
000033354,1
000033360,1
000033366,1
000033372,1
000033378,1
000033384,1
000033390,1
000033396,1
000033402,1
000033408,1
000033414,1
000033420,1
000033426,1
000033432,1
000033438,1
000033444,1
000033450,1
000033456,7
000033462,7
000033468,7
000033474,7
000033480,7
000033486,7
000033492,7
000033498,7
000033504,7
000033510,7
000033516,7
000033522,7
000033528,7
000033534,7
000033540,7
000033546,7
000033552,7
000033558,7
000033564,7
000033570,7
000033576,7
000033582,7
000033588,7
000033594,7
000033600,7
000033606,7
000033612,7
000033618,7
000033624,7
000033630,7
000033636,7
000033642,7
000033648,7
000033654,7
000033660,7
000033666,7
000033672,7
000033678,7
000033684,7
000033690,7
000033696,7
000033702,7
000033708,7
000033714,7
000033720,7
000033726,7
000033732,7
000033738,7
000033744,7
000033750,7
000033756,7
000033762,7
000033768,7
000033774,7
000033780,7
000033786,7
000033792,7
000033798,7
000033804,7
000033810,7
000033816,7
000033822,7
000033828,7
000033834,0
000033840,0
000033846,0
000033852,0
000033858,0
000033864,0
000033870,0
000033876,0
000033882,0
000033888,0
