000000000,0
000000006,0
000000012,0
000000018,0
000000024,0
000000030,0
000000036,0
000000042,0
000000048,0
000000054,0
000000060,0
000000066,0
000000072,0
000000078,0
000000084,0
000000090,0
000000096,0
000000102,0
000000108,0
000000114,0
000000120,0
000000126,0
000000132,0
000000138,0
000000144,0
000000150,0
000000156,0
000000162,0
000000168,0
000000174,0
000000180,0
000000186,0
000000192,0
000000198,0
000000204,0
000000210,0
000000216,0
000000222,0
000000228,0
000000234,0
000000240,0
000000246,0
000000252,0
000000258,0
000000264,0
000000270,0
000000276,0
000000282,0
000000288,0
000000294,0
000000300,0
000000306,0
000000312,0
000000318,0
000000324,0
000000330,0
000000336,0
000000342,0
000000348,0
000000354,0
000000360,0
000000366,0
000000372,0
000000378,0
000000384,0
000000390,0
000000396,0
000000402,0
000000408,0
000000414,0
000000420,0
000000426,0
000000432,0
000000438,0
000000444,0
000000450,0
000000456,0
000000462,0
000000468,0
000000474,0
000000480,0
000000486,0
000000492,0
000000498,0
000000504,0
000000510,0
000000516,0
000000522,0
000000528,0
000000534,0
000000540,0
000000546,0
000000552,0
000000558,0
000000564,0
000000570,0
000000576,0
000000582,0
000000588,0
000000594,0
000000600,0
000000606,0
000000612,0
000000618,0
000000624,0
000000630,0
000000636,0
000000642,0
000000648,0
000000654,0
000000660,0
000000666,0
000000672,0
000000678,0
000000684,0
000000690,0
000000696,0
000000702,0
000000708,0
000000714,1
000000720,1
000000726,1
000000732,1
000000738,1
000000744,1
000000750,1
000000756,1
000000762,1
000000768,1
000000774,1
000000780,1
000000786,1
000000792,1
000000798,1
000000804,1
000000810,1
000000816,1
000000822,1
000000828,1
000000834,1
000000840,1
000000846,1
000000852,1
000000858,1
000000864,1
000000870,1
000000876,1
000000882,1
000000888,2
000000894,2
000000900,2
000000906,2
000000912,2
000000918,2
000000924,2
000000930,2
000000936,2
000000942,2
000000948,2
000000954,2
000000960,2
000000966,2
000000972,2
000000978,2
000000984,2
000000990,2
000000996,2
000001002,2
000001008,2
000001014,2
000001020,2
000001026,2
000001032,2
000001038,2
000001044,2
000001050,2
000001056,2
000001062,2
000001068,2
000001074,2
000001080,2
000001086,2
000001092,2
000001098,2
000001104,2
000001110,2
000001116,2
000001122,2
000001128,2
000001134,2
000001140,2
000001146,2
000001152,2
000001158,2
000001164,2
000001170,2
000001176,2
000001182,2
000001188,2
000001194,2
000001200,2
000001206,2
000001212,2
000001218,2
000001224,2
000001230,2
000001236,2
000001242,2
000001248,2
000001254,2
000001260,2
000001266,2
000001272,2
000001278,2
000001284,2
000001290,2
000001296,2
000001302,2
000001308,2
000001314,2
000001320,2
000001326,2
000001332,2
000001338,2
000001344,2
000001350,2
000001356,2
000001362,2
000001368,2
000001374,2
000001380,2
000001386,2
000001392,2
000001398,2
000001404,2
000001410,2
000001416,2
000001422,2
000001428,2
000001434,2
000001440,2
000001446,2
000001452,2
000001458,2
000001464,2
000001470,2
000001476,2
000001482,2
000001488,2
000001494,2
000001500,2
000001506,2
000001512,2
000001518,2
000001524,2
000001530,2
000001536,0
000001542,0
000001548,0
000001554,0
000001560,0
000001566,0
000001572,0
000001578,0
000001584,0
000001590,0
000001596,0
000001602,0
000001608,0
000001614,0
000001620,0
000001626,0
000001632,0
000001638,0
000001644,0
000001650,0
000001656,0
000001662,0
000001668,0
000001674,0
000001680,0
000001686,0
000001692,0
000001698,0
000001704,0
000001710,0
000001716,0
000001722,0
000001728,0
000001734,0
000001740,0
000001746,0
000001752,0
000001758,0
000001764,0
000001770,0
000001776,0
000001782,0
000001788,0
000001794,0
000001800,0
000001806,0
000001812,0
000001818,0
000001824,0
000001830,0
000001836,0
000001842,0
000001848,0
000001854,0
000001860,0
000001866,0
000001872,0
000001878,0
000001884,0
000001890,0
000001896,0
000001902,0
000001908,0
000001914,0
000001920,0
000001926,0
000001932,0
000001938,0
000001944,0
000001950,0
000001956,0
000001962,0
000001968,0
000001974,0
000001980,0
000001986,0
000001992,0
000001998,0
000002004,0
000002010,0
000002016,0
000002022,0
000002028,0
000002034,0
000002040,0
000002046,0
000002052,0
000002058,0
000002064,0
000002070,0
000002076,0
000002082,0
000002088,0
000002094,0
000002100,0
000002106,0
000002112,0
000002118,0
000002124,0
000002130,0
000002136,0
000002142,0
000002148,0
000002154,0
000002160,0
000002166,0
000002172,0
000002178,0
000002184,0
000002190,0
000002196,0
000002202,0
000002208,0
000002214,0
000002220,0
000002226,0
000002232,0
000002238,0
000002244,0
000002250,0
000002256,0
000002262,0
000002268,0
000002274,0
000002280,0
000002286,0
000002292,0
000002298,0
000002304,0
000002310,0
000002316,0
000002322,0
000002328,0
000002334,0
000002340,0
000002346,0
000002352,0
000002358,0
000002364,0
000002370,0
000002376,0
000002382,0
000002388,0
000002394,0
000002400,0
000002406,0
000002412,0
000002418,0
000002424,0
000002430,0
000002436,0
000002442,0
000002448,0
000002454,0
000002460,0
000002466,0
000002472,0
000002478,0
000002484,0
000002490,0
000002496,0
000002502,0
000002508,0
000002514,0
000002520,0
000002526,0
000002532,0
000002538,0
000002544,0
000002550,0
000002556,0
000002562,0
000002568,0
000002574,0
000002580,0
000002586,0
000002592,0
000002598,0
000002604,0
000002610,0
000002616,0
000002622,0
000002628,0
000002634,0
000002640,0
000002646,0
000002652,0
000002658,0
000002664,0
000002670,0
000002676,0
000002682,0
000002688,0
000002694,0
000002700,0
000002706,0
000002712,0
000002718,0
000002724,0
000002730,0
000002736,0
000002742,0
000002748,0
000002754,0
000002760,2
000002766,2
000002772,2
000002778,2
000002784,2
000002790,2
000002796,2
000002802,2
000002808,2
000002814,2
000002820,2
000002826,2
000002832,2
000002838,2
000002844,2
000002850,2
000002856,2
000002862,2
000002868,2
000002874,2
000002880,2
000002886,2
000002892,2
000002898,2
000002904,2
000002910,2
000002916,2
000002922,2
000002928,2
000002934,2
000002940,2
000002946,2
000002952,2
000002958,2
000002964,2
000002970,2
000002976,2
000002982,2
000002988,2
000002994,2
000003000,2
000003006,2
000003012,2
000003018,2
000003024,2
000003030,2
000003036,2
000003042,2
000003048,2
000003054,2
000003060,2
000003066,2
000003072,2
000003078,2
000003084,2
000003090,2
000003096,2
000003102,2
000003108,2
000003114,2
000003120,2
000003126,2
000003132,2
000003138,2
000003144,2
000003150,2
000003156,2
000003162,2
000003168,2
000003174,2
000003180,2
000003186,2
000003192,2
000003198,2
000003204,2
000003210,2
000003216,2
000003222,2
000003228,2
000003234,2
000003240,2
000003246,2
000003252,2
000003258,2
000003264,2
000003270,2
000003276,2
000003282,2
000003288,2
000003294,2
000003300,2
000003306,2
000003312,2
000003318,2
000003324,2
000003330,2
000003336,2
000003342,2
000003348,2
000003354,2
000003360,2
000003366,2
000003372,2
000003378,2
000003384,2
000003390,2
000003396,2
000003402,2
000003408,2
000003414,2
000003420,0
000003426,0
000003432,0
000003438,0
000003444,0
000003450,0
000003456,0
000003462,0
000003468,0
000003474,0
000003480,0
000003486,0
000003492,0
000003498,0
000003504,0
000003510,0
000003516,0
000003522,0
000003528,0
000003534,0
000003540,0
000003546,0
000003552,0
000003558,0
000003564,0
000003570,0
000003576,0
000003582,0
000003588,0
000003594,2
000003600,2
000003606,2
000003612,2
000003618,2
000003624,2
000003630,2
000003636,2
000003642,2
000003648,2
000003654,2
000003660,2
000003666,2
000003672,2
000003678,2
000003684,2
000003690,2
000003696,2
000003702,2
000003708,2
000003714,2
000003720,2
000003726,2
000003732,2
000003738,2
000003744,2
000003750,2
000003756,2
000003762,2
000003768,2
000003774,2
000003780,2
000003786,2
000003792,2
000003798,2
000003804,2
000003810,2
000003816,2
000003822,2
000003828,2
000003834,2
000003840,2
000003846,2
000003852,2
000003858,2
000003864,2
000003870,3
000003876,3
000003882,3
000003888,3
000003894,3
000003900,3
000003906,3
000003912,3
000003918,3
000003924,3
000003930,3
000003936,3
000003942,3
000003948,3
000003954,3
000003960,3
000003966,3
000003972,3
000003978,3
000003984,3
000003990,3
000003996,3
000004002,3
000004008,3
000004014,3
000004020,3
000004026,3
000004032,3
000004038,3
000004044,3
000004050,3
000004056,3
000004062,3
000004068,3
000004074,3
000004080,3
000004086,3
000004092,3
000004098,3
000004104,3
000004110,3
000004116,3
000004122,3
000004128,3
000004134,3
000004140,3
000004146,3
000004152,3
000004158,3
000004164,3
000004170,3
000004176,3
000004182,3
000004188,3
000004194,3
000004200,3
000004206,3
000004212,3
000004218,3
000004224,3
000004230,3
000004236,3
000004242,3
000004248,3
000004254,3
000004260,3
000004266,3
000004272,3
000004278,3
000004284,3
000004290,3
000004296,3
000004302,3
000004308,3
000004314,3
000004320,3
000004326,3
000004332,3
000004338,3
000004344,3
000004350,3
000004356,3
000004362,3
000004368,3
000004374,3
000004380,3
000004386,3
000004392,3
000004398,3
000004404,3
000004410,3
000004416,3
000004422,3
000004428,3
000004434,3
000004440,3
000004446,3
000004452,3
000004458,3
000004464,3
000004470,3
000004476,3
000004482,3
000004488,3
000004494,3
000004500,3
000004506,3
000004512,3
000004518,3
000004524,3
000004530,3
000004536,3
000004542,3
000004548,3
000004554,3
000004560,3
000004566,3
000004572,3
000004578,3
000004584,3
000004590,3
000004596,3
000004602,3
000004608,3
000004614,3
000004620,4
000004626,4
000004632,4
000004638,4
000004644,4
000004650,4
000004656,4
000004662,4
000004668,4
000004674,4
000004680,4
000004686,4
000004692,4
000004698,4
000004704,4
000004710,4
000004716,4
000004722,4
000004728,4
000004734,4
000004740,4
000004746,4
000004752,4
000004758,4
000004764,4
000004770,4
000004776,4
000004782,4
000004788,4
000004794,4
000004800,4
000004806,4
000004812,4
000004818,4
000004824,4
000004830,4
000004836,4
000004842,4
000004848,4
000004854,4
000004860,4
000004866,4
000004872,4
000004878,4
000004884,4
000004890,4
000004896,4
000004902,4
000004908,4
000004914,4
000004920,4
000004926,4
000004932,4
000004938,4
000004944,4
000004950,4
000004956,4
000004962,4
000004968,4
000004974,4
000004980,4
000004986,4
000004992,4
000004998,4
000005004,4
000005010,4
000005016,4
000005022,4
000005028,4
000005034,4
000005040,4
000005046,4
000005052,4
000005058,4
000005064,4
000005070,4
000005076,4
000005082,4
000005088,4
000005094,4
000005100,4
000005106,4
000005112,4
000005118,4
000005124,4
000005130,4
000005136,4
000005142,4
000005148,4
000005154,4
000005160,4
000005166,4
000005172,4
000005178,4
000005184,4
000005190,4
000005196,4
000005202,4
000005208,4
000005214,4
000005220,4
000005226,4
000005232,4
000005238,4
000005244,4
000005250,4
000005256,4
000005262,4
000005268,4
000005274,4
000005280,4
000005286,4
000005292,4
000005298,4
000005304,4
000005310,4
000005316,4
000005322,5
000005328,5
000005334,5
000005340,5
000005346,5
000005352,5
000005358,5
000005364,5
000005370,5
000005376,5
000005382,5
000005388,5
000005394,5
000005400,5
000005406,5
000005412,5
000005418,5
000005424,5
000005430,5
000005436,5
000005442,5
000005448,5
000005454,5
000005460,5
000005466,5
000005472,5
000005478,5
000005484,5
000005490,5
000005496,5
000005502,5
000005508,5
000005514,5
000005520,5
000005526,5
000005532,5
000005538,5
000005544,5
000005550,5
000005556,5
000005562,5
000005568,5
000005574,5
000005580,5
000005586,5
000005592,5
000005598,5
000005604,5
000005610,5
000005616,5
000005622,5
000005628,5
000005634,5
000005640,5
000005646,5
000005652,5
000005658,5
000005664,5
000005670,5
000005676,5
000005682,5
000005688,5
000005694,5
000005700,5
000005706,5
000005712,5
000005718,5
000005724,5
000005730,5
000005736,5
000005742,5
000005748,5
000005754,5
000005760,5
000005766,5
000005772,5
000005778,5
000005784,5
000005790,5
000005796,5
000005802,5
000005808,5
000005814,5
000005820,5
000005826,5
000005832,5
000005838,5
000005844,5
000005850,5
000005856,5
000005862,5
000005868,5
000005874,5
000005880,5
000005886,5
000005892,5
000005898,5
000005904,5
000005910,5
000005916,5
000005922,5
000005928,5
000005934,5
000005940,5
000005946,5
000005952,5
000005958,5
000005964,5
000005970,5
000005976,5
000005982,5
000005988,5
000005994,5
000006000,5
000006006,5
000006012,5
000006018,5
000006024,5
000006030,5
000006036,5
000006042,5
000006048,5
000006054,5
000006060,5
000006066,5
000006072,5
000006078,5
000006084,5
000006090,5
000006096,5
000006102,5
000006108,5
000006114,5
000006120,5
000006126,5
000006132,5
000006138,5
000006144,5
000006150,5
000006156,5
000006162,5
000006168,5
000006174,5
000006180,5
000006186,5
000006192,5
000006198,5
000006204,5
000006210,5
000006216,5
000006222,5
000006228,5
000006234,5
000006240,5
000006246,5
000006252,5
000006258,5
000006264,5
000006270,5
000006276,5
000006282,5
000006288,5
000006294,5
000006300,5
000006306,5
000006312,5
000006318,5
000006324,5
000006330,5
000006336,5
000006342,5
000006348,5
000006354,5
000006360,5
000006366,5
000006372,5
000006378,5
000006384,5
000006390,5
000006396,5
000006402,5
000006408,5
000006414,5
000006420,5
000006426,5
000006432,5
000006438,5
000006444,5
000006450,5
000006456,5
000006462,5
000006468,5
000006474,5
000006480,5
000006486,5
000006492,5
000006498,5
000006504,5
000006510,5
000006516,5
000006522,5
000006528,5
000006534,5
000006540,5
000006546,5
000006552,5
000006558,5
000006564,5
000006570,5
000006576,5
000006582,5
000006588,5
000006594,5
000006600,5
000006606,5
000006612,5
000006618,5
000006624,5
000006630,5
000006636,5
000006642,5
000006648,5
000006654,5
000006660,5
000006666,5
000006672,5
000006678,5
000006684,5
000006690,5
000006696,5
000006702,5
000006708,5
000006714,5
000006720,5
000006726,5
000006732,5
000006738,5
000006744,5
000006750,5
000006756,5
000006762,5
000006768,5
000006774,5
000006780,5
000006786,5
000006792,5
000006798,5
000006804,5
000006810,5
000006816,5
000006822,5
000006828,5
000006834,5
000006840,5
000006846,5
000006852,5
000006858,5
000006864,5
000006870,5
000006876,5
000006882,5
000006888,5
000006894,5
000006900,5
000006906,5
000006912,5
000006918,5
000006924,5
000006930,5
000006936,5
000006942,5
000006948,5
000006954,5
000006960,5
000006966,5
000006972,5
000006978,5
000006984,5
000006990,5
000006996,1
000007002,1
000007008,1
000007014,1
000007020,1
000007026,1
000007032,1
000007038,1
000007044,1
000007050,1
000007056,1
000007062,1
000007068,1
000007074,1
000007080,1
000007086,1
000007092,1
000007098,1
000007104,1
000007110,1
000007116,1
000007122,1
000007128,1
000007134,1
000007140,1
000007146,1
000007152,1
000007158,1
000007164,1
000007170,1
000007176,1
000007182,1
000007188,1
000007194,1
000007200,1
000007206,1
000007212,1
000007218,1
000007224,1
000007230,1
000007236,1
000007242,1
000007248,1
000007254,1
000007260,1
000007266,1
000007272,1
000007278,1
000007284,1
000007290,1
000007296,1
000007302,1
000007308,1
000007314,1
000007320,1
000007326,1
000007332,1
000007338,1
000007344,1
000007350,2
000007356,2
000007362,2
000007368,2
000007374,2
000007380,2
000007386,2
000007392,2
000007398,2
000007404,2
000007410,2
000007416,2
000007422,2
000007428,2
000007434,2
000007440,2
000007446,2
000007452,2
000007458,2
000007464,2
000007470,2
000007476,2
000007482,2
000007488,2
000007494,2
000007500,2
000007506,2
000007512,2
000007518,2
000007524,2
000007530,2
000007536,2
000007542,2
000007548,2
000007554,2
000007560,2
000007566,2
000007572,2
000007578,2
000007584,2
000007590,2
000007596,2
000007602,2
000007608,2
000007614,2
000007620,2
000007626,2
000007632,2
000007638,2
000007644,2
000007650,2
000007656,2
000007662,2
000007668,2
000007674,2
000007680,2
000007686,2
000007692,2
000007698,2
000007704,2
000007710,2
000007716,2
000007722,2
000007728,2
000007734,2
000007740,2
000007746,2
000007752,2
000007758,2
000007764,2
000007770,2
000007776,2
000007782,2
000007788,2
000007794,2
000007800,2
000007806,2
000007812,2
000007818,2
000007824,2
000007830,2
000007836,3
000007842,3
000007848,3
000007854,3
000007860,3
000007866,3
000007872,3
000007878,3
000007884,3
000007890,3
000007896,3
000007902,3
000007908,3
000007914,3
000007920,3
000007926,3
000007932,3
000007938,3
000007944,3
000007950,3
000007956,3
000007962,3
000007968,3
000007974,3
000007980,3
000007986,3
000007992,3
000007998,3
000008004,3
000008010,3
000008016,3
000008022,3
000008028,3
000008034,3
000008040,3
000008046,3
000008052,3
000008058,3
000008064,3
000008070,3
000008076,3
000008082,3
000008088,3
000008094,3
000008100,3
000008106,3
000008112,3
000008118,3
000008124,3
000008130,3
000008136,3
000008142,3
000008148,3
000008154,3
000008160,3
000008166,3
000008172,3
000008178,3
000008184,3
000008190,3
000008196,3
000008202,3
000008208,3
000008214,3
000008220,3
000008226,3
000008232,3
000008238,3
000008244,3
000008250,3
000008256,3
000008262,3
000008268,3
000008274,3
000008280,3
000008286,3
000008292,3
000008298,3
000008304,3
000008310,3
000008316,3
000008322,3
000008328,3
000008334,3
000008340,3
000008346,3
000008352,4
000008358,4
000008364,4
000008370,4
000008376,4
000008382,4
000008388,4
000008394,4
000008400,4
000008406,4
000008412,4
000008418,4
000008424,4
000008430,4
000008436,4
000008442,4
000008448,4
000008454,4
000008460,4
000008466,4
000008472,4
000008478,4
000008484,4
000008490,4
000008496,4
000008502,4
000008508,4
000008514,4
000008520,4
000008526,4
000008532,4
000008538,4
000008544,4
000008550,4
000008556,4
000008562,4
000008568,4
000008574,4
000008580,4
000008586,4
000008592,4
000008598,4
000008604,4
000008610,4
000008616,4
000008622,4
000008628,4
000008634,4
000008640,4
000008646,4
000008652,4
000008658,4
000008664,4
000008670,4
000008676,4
000008682,4
000008688,4
000008694,4
000008700,4
000008706,4
000008712,4
000008718,4
000008724,4
000008730,4
000008736,4
000008742,4
000008748,4
000008754,4
000008760,4
000008766,4
000008772,4
000008778,4
000008784,4
000008790,4
000008796,2
000008802,2
000008808,2
000008814,2
000008820,2
000008826,2
000008832,2
000008838,2
000008844,2
000008850,2
000008856,2
000008862,2
000008868,2
000008874,2
000008880,2
000008886,2
000008892,2
000008898,2
000008904,2
000008910,2
000008916,2
000008922,2
000008928,2
000008934,2
000008940,2
000008946,2
000008952,2
000008958,2
000008964,2
000008970,2
000008976,2
000008982,2
000008988,2
000008994,2
000009000,2
000009006,2
000009012,2
000009018,2
000009024,2
000009030,2
000009036,2
000009042,2
000009048,2
000009054,2
000009060,2
000009066,2
000009072,2
000009078,2
000009084,2
000009090,2
000009096,2
000009102,2
000009108,2
000009114,2
000009120,2
000009126,2
000009132,2
000009138,2
000009144,2
000009150,2
000009156,2
000009162,2
000009168,2
000009174,2
000009180,2
000009186,2
000009192,2
000009198,2
000009204,2
000009210,2
000009216,2
000009222,2
000009228,2
000009234,2
000009240,2
000009246,2
000009252,2
000009258,2
000009264,2
000009270,2
000009276,2
000009282,2
000009288,2
000009294,2
000009300,2
000009306,2
000009312,2
000009318,2
000009324,2
000009330,2
000009336,2
000009342,2
000009348,2
000009354,2
000009360,2
000009366,2
000009372,2
000009378,2
000009384,2
000009390,2
000009396,2
000009402,2
000009408,2
000009414,2
000009420,2
000009426,2
000009432,2
000009438,2
000009444,2
000009450,2
000009456,2
000009462,2
000009468,3
000009474,3
000009480,3
000009486,3
000009492,3
000009498,3
000009504,3
000009510,3
000009516,3
000009522,3
000009528,3
000009534,3
000009540,3
000009546,3
000009552,3
000009558,3
000009564,3
000009570,3
000009576,3
000009582,3
000009588,3
000009594,3
000009600,3
000009606,3
000009612,3
000009618,3
000009624,3
000009630,3
000009636,3
000009642,3
000009648,3
000009654,3
000009660,3
000009666,3
000009672,3
000009678,3
000009684,3
000009690,3
000009696,3
000009702,3
000009708,3
000009714,3
000009720,3
000009726,4
000009732,4
000009738,4
000009744,4
000009750,4
000009756,4
000009762,4
000009768,4
000009774,4
000009780,4
000009786,4
000009792,4
000009798,4
000009804,4
000009810,4
000009816,4
000009822,4
000009828,4
000009834,4
000009840,4
000009846,4
000009852,4
000009858,4
000009864,4
000009870,4
000009876,4
000009882,4
000009888,4
000009894,4
000009900,4
000009906,4
000009912,4
000009918,4
000009924,4
000009930,4
000009936,4
000009942,4
000009948,4
000009954,4
000009960,4
000009966,4
000009972,4
000009978,4
000009984,4
000009990,4
000009996,4
000010002,4
000010008,4
000010014,4
000010020,4
000010026,4
000010032,4
000010038,4
000010044,4
000010050,4
000010056,4
000010062,4
000010068,4
000010074,4
000010080,4
000010086,4
000010092,4
000010098,4
000010104,4
000010110,4
000010116,4
000010122,4
000010128,4
000010134,4
000010140,2
000010146,2
000010152,2
000010158,2
000010164,2
000010170,2
000010176,2
000010182,2
000010188,2
000010194,2
000010200,2
000010206,2
000010212,2
000010218,2
000010224,2
000010230,2
000010236,2
000010242,2
000010248,2
000010254,2
000010260,2
000010266,2
000010272,2
000010278,2
000010284,3
000010290,3
000010296,3
000010302,3
000010308,3
000010314,3
000010320,3
000010326,3
000010332,3
000010338,3
000010344,3
000010350,3
000010356,3
000010362,3
000010368,3
000010374,3
000010380,3
000010386,3
000010392,3
000010398,3
000010404,3
000010410,3
000010416,3
000010422,3
000010428,3
000010434,3
000010440,3
000010446,3
000010452,3
000010458,3
000010464,3
000010470,3
000010476,3
000010482,3
000010488,3
000010494,3
000010500,3
000010506,3
000010512,3
000010518,3
000010524,3
000010530,3
000010536,3
000010542,3
000010548,3
000010554,3
000010560,3
000010566,3
000010572,3
000010578,3
000010584,3
000010590,3
000010596,3
000010602,3
000010608,3
000010614,3
000010620,3
000010626,3
000010632,3
000010638,3
000010644,3
000010650,3
000010656,3
000010662,3
000010668,3
000010674,3
000010680,3
000010686,3
000010692,3
000010698,3
000010704,3
000010710,3
000010716,3
000010722,3
000010728,3
000010734,3
000010740,3
000010746,3
000010752,3
000010758,3
000010764,3
000010770,3
000010776,3
000010782,3
000010788,3
000010794,3
000010800,3
000010806,3
000010812,3
000010818,3
000010824,3
000010830,3
000010836,3
000010842,3
000010848,3
000010854,3
000010860,3
000010866,3
000010872,3
000010878,3
000010884,3
000010890,3
000010896,3
000010902,3
000010908,3
000010914,3
000010920,3
000010926,3
000010932,3
000010938,3
000010944,3
000010950,3
000010956,3
000010962,3
000010968,3
000010974,3
000010980,3
000010986,3
000010992,3
000010998,3
000011004,3
000011010,3
000011016,3
000011022,3
000011028,3
000011034,3
000011040,3
000011046,3
000011052,3
000011058,3
000011064,3
000011070,3
000011076,3
000011082,3
000011088,3
000011094,3
000011100,3
000011106,3
000011112,3
000011118,3
000011124,3
000011130,3
000011136,3
000011142,3
000011148,3
000011154,3
000011160,3
000011166,3
000011172,3
000011178,3
000011184,3
000011190,3
000011196,3
000011202,3
000011208,3
000011214,3
000011220,3
000011226,3
000011232,3
000011238,3
000011244,3
000011250,3
000011256,3
000011262,3
000011268,3
000011274,3
000011280,3
000011286,3
000011292,3
000011298,3
000011304,3
000011310,3
000011316,4
000011322,4
000011328,4
000011334,4
000011340,4
000011346,4
000011352,4
000011358,4
000011364,4
000011370,4
000011376,4
000011382,4
000011388,4
000011394,4
000011400,4
000011406,4
000011412,4
000011418,4
000011424,4
000011430,4
000011436,4
000011442,4
000011448,4
000011454,4
000011460,4
000011466,4
000011472,4
000011478,4
000011484,4
000011490,4
000011496,4
000011502,4
000011508,4
000011514,4
000011520,4
000011526,4
000011532,4
000011538,4
000011544,4
000011550,4
000011556,4
000011562,4
000011568,4
000011574,4
000011580,4
000011586,4
000011592,4
000011598,4
000011604,4
000011610,4
000011616,4
000011622,4
000011628,4
000011634,4
000011640,4
000011646,4
000011652,4
000011658,4
000011664,2
000011670,2
000011676,2
000011682,2
000011688,2
000011694,2
000011700,2
000011706,2
000011712,2
000011718,2
000011724,2
000011730,2
000011736,2
000011742,2
000011748,2
000011754,2
000011760,2
000011766,2
000011772,2
000011778,2
000011784,2
000011790,2
000011796,2
000011802,2
000011808,2
000011814,2
000011820,2
000011826,2
000011832,2
000011838,2
000011844,2
000011850,2
000011856,2
000011862,2
000011868,2
000011874,2
000011880,2
000011886,2
000011892,2
000011898,2
000011904,2
000011910,2
000011916,2
000011922,2
000011928,2
000011934,2
000011940,2
000011946,2
000011952,2
000011958,2
000011964,2
000011970,2
000011976,2
000011982,2
000011988,2
000011994,2
000012000,2
000012006,2
000012012,2
000012018,2
000012024,2
000012030,2
000012036,2
000012042,2
000012048,2
000012054,3
000012060,3
000012066,3
000012072,3
000012078,3
000012084,3
000012090,3
000012096,3
000012102,3
000012108,3
000012114,3
000012120,3
000012126,3
000012132,3
000012138,3
000012144,3
000012150,3
000012156,3
000012162,3
000012168,3
000012174,3
000012180,3
000012186,3
000012192,3
000012198,3
000012204,3
000012210,3
000012216,3
000012222,2
000012228,2
000012234,2
000012240,2
000012246,2
000012252,2
000012258,2
000012264,2
000012270,2
000012276,2
000012282,2
000012288,2
000012294,2
000012300,3
000012306,3
000012312,3
000012318,3
000012324,3
000012330,3
000012336,3
000012342,3
000012348,3
000012354,3
000012360,3
000012366,3
000012372,3
000012378,3
000012384,3
000012390,3
000012396,3
000012402,3
000012408,3
000012414,3
000012420,3
000012426,3
000012432,3
000012438,3
000012444,3
000012450,3
000012456,3
000012462,3
000012468,3
000012474,3
000012480,3
000012486,3
000012492,3
000012498,3
000012504,3
000012510,3
000012516,3
000012522,3
000012528,3
000012534,3
000012540,3
000012546,3
000012552,3
000012558,3
000012564,3
000012570,3
000012576,3
000012582,3
000012588,3
000012594,3
000012600,3
000012606,3
000012612,3
000012618,3
000012624,3
000012630,3
000012636,3
000012642,3
000012648,3
000012654,3
000012660,3
000012666,3
000012672,3
000012678,3
000012684,3
000012690,3
000012696,3
000012702,3
000012708,3
000012714,3
000012720,3
000012726,3
000012732,3
000012738,3
000012744,3
000012750,3
000012756,3
000012762,3
000012768,3
000012774,3
000012780,3
000012786,3
000012792,3
000012798,3
000012804,3
000012810,3
000012816,3
000012822,3
000012828,3
000012834,3
000012840,3
000012846,3
000012852,3
000012858,3
000012864,3
000012870,3
000012876,3
000012882,3
000012888,3
000012894,3
000012900,3
000012906,3
000012912,3
000012918,3
000012924,3
000012930,3
000012936,3
000012942,3
000012948,3
000012954,3
000012960,3
000012966,3
000012972,3
000012978,3
000012984,3
000012990,3
000012996,3
000013002,3
000013008,3
000013014,4
000013020,4
000013026,4
000013032,4
000013038,4
000013044,4
000013050,4
000013056,4
000013062,4
000013068,4
000013074,4
000013080,4
000013086,4
000013092,4
000013098,4
000013104,4
000013110,4
000013116,4
000013122,4
000013128,4
000013134,4
000013140,4
000013146,4
000013152,4
000013158,4
000013164,4
000013170,4
000013176,4
000013182,4
000013188,4
000013194,4
000013200,4
000013206,4
000013212,4
000013218,4
000013224,4
000013230,4
000013236,4
000013242,4
000013248,4
000013254,4
000013260,4
000013266,4
000013272,4
000013278,4
000013284,4
000013290,4
000013296,4
000013302,4
000013308,4
000013314,4
000013320,4
000013326,4
000013332,4
000013338,4
000013344,4
000013350,4
000013356,4
000013362,4
000013368,4
000013374,4
000013380,4
000013386,4
000013392,4
000013398,4
000013404,4
000013410,4
000013416,2
000013422,2
000013428,2
000013434,2
000013440,2
000013446,2
000013452,2
000013458,2
000013464,2
000013470,2
000013476,2
000013482,2
000013488,2
000013494,2
000013500,2
000013506,2
000013512,2
000013518,2
000013524,2
000013530,2
000013536,2
000013542,2
000013548,2
000013554,3
000013560,3
000013566,3
000013572,3
000013578,3
000013584,3
000013590,3
000013596,3
000013602,3
000013608,3
000013614,3
000013620,3
000013626,3
000013632,3
000013638,3
000013644,3
000013650,3
000013656,3
000013662,3
000013668,3
000013674,3
000013680,3
000013686,3
000013692,3
000013698,3
000013704,3
000013710,3
000013716,3
000013722,3
000013728,3
000013734,3
000013740,3
000013746,3
000013752,3
000013758,3
000013764,3
000013770,3
000013776,3
000013782,3
000013788,3
000013794,3
000013800,3
000013806,3
000013812,3
000013818,3
000013824,3
000013830,3
000013836,3
000013842,3
000013848,3
000013854,3
000013860,3
000013866,3
000013872,3
000013878,3
000013884,3
000013890,3
000013896,3
000013902,3
000013908,3
000013914,3
000013920,3
000013926,3
000013932,3
000013938,3
000013944,3
000013950,3
000013956,3
000013962,4
000013968,4
000013974,4
000013980,4
000013986,4
000013992,4
000013998,4
000014004,4
000014010,4
000014016,4
000014022,4
000014028,4
000014034,4
000014040,4
000014046,4
000014052,4
000014058,4
000014064,4
000014070,4
000014076,4
000014082,4
000014088,4
000014094,4
000014100,4
000014106,4
000014112,4
000014118,4
000014124,4
000014130,4
000014136,4
000014142,4
000014148,4
000014154,4
000014160,4
000014166,4
000014172,4
000014178,4
000014184,4
000014190,4
000014196,4
000014202,4
000014208,4
000014214,4
000014220,4
000014226,4
000014232,4
000014238,4
000014244,4
000014250,4
000014256,4
000014262,4
000014268,4
000014274,4
000014280,4
000014286,4
000014292,4
000014298,4
000014304,4
000014310,4
000014316,4
000014322,4
000014328,4
000014334,4
000014340,4
000014346,4
000014352,4
000014358,4
000014364,4
000014370,4
000014376,4
000014382,4
000014388,4
000014394,2
000014400,2
000014406,2
000014412,2
000014418,2
000014424,2
000014430,2
000014436,2
000014442,2
000014448,2
000014454,2
000014460,2
000014466,2
000014472,2
000014478,2
000014484,2
000014490,2
000014496,2
000014502,3
000014508,3
000014514,3
000014520,3
000014526,3
000014532,3
000014538,3
000014544,3
000014550,3
000014556,3
000014562,3
000014568,3
000014574,3
000014580,3
000014586,3
000014592,3
000014598,3
000014604,3
000014610,3
000014616,3
000014622,3
000014628,3
000014634,3
000014640,3
000014646,3
000014652,3
000014658,3
000014664,3
000014670,3
000014676,3
000014682,3
000014688,3
000014694,3
000014700,3
000014706,3
000014712,3
000014718,3
000014724,3
000014730,3
000014736,3
000014742,3
000014748,3
000014754,3
000014760,3
000014766,3
000014772,3
000014778,3
000014784,3
000014790,3
000014796,3
000014802,3
000014808,3
000014814,3
000014820,3
000014826,3
000014832,3
000014838,3
000014844,3
000014850,3
000014856,4
000014862,4
000014868,4
000014874,4
000014880,4
000014886,4
000014892,4
000014898,4
000014904,4
000014910,4
000014916,4
000014922,4
000014928,4
000014934,4
000014940,4
000014946,4
000014952,4
000014958,4
000014964,4
000014970,4
000014976,4
000014982,4
000014988,4
000014994,4
000015000,4
000015006,4
000015012,4
000015018,4
000015024,4
000015030,4
000015036,4
000015042,4
000015048,4
000015054,4
000015060,4
000015066,4
000015072,4
000015078,4
000015084,4
000015090,4
000015096,4
000015102,4
000015108,4
000015114,4
000015120,4
000015126,4
000015132,4
000015138,4
000015144,4
000015150,4
000015156,4
000015162,4
000015168,4
000015174,4
000015180,4
000015186,4
000015192,4
000015198,4
000015204,4
000015210,4
000015216,4
000015222,2
000015228,2
000015234,2
000015240,2
000015246,2
000015252,2
000015258,2
000015264,2
000015270,2
000015276,2
000015282,2
000015288,2
000015294,2
000015300,2
000015306,2
000015312,2
000015318,2
000015324,2
000015330,2
000015336,2
000015342,2
000015348,2
000015354,2
000015360,2
000015366,2
000015372,2
000015378,2
000015384,2
000015390,2
000015396,2
000015402,3
000015408,3
000015414,3
000015420,3
000015426,3
000015432,3
000015438,3
000015444,3
000015450,3
000015456,3
000015462,3
000015468,3
000015474,3
000015480,3
000015486,3
000015492,3
000015498,3
000015504,3
000015510,3
000015516,3
000015522,3
000015528,3
000015534,3
000015540,3
000015546,3
000015552,3
000015558,3
000015564,3
000015570,3
000015576,3
000015582,3
000015588,3
000015594,3
000015600,3
000015606,3
000015612,3
000015618,3
000015624,3
000015630,3
000015636,3
000015642,3
000015648,3
000015654,3
000015660,3
000015666,3
000015672,3
000015678,3
000015684,3
000015690,3
000015696,3
000015702,3
000015708,3
000015714,4
000015720,4
000015726,4
000015732,4
000015738,4
000015744,4
000015750,4
000015756,4
000015762,4
000015768,4
000015774,4
000015780,4
000015786,4
000015792,4
000015798,4
000015804,4
000015810,4
000015816,4
000015822,4
000015828,4
000015834,4
000015840,4
000015846,4
000015852,4
000015858,4
000015864,4
000015870,4
000015876,4
000015882,4
000015888,4
000015894,4
000015900,4
000015906,4
000015912,4
000015918,4
000015924,4
000015930,4
000015936,4
000015942,4
000015948,4
000015954,4
000015960,4
000015966,4
000015972,4
000015978,4
000015984,4
000015990,4
000015996,4
000016002,4
000016008,4
000016014,4
000016020,4
000016026,4
000016032,4
000016038,2
000016044,2
000016050,2
000016056,2
000016062,2
000016068,2
000016074,2
000016080,2
000016086,2
000016092,2
000016098,2
000016104,2
000016110,2
000016116,2
000016122,2
000016128,2
000016134,2
000016140,2
000016146,2
000016152,2
000016158,2
000016164,2
000016170,2
000016176,3
000016182,3
000016188,3
000016194,3
000016200,3
000016206,3
000016212,3
000016218,3
000016224,3
000016230,3
000016236,3
000016242,3
000016248,3
000016254,3
000016260,3
000016266,3
000016272,3
000016278,3
000016284,3
000016290,3
000016296,3
000016302,3
000016308,3
000016314,3
000016320,3
000016326,3
000016332,3
000016338,3
000016344,3
000016350,3
000016356,3
000016362,3
000016368,3
000016374,3
000016380,3
000016386,3
000016392,3
000016398,3
000016404,3
000016410,3
000016416,3
000016422,3
000016428,3
000016434,3
000016440,3
000016446,3
000016452,3
000016458,3
000016464,3
000016470,3
000016476,3
000016482,3
000016488,3
000016494,3
000016500,3
000016506,3
000016512,3
000016518,3
000016524,3
000016530,3
000016536,3
000016542,3
000016548,3
000016554,3
000016560,3
000016566,3
000016572,3
000016578,3
000016584,3
000016590,3
000016596,3
000016602,3
000016608,3
000016614,3
000016620,3
000016626,3
000016632,3
000016638,3
000016644,3
000016650,3
000016656,3
000016662,3
000016668,3
000016674,3
000016680,3
000016686,3
000016692,3
000016698,3
000016704,3
000016710,3
000016716,3
000016722,3
000016728,3
000016734,3
000016740,3
000016746,3
000016752,3
000016758,3
000016764,3
000016770,3
000016776,3
000016782,3
000016788,3
000016794,3
000016800,4
000016806,4
000016812,4
000016818,4
000016824,4
000016830,4
000016836,4
000016842,4
000016848,4
000016854,4
000016860,4
000016866,4
000016872,4
000016878,4
000016884,4
000016890,4
000016896,4
000016902,4
000016908,4
000016914,4
000016920,4
000016926,4
000016932,4
000016938,4
000016944,4
000016950,4
000016956,4
000016962,4
000016968,4
000016974,4
000016980,4
000016986,4
000016992,4
000016998,4
000017004,4
000017010,4
000017016,4
000017022,4
000017028,4
000017034,4
000017040,4
000017046,4
000017052,4
000017058,4
000017064,4
000017070,4
000017076,4
000017082,4
000017088,4
000017094,4
000017100,4
000017106,4
000017112,4
000017118,4
000017124,4
000017130,4
000017136,4
000017142,4
000017148,4
000017154,4
000017160,4
000017166,4
000017172,4
000017178,4
000017184,4
000017190,4
000017196,4
000017202,4
000017208,4
000017214,4
000017220,4
000017226,4
000017232,4
000017238,4
000017244,4
000017250,4
000017256,4
000017262,4
000017268,4
000017274,4
000017280,4
000017286,4
000017292,4
000017298,4
000017304,4
000017310,4
000017316,4
000017322,4
000017328,4
000017334,4
000017340,4
000017346,4
000017352,4
000017358,4
000017364,4
000017370,4
000017376,4
000017382,4
000017388,6
000017394,6
000017400,6
000017406,6
000017412,6
000017418,6
000017424,6
000017430,6
000017436,6
000017442,6
000017448,6
000017454,6
000017460,6
000017466,6
000017472,6
000017478,6
000017484,6
000017490,6
000017496,6
000017502,6
000017508,6
000017514,6
000017520,6
000017526,6
000017532,6
000017538,6
000017544,6
000017550,6
000017556,6
000017562,6
000017568,6
000017574,6
000017580,6
000017586,6
000017592,6
000017598,6
000017604,6
000017610,6
000017616,6
000017622,6
000017628,6
000017634,6
000017640,6
000017646,6
000017652,6
000017658,6
000017664,6
000017670,6
000017676,6
000017682,6
000017688,6
000017694,6
000017700,6
000017706,6
000017712,6
000017718,6
000017724,6
000017730,6
000017736,6
000017742,6
000017748,6
000017754,6
000017760,6
000017766,6
000017772,6
000017778,6
000017784,6
000017790,6
000017796,6
000017802,6
000017808,6
000017814,6
000017820,6
000017826,6
000017832,6
000017838,6
000017844,6
000017850,6
000017856,6
000017862,6
000017868,6
000017874,6
000017880,6
000017886,6
000017892,6
000017898,6
000017904,6
000017910,6
000017916,6
000017922,6
000017928,6
000017934,6
000017940,6
000017946,6
000017952,6
000017958,6
000017964,6
000017970,6
000017976,6
000017982,6
000017988,6
000017994,6
000018000,6
000018006,6
000018012,6
000018018,6
000018024,6
000018030,6
000018036,6
000018042,6
000018048,6
000018054,6
000018060,6
000018066,6
000018072,6
000018078,6
000018084,6
000018090,6
000018096,6
000018102,6
000018108,6
000018114,6
000018120,6
000018126,6
000018132,6
000018138,6
000018144,6
000018150,6
000018156,6
000018162,6
000018168,6
000018174,6
000018180,6
000018186,6
000018192,6
000018198,6
000018204,6
000018210,6
000018216,6
000018222,6
000018228,6
000018234,6
000018240,6
000018246,6
000018252,6
000018258,6
000018264,6
000018270,6
000018276,6
000018282,6
000018288,6
000018294,7
000018300,7
000018306,7
000018312,7
000018318,7
000018324,7
000018330,7
000018336,7
000018342,7
000018348,7
000018354,7
000018360,7
000018366,7
000018372,7
000018378,7
000018384,7
000018390,7
000018396,7
000018402,7
000018408,7
000018414,7
000018420,7
000018426,7
000018432,7
000018438,7
000018444,7
000018450,7
000018456,7
000018462,7
000018468,7
000018474,7
000018480,7
000018486,7
000018492,7
000018498,7
000018504,7
000018510,7
000018516,7
000018522,7
000018528,7
000018534,7
000018540,7
000018546,7
000018552,7
000018558,7
000018564,7
000018570,7
000018576,7
000018582,7
000018588,7
000018594,7
000018600,7
000018606,7
000018612,7
000018618,7
000018624,7
000018630,7
000018636,7
000018642,7
000018648,7
000018654,7
000018660,7
000018666,7
000018672,7
000018678,7
000018684,7
000018690,7
000018696,7
000018702,7
000018708,7
000018714,7
000018720,7
000018726,7
000018732,7
000018738,7
000018744,7
000018750,7
000018756,7
000018762,7
000018768,7
000018774,7
000018780,7
000018786,7
000018792,7
000018798,7
000018804,7
000018810,7
000018816,7
000018822,7
000018828,7
000018834,7
000018840,7
000018846,7
000018852,7
000018858,7
000018864,7
000018870,7
000018876,7
000018882,7
000018888,7
000018894,7
000018900,7
000018906,7
000018912,7
000018918,7
000018924,7
000018930,7
000018936,7
000018942,7
000018948,7
000018954,7
000018960,7
000018966,7
000018972,7
000018978,7
000018984,7
000018990,7
000018996,7
000019002,7
000019008,7
000019014,7
000019020,7
000019026,7
000019032,7
000019038,7
000019044,7
000019050,7
000019056,7
000019062,7
000019068,7
000019074,7
000019080,7
000019086,7
000019092,7
000019098,7
000019104,7
000019110,7
000019116,7
000019122,7
000019128,7
000019134,7
000019140,0
000019146,0
000019152,0
000019158,0
000019164,0
000019170,0
000019176,0
000019182,0
000019188,0
000019194,0
000019200,0
000019206,0
000019212,0
000019218,0
000019224,0
000019230,0
000019236,0
000019242,0
000019248,0
000019254,0
000019260,0
000019266,0
000019272,0
000019278,0
000019284,0
000019290,0
000019296,0
000019302,0
000019308,0
000019314,0
000019320,0
000019326,0
000019332,0
000019338,0
000019344,0
000019350,0
000019356,0
000019362,0
000019368,0
000019374,0
000019380,0
000019386,0
000019392,0
000019398,0
000019404,0
000019410,0
000019416,0
000019422,0
000019428,0
000019434,0
000019440,0
000019446,0
000019452,0
000019458,0
000019464,0
000019470,0
000019476,0
000019482,0
000019488,0
000019494,0
000019500,0
000019506,0
000019512,0
000019518,0
000019524,0
000019530,0
000019536,0
000019542,0
000019548,0
000019554,0
000019560,0
000019566,0
000019572,0
000019578,0
000019584,0
000019590,0
000019596,0
000019602,0
000019608,0
000019614,0
000019620,0
000019626,0
000019632,0
000019638,0
000019644,0
000019650,0
000019656,0
000019662,0
000019668,0
000019674,0
000019680,0
000019686,0
000019692,0
000019698,0
000019704,0
000019710,0
000019716,0
000019722,0
000019728,0
000019734,0
000019740,0
000019746,0
000019752,0
000019758,0
000019764,0
000019770,0
000019776,0
000019782,0
000019788,0
000019794,0
000019800,0
000019806,0
000019812,0
000019818,0
000019824,0
000019830,0
000019836,0
000019842,0
000019848,0
000019854,0
000019860,0
000019866,0
000019872,0
000019878,0
000019884,0
000019890,0
000019896,0
000019902,0
000019908,0
000019914,0
000019920,0
000019926,0
000019932,0
000019938,0
000019944,0
000019950,0
000019956,0
000019962,0
000019968,0
000019974,0
000019980,0
000019986,0
000019992,0
000019998,0
000020004,0
000020010,0
000020016,0
000020022,0
000020028,0
000020034,0
000020040,0
000020046,0
000020052,0
000020058,0
000020064,0
000020070,0
000020076,0
000020082,0
000020088,0
000020094,0
000020100,0
000020106,0
000020112,0
000020118,0
000020124,0
000020130,0
000020136,0
000020142,0
000020148,0
000020154,0
000020160,0
000020166,0
000020172,0
000020178,0
000020184,0
000020190,0
000020196,0
000020202,0
000020208,0
000020214,0
000020220,0
000020226,0
000020232,0
000020238,0
000020244,0
000020250,0
000020256,0
000020262,0
000020268,0
000020274,0
000020280,0
000020286,0
000020292,0
000020298,0
000020304,0
000020310,0
000020316,0
000020322,0
000020328,0
000020334,0
000020340,0
000020346,0
000020352,0
000020358,0
000020364,0
000020370,0
000020376,0
000020382,0
000020388,0
000020394,0
000020400,0
000020406,0
000020412,0
000020418,0
000020424,1
000020430,1
000020436,1
000020442,1
000020448,1
000020454,1
000020460,1
000020466,1
000020472,1
000020478,1
000020484,1
000020490,1
000020496,1
000020502,1
000020508,1
000020514,1
000020520,1
000020526,1
000020532,1
000020538,1
000020544,1
000020550,1
000020556,1
000020562,1
000020568,1
000020574,1
000020580,1
000020586,1
000020592,1
000020598,1
000020604,1
000020610,1
000020616,1
000020622,1
000020628,1
000020634,1
000020640,1
000020646,1
000020652,1
000020658,1
000020664,1
000020670,1
000020676,1
000020682,1
000020688,1
000020694,1
000020700,1
000020706,1
000020712,1
000020718,1
000020724,1
000020730,1
000020736,1
000020742,1
000020748,1
000020754,1
000020760,2
000020766,2
000020772,2
000020778,2
000020784,2
000020790,2
000020796,2
000020802,2
000020808,2
000020814,2
000020820,2
000020826,2
000020832,2
000020838,2
000020844,2
000020850,2
000020856,2
000020862,2
000020868,2
000020874,2
000020880,2
000020886,2
000020892,2
000020898,2
000020904,2
000020910,2
000020916,2
000020922,2
000020928,2
000020934,2
000020940,2
000020946,2
000020952,2
000020958,2
000020964,2
000020970,2
000020976,2
000020982,2
000020988,2
000020994,2
000021000,2
000021006,2
000021012,2
000021018,2
000021024,2
000021030,2
000021036,2
000021042,2
000021048,2
000021054,2
000021060,2
000021066,2
000021072,2
000021078,2
000021084,2
000021090,2
000021096,2
000021102,2
000021108,2
000021114,2
000021120,2
000021126,2
000021132,2
000021138,2
000021144,2
000021150,2
000021156,2
000021162,2
000021168,2
000021174,2
000021180,2
000021186,2
000021192,2
000021198,2
000021204,2
000021210,2
000021216,2
000021222,2
000021228,2
000021234,2
000021240,2
000021246,2
000021252,2
000021258,2
000021264,2
000021270,2
000021276,2
000021282,2
000021288,2
000021294,2
000021300,2
000021306,2
000021312,2
000021318,2
000021324,2
000021330,2
000021336,2
000021342,2
000021348,2
000021354,2
000021360,2
000021366,2
000021372,2
000021378,2
000021384,2
000021390,2
000021396,2
000021402,2
000021408,2
000021414,2
000021420,2
000021426,2
000021432,2
000021438,2
000021444,2
000021450,2
000021456,2
000021462,2
000021468,2
000021474,2
000021480,2
000021486,2
000021492,2
000021498,2
000021504,2
000021510,2
000021516,2
000021522,2
000021528,2
000021534,2
000021540,2
000021546,2
000021552,2
000021558,2
000021564,2
000021570,2
000021576,2
000021582,2
000021588,2
000021594,2
000021600,2
000021606,2
000021612,2
000021618,2
000021624,2
000021630,2
000021636,2
000021642,2
000021648,2
000021654,2
000021660,2
000021666,2
000021672,2
000021678,2
000021684,2
000021690,2
000021696,2
000021702,2
000021708,2
000021714,2
000021720,2
000021726,2
000021732,2
000021738,2
000021744,2
000021750,2
000021756,2
000021762,2
000021768,2
000021774,2
000021780,2
000021786,2
000021792,2
000021798,2
000021804,2
000021810,2
000021816,2
000021822,2
000021828,2
000021834,2
000021840,2
000021846,2
000021852,2
000021858,2
000021864,2
000021870,2
000021876,2
000021882,2
000021888,2
000021894,2
000021900,2
000021906,2
000021912,2
000021918,2
000021924,2
000021930,2
000021936,2
000021942,2
000021948,2
000021954,2
000021960,2
000021966,2
000021972,2
000021978,2
000021984,2
000021990,2
000021996,2
000022002,2
000022008,2
000022014,2
000022020,2
000022026,2
000022032,2
000022038,2
000022044,2
000022050,2
000022056,2
000022062,2
000022068,2
000022074,3
000022080,3
000022086,3
000022092,3
000022098,3
000022104,3
000022110,3
000022116,3
000022122,3
000022128,3
000022134,3
000022140,3
000022146,3
000022152,3
000022158,3
000022164,3
000022170,3
000022176,3
000022182,3
000022188,3
000022194,3
000022200,3
000022206,3
000022212,3
000022218,3
000022224,3
000022230,3
000022236,3
000022242,3
000022248,3
000022254,3
000022260,3
000022266,3
000022272,3
000022278,3
000022284,3
000022290,3
000022296,3
000022302,3
000022308,3
000022314,3
000022320,3
000022326,3
000022332,3
000022338,3
000022344,3
000022350,3
000022356,3
000022362,3
000022368,3
000022374,3
000022380,3
000022386,3
000022392,3
000022398,3
000022404,3
000022410,3
000022416,3
000022422,3
000022428,3
000022434,3
000022440,3
000022446,3
000022452,4
000022458,4
000022464,4
000022470,4
000022476,4
000022482,4
000022488,4
000022494,4
000022500,4
000022506,4
000022512,4
000022518,4
000022524,4
000022530,4
000022536,4
000022542,4
000022548,4
000022554,4
000022560,4
000022566,4
000022572,4
000022578,4
000022584,4
000022590,4
000022596,4
000022602,4
000022608,4
000022614,4
000022620,4
000022626,4
000022632,4
000022638,4
000022644,4
000022650,4
000022656,4
000022662,4
000022668,4
000022674,4
000022680,4
000022686,4
000022692,4
000022698,4
000022704,4
000022710,4
000022716,4
000022722,4
000022728,4
000022734,4
000022740,4
000022746,4
000022752,4
000022758,4
000022764,4
000022770,4
000022776,4
000022782,4
000022788,4
000022794,4
000022800,4
000022806,4
000022812,4
000022818,4
000022824,4
000022830,4
000022836,4
000022842,4
000022848,4
000022854,4
000022860,4
000022866,4
000022872,4
000022878,4
000022884,4
000022890,4
000022896,4
000022902,4
000022908,4
000022914,4
000022920,4
000022926,4
000022932,4
000022938,4
000022944,4
000022950,4
000022956,4
000022962,4
000022968,4
000022974,4
000022980,4
000022986,4
000022992,4
000022998,4
000023004,4
000023010,4
000023016,4
000023022,4
000023028,4
000023034,4
000023040,4
000023046,4
000023052,4
000023058,4
000023064,4
000023070,4
000023076,4
000023082,4
000023088,4
000023094,4
000023100,4
000023106,4
000023112,4
000023118,4
000023124,4
000023130,4
000023136,4
000023142,4
000023148,4
000023154,4
000023160,4
000023166,4
000023172,4
000023178,4
000023184,4
000023190,4
000023196,4
000023202,4
000023208,4
000023214,4
000023220,4
000023226,4
000023232,4
000023238,5
000023244,5
000023250,5
000023256,5
000023262,5
000023268,5
000023274,5
000023280,5
000023286,5
000023292,5
000023298,5
000023304,5
000023310,5
000023316,5
000023322,5
000023328,5
000023334,5
000023340,5
000023346,5
000023352,5
000023358,5
000023364,5
000023370,5
000023376,5
000023382,5
000023388,5
000023394,5
000023400,5
000023406,5
000023412,5
000023418,5
000023424,5
000023430,5
000023436,5
000023442,5
000023448,5
000023454,5
000023460,5
000023466,5
000023472,5
000023478,5
000023484,5
000023490,5
000023496,5
000023502,5
000023508,5
000023514,5
000023520,5
000023526,5
000023532,5
000023538,5
000023544,5
000023550,5
000023556,5
000023562,5
000023568,5
000023574,5
000023580,5
000023586,5
000023592,5
000023598,5
000023604,5
000023610,5
000023616,5
000023622,5
000023628,5
000023634,5
000023640,5
000023646,5
000023652,5
000023658,5
000023664,5
000023670,5
000023676,5
000023682,5
000023688,5
000023694,5
000023700,5
000023706,5
000023712,5
000023718,5
000023724,5
000023730,5
000023736,5
000023742,5
000023748,5
000023754,5
000023760,5
000023766,5
000023772,5
000023778,5
000023784,5
000023790,5
000023796,5
000023802,5
000023808,5
000023814,5
000023820,5
000023826,5
000023832,5
000023838,5
000023844,5
000023850,5
000023856,5
000023862,5
000023868,5
000023874,5
000023880,5
000023886,5
000023892,5
000023898,5
000023904,5
000023910,5
000023916,5
000023922,5
000023928,5
000023934,5
000023940,5
000023946,5
000023952,5
000023958,5
000023964,5
000023970,5
000023976,5
000023982,5
000023988,5
000023994,5
000024000,5
000024006,5
000024012,5
000024018,5
000024024,5
000024030,5
000024036,5
000024042,5
000024048,5
000024054,5
000024060,5
000024066,5
000024072,5
000024078,5
000024084,5
000024090,5
000024096,5
000024102,5
000024108,5
000024114,5
000024120,5
000024126,5
000024132,5
000024138,5
000024144,5
000024150,5
000024156,5
000024162,5
000024168,5
000024174,5
000024180,5
000024186,5
000024192,5
000024198,5
000024204,5
000024210,5
000024216,5
000024222,5
000024228,5
000024234,5
000024240,5
000024246,5
000024252,5
000024258,5
000024264,5
000024270,5
000024276,5
000024282,5
000024288,5
000024294,5
000024300,5
000024306,5
000024312,5
000024318,5
000024324,5
000024330,5
000024336,5
000024342,5
000024348,5
000024354,5
000024360,5
000024366,5
000024372,5
000024378,5
000024384,5
000024390,5
000024396,5
000024402,5
000024408,5
000024414,5
000024420,5
000024426,5
000024432,5
000024438,5
000024444,5
000024450,5
000024456,5
000024462,5
000024468,5
000024474,5
000024480,5
000024486,5
000024492,5
000024498,5
000024504,5
000024510,5
000024516,5
000024522,5
000024528,5
000024534,5
000024540,5
000024546,5
000024552,5
000024558,5
000024564,5
000024570,5
000024576,5
000024582,5
000024588,5
000024594,5
000024600,5
000024606,5
000024612,5
000024618,5
000024624,5
000024630,5
000024636,5
000024642,5
000024648,5
000024654,5
000024660,1
000024666,1
000024672,1
000024678,1
000024684,1
000024690,1
000024696,1
000024702,1
000024708,1
000024714,1
000024720,1
000024726,1
000024732,1
000024738,1
000024744,1
000024750,1
000024756,1
000024762,1
000024768,1
000024774,1
000024780,1
000024786,1
000024792,1
000024798,1
000024804,1
000024810,1
000024816,1
000024822,1
000024828,1
000024834,1
000024840,1
000024846,1
000024852,1
000024858,1
000024864,1
000024870,1
000024876,1
000024882,1
000024888,1
000024894,1
000024900,1
000024906,1
000024912,1
000024918,1
000024924,1
000024930,1
000024936,1
000024942,1
000024948,1
000024954,1
000024960,1
000024966,1
000024972,1
000024978,1
000024984,1
000024990,1
000024996,1
000025002,1
000025008,1
000025014,1
000025020,1
000025026,1
000025032,1
000025038,1
000025044,1
000025050,1
000025056,1
000025062,1
000025068,1
000025074,1
000025080,1
000025086,1
000025092,1
000025098,1
000025104,1
000025110,1
000025116,1
000025122,1
000025128,1
000025134,1
000025140,1
000025146,1
000025152,2
000025158,2
000025164,2
000025170,2
000025176,2
000025182,2
000025188,2
000025194,2
000025200,2
000025206,2
000025212,2
000025218,2
000025224,2
000025230,2
000025236,2
000025242,2
000025248,2
000025254,2
000025260,2
000025266,2
000025272,2
000025278,2
000025284,2
000025290,2
000025296,2
000025302,2
000025308,2
000025314,2
000025320,2
000025326,2
000025332,2
000025338,2
000025344,2
000025350,2
000025356,2
000025362,2
000025368,2
000025374,2
000025380,2
000025386,2
000025392,2
000025398,2
000025404,2
000025410,2
000025416,2
000025422,2
000025428,2
000025434,2
000025440,2
000025446,2
000025452,2
000025458,2
000025464,2
000025470,2
000025476,2
000025482,2
000025488,2
000025494,2
000025500,2
000025506,2
000025512,2
000025518,2
000025524,2
000025530,2
000025536,2
000025542,2
000025548,2
000025554,2
000025560,2
000025566,2
000025572,2
000025578,2
000025584,2
000025590,2
000025596,2
000025602,2
000025608,2
000025614,2
000025620,2
000025626,2
000025632,2
000025638,2
000025644,2
000025650,2
000025656,2
000025662,2
000025668,2
000025674,2
000025680,2
000025686,2
000025692,3
000025698,3
000025704,3
000025710,3
000025716,3
000025722,3
000025728,3
000025734,3
000025740,3
000025746,3
000025752,3
000025758,3
000025764,3
000025770,3
000025776,3
000025782,3
000025788,3
000025794,3
000025800,3
000025806,3
000025812,3
000025818,3
000025824,3
000025830,3
000025836,3
000025842,3
000025848,3
000025854,3
000025860,3
000025866,3
000025872,3
000025878,3
000025884,3
000025890,3
000025896,3
000025902,3
000025908,3
000025914,3
000025920,3
000025926,3
000025932,3
000025938,3
000025944,3
000025950,3
000025956,3
000025962,3
000025968,3
000025974,3
000025980,3
000025986,3
000025992,3
000025998,3
000026004,3
000026010,3
000026016,3
000026022,3
000026028,3
000026034,3
000026040,3
000026046,3
000026052,3
000026058,3
000026064,3
000026070,3
000026076,3
000026082,3
000026088,3
000026094,4
000026100,4
000026106,4
000026112,4
000026118,4
000026124,4
000026130,4
000026136,4
000026142,4
000026148,4
000026154,4
000026160,4
000026166,4
000026172,4
000026178,4
000026184,4
000026190,4
000026196,4
000026202,4
000026208,4
000026214,4
000026220,4
000026226,4
000026232,4
000026238,4
000026244,4
000026250,4
000026256,4
000026262,4
000026268,4
000026274,4
000026280,4
000026286,4
000026292,4
000026298,4
000026304,4
000026310,4
000026316,4
000026322,4
000026328,4
000026334,4
000026340,4
000026346,4
000026352,4
000026358,4
000026364,4
000026370,4
000026376,4
000026382,4
000026388,4
000026394,4
000026400,4
000026406,4
000026412,4
000026418,4
000026424,4
000026430,4
000026436,4
000026442,4
000026448,4
000026454,4
000026460,4
000026466,4
000026472,4
000026478,4
000026484,4
000026490,4
000026496,4
000026502,4
000026508,4
000026514,4
000026520,4
000026526,4
000026532,4
000026538,4
000026544,4
000026550,4
000026556,4
000026562,4
000026568,4
000026574,4
000026580,4
000026586,4
000026592,4
000026598,4
000026604,4
000026610,4
000026616,4
000026622,2
000026628,2
000026634,2
000026640,2
000026646,2
000026652,2
000026658,2
000026664,2
000026670,2
000026676,2
000026682,2
000026688,2
000026694,2
000026700,2
000026706,2
000026712,2
000026718,2
000026724,2
000026730,2
000026736,2
000026742,2
000026748,2
000026754,2
000026760,2
000026766,2
000026772,2
000026778,2
000026784,2
000026790,2
000026796,2
000026802,2
000026808,2
000026814,2
000026820,2
000026826,2
000026832,2
000026838,2
000026844,2
000026850,2
000026856,2
000026862,2
000026868,2
000026874,2
000026880,2
000026886,2
000026892,2
000026898,2
000026904,2
000026910,2
000026916,2
000026922,2
000026928,2
000026934,2
000026940,2
000026946,2
000026952,2
000026958,2
000026964,2
000026970,2
000026976,2
000026982,2
000026988,3
000026994,3
000027000,3
000027006,3
000027012,3
000027018,3
000027024,3
000027030,3
000027036,3
000027042,3
000027048,3
000027054,3
000027060,3
000027066,3
000027072,3
000027078,3
000027084,3
000027090,3
000027096,3
000027102,3
000027108,3
000027114,3
000027120,3
000027126,3
000027132,3
000027138,3
000027144,3
000027150,3
000027156,3
000027162,3
000027168,3
000027174,3
000027180,3
000027186,3
000027192,3
000027198,3
000027204,3
000027210,3
000027216,3
000027222,3
000027228,3
000027234,3
000027240,3
000027246,3
000027252,3
000027258,3
000027264,3
000027270,3
000027276,3
000027282,3
000027288,3
000027294,3
000027300,3
000027306,3
000027312,3
000027318,3
000027324,3
000027330,3
000027336,3
000027342,3
000027348,3
000027354,3
000027360,3
000027366,3
000027372,3
000027378,3
000027384,3
000027390,3
000027396,3
000027402,3
000027408,3
000027414,3
000027420,3
000027426,3
000027432,3
000027438,3
000027444,3
000027450,3
000027456,3
000027462,3
000027468,3
000027474,4
000027480,4
000027486,4
000027492,4
000027498,4
000027504,4
000027510,4
000027516,4
000027522,4
000027528,4
000027534,4
000027540,4
000027546,4
000027552,4
000027558,4
000027564,4
000027570,4
000027576,4
000027582,4
000027588,4
000027594,4
000027600,4
000027606,4
000027612,4
000027618,4
000027624,4
000027630,4
000027636,4
000027642,4
000027648,4
000027654,4
000027660,4
000027666,4
000027672,4
000027678,4
000027684,4
000027690,4
000027696,4
000027702,4
000027708,4
000027714,4
000027720,4
000027726,4
000027732,4
000027738,4
000027744,4
000027750,4
000027756,4
000027762,4
000027768,4
000027774,4
000027780,4
000027786,4
000027792,4
000027798,4
000027804,4
000027810,4
000027816,4
000027822,4
000027828,4
000027834,4
000027840,4
000027846,4
000027852,4
000027858,4
000027864,4
000027870,4
000027876,4
000027882,4
000027888,4
000027894,4
000027900,4
000027906,4
000027912,4
000027918,4
000027924,4
000027930,4
000027936,4
000027942,4
000027948,4
000027954,4
000027960,4
000027966,4
000027972,4
000027978,4
000027984,4
000027990,4
000027996,4
000028002,4
000028008,4
000028014,4
000028020,2
000028026,2
000028032,2
000028038,2
000028044,2
000028050,2
000028056,2
000028062,2
000028068,2
000028074,2
000028080,2
000028086,2
000028092,2
000028098,2
000028104,2
000028110,2
000028116,2
000028122,2
000028128,2
000028134,2
000028140,2
000028146,2
000028152,2
000028158,2
000028164,2
000028170,2
000028176,2
000028182,2
000028188,2
000028194,2
000028200,2
000028206,2
000028212,2
000028218,2
000028224,2
000028230,3
000028236,3
000028242,3
000028248,3
000028254,3
000028260,3
000028266,3
000028272,3
000028278,3
000028284,3
000028290,3
000028296,3
000028302,3
000028308,3
000028314,3
000028320,3
000028326,3
000028332,3
000028338,3
000028344,3
000028350,3
000028356,3
000028362,3
000028368,3
000028374,3
000028380,3
000028386,3
000028392,3
000028398,3
000028404,3
000028410,3
000028416,3
000028422,3
000028428,3
000028434,3
000028440,3
000028446,3
000028452,3
000028458,3
000028464,3
000028470,3
000028476,3
000028482,3
000028488,3
000028494,3
000028500,3
000028506,3
000028512,3
000028518,3
000028524,3
000028530,3
000028536,3
000028542,3
000028548,3
000028554,3
000028560,3
000028566,3
000028572,3
000028578,3
000028584,3
000028590,3
000028596,3
000028602,3
000028608,3
000028614,3
000028620,3
000028626,3
000028632,3
000028638,3
000028644,3
000028650,3
000028656,3
000028662,3
000028668,3
000028674,3
000028680,3
000028686,3
000028692,3
000028698,3
000028704,3
000028710,3
000028716,3
000028722,3
000028728,3
000028734,3
000028740,3
000028746,3
000028752,3
000028758,3
000028764,3
000028770,3
000028776,3
000028782,3
000028788,3
000028794,3
000028800,3
000028806,3
000028812,3
000028818,3
000028824,3
000028830,3
000028836,3
000028842,3
000028848,3
000028854,3
000028860,3
000028866,3
000028872,3
000028878,3
000028884,3
000028890,3
000028896,3
000028902,3
000028908,3
000028914,3
000028920,3
000028926,3
000028932,3
000028938,3
000028944,3
000028950,3
000028956,3
000028962,3
000028968,3
000028974,3
000028980,3
000028986,3
000028992,3
000028998,3
000029004,3
000029010,3
000029016,3
000029022,3
000029028,3
000029034,3
000029040,3
000029046,3
000029052,3
000029058,3
000029064,3
000029070,3
000029076,3
000029082,3
000029088,4
000029094,4
000029100,4
000029106,4
000029112,4
000029118,4
000029124,4
000029130,4
000029136,4
000029142,4
000029148,4
000029154,4
000029160,4
000029166,4
000029172,4
000029178,4
000029184,4
000029190,4
000029196,4
000029202,4
000029208,4
000029214,4
000029220,4
000029226,4
000029232,4
000029238,4
000029244,4
000029250,4
000029256,4
000029262,4
000029268,4
000029274,4
000029280,4
000029286,4
000029292,4
000029298,4
000029304,4
000029310,4
000029316,4
000029322,4
000029328,4
000029334,4
000029340,4
000029346,4
000029352,4
000029358,4
000029364,4
000029370,4
000029376,4
000029382,4
000029388,4
000029394,4
000029400,4
000029406,4
000029412,4
000029418,4
000029424,4
000029430,4
000029436,4
000029442,4
000029448,4
000029454,4
000029460,4
000029466,4
000029472,4
000029478,4
000029484,4
000029490,4
000029496,4
000029502,4
000029508,4
000029514,4
000029520,4
000029526,4
000029532,4
000029538,4
000029544,4
000029550,4
000029556,4
000029562,4
000029568,4
000029574,4
000029580,4
000029586,4
000029592,4
000029598,4
000029604,4
000029610,4
000029616,4
000029622,4
000029628,4
000029634,4
000029640,4
000029646,4
000029652,4
000029658,4
000029664,4
000029670,4
000029676,4
000029682,4
000029688,4
000029694,4
000029700,4
000029706,4
000029712,4
000029718,4
000029724,4
000029730,4
000029736,4
000029742,4
000029748,4
000029754,4
000029760,4
000029766,4
000029772,4
000029778,4
000029784,4
000029790,4
000029796,2
000029802,2
000029808,2
000029814,2
000029820,2
000029826,2
000029832,2
000029838,2
000029844,2
000029850,2
000029856,2
000029862,2
000029868,2
000029874,2
000029880,2
000029886,2
000029892,2
000029898,2
000029904,2
000029910,2
000029916,2
000029922,2
000029928,2
000029934,2
000029940,2
000029946,2
000029952,2
000029958,2
000029964,2
000029970,3
000029976,3
000029982,3
000029988,3
000029994,3
000030000,3
000030006,3
000030012,3
000030018,3
000030024,3
000030030,3
000030036,3
000030042,3
000030048,3
000030054,3
000030060,3
000030066,3
000030072,3
000030078,3
000030084,3
000030090,3
000030096,3
000030102,3
000030108,3
000030114,3
000030120,3
000030126,3
000030132,3
000030138,3
000030144,3
000030150,3
000030156,3
000030162,3
000030168,3
000030174,3
000030180,3
000030186,3
000030192,3
000030198,3
000030204,3
000030210,3
000030216,3
000030222,3
000030228,3
000030234,3
000030240,3
000030246,3
000030252,3
000030258,3
000030264,3
000030270,3
000030276,3
000030282,3
000030288,3
000030294,4
000030300,4
000030306,4
000030312,4
000030318,4
000030324,4
000030330,4
000030336,4
000030342,4
000030348,4
000030354,4
000030360,4
000030366,4
000030372,4
000030378,4
000030384,4
000030390,4
000030396,4
000030402,4
000030408,4
000030414,4
000030420,4
000030426,4
000030432,4
000030438,4
000030444,4
000030450,4
000030456,4
000030462,4
000030468,4
000030474,4
000030480,4
000030486,4
000030492,4
000030498,4
000030504,4
000030510,4
000030516,4
000030522,4
000030528,4
000030534,4
000030540,4
000030546,4
000030552,4
000030558,4
000030564,4
000030570,4
000030576,4
000030582,4
000030588,4
000030594,4
000030600,4
000030606,4
000030612,4
000030618,4
000030624,4
000030630,4
000030636,4
000030642,4
000030648,4
000030654,4
000030660,4
000030666,4
000030672,4
000030678,4
000030684,4
000030690,4
000030696,4
000030702,4
000030708,2
000030714,2
000030720,2
000030726,2
000030732,2
000030738,2
000030744,2
000030750,2
000030756,2
000030762,2
000030768,2
000030774,2
000030780,2
000030786,2
000030792,2
000030798,2
000030804,3
000030810,3
000030816,3
000030822,3
000030828,3
000030834,3
000030840,3
000030846,3
000030852,3
000030858,3
000030864,3
000030870,3
000030876,3
000030882,3
000030888,3
000030894,3
000030900,3
000030906,3
000030912,3
000030918,3
000030924,3
000030930,3
000030936,3
000030942,3
000030948,3
000030954,3
000030960,3
000030966,3
000030972,3
000030978,3
000030984,3
000030990,3
000030996,3
000031002,3
000031008,3
000031014,3
000031020,3
000031026,3
000031032,3
000031038,3
000031044,3
000031050,3
000031056,3
000031062,3
000031068,3
000031074,3
000031080,3
000031086,3
000031092,3
000031098,3
000031104,3
000031110,3
000031116,3
000031122,3
000031128,3
000031134,3
000031140,3
000031146,3
000031152,3
000031158,3
000031164,3
000031170,3
000031176,3
000031182,3
000031188,3
000031194,3
000031200,3
000031206,3
000031212,3
000031218,3
000031224,3
000031230,3
000031236,3
000031242,3
000031248,3
000031254,3
000031260,3
000031266,3
000031272,3
000031278,3
000031284,3
000031290,3
000031296,3
000031302,3
000031308,3
000031314,3
000031320,3
000031326,3
000031332,3
000031338,3
000031344,3
000031350,3
000031356,3
000031362,3
000031368,3
000031374,3
000031380,3
000031386,3
000031392,3
000031398,3
000031404,3
000031410,3
000031416,3
000031422,3
000031428,3
000031434,3
000031440,3
000031446,3
000031452,3
000031458,3
000031464,3
000031470,3
000031476,3
000031482,3
000031488,3
000031494,3
000031500,3
000031506,3
000031512,3
000031518,3
000031524,3
000031530,3
000031536,3
000031542,3
000031548,3
000031554,3
000031560,3
000031566,3
000031572,3
000031578,3
000031584,3
000031590,3
000031596,3
000031602,3
000031608,3
000031614,3
000031620,3
000031626,3
000031632,3
000031638,3
000031644,3
000031650,3
000031656,3
000031662,4
000031668,4
000031674,4
000031680,4
000031686,4
000031692,4
000031698,4
000031704,4
000031710,4
000031716,4
000031722,4
000031728,4
000031734,4
000031740,4
000031746,4
000031752,4
000031758,4
000031764,4
000031770,4
000031776,4
000031782,4
000031788,4
000031794,4
000031800,4
000031806,4
000031812,4
000031818,4
000031824,4
000031830,4
000031836,4
000031842,4
000031848,4
000031854,4
000031860,4
000031866,4
000031872,4
000031878,4
000031884,4
000031890,4
000031896,4
000031902,4
000031908,4
000031914,4
000031920,4
000031926,4
000031932,4
000031938,4
000031944,4
000031950,4
000031956,4
000031962,4
000031968,4
000031974,4
000031980,4
000031986,4
000031992,4
000031998,4
000032004,4
000032010,4
000032016,4
000032022,4
000032028,4
000032034,4
000032040,4
000032046,4
000032052,4
000032058,4
000032064,4
000032070,4
000032076,4
000032082,4
000032088,4
000032094,4
000032100,4
000032106,4
000032112,4
000032118,4
000032124,4
000032130,4
000032136,4
000032142,4
000032148,2
000032154,2
000032160,2
000032166,2
000032172,2
000032178,2
000032184,2
000032190,2
000032196,2
000032202,2
000032208,2
000032214,2
000032220,2
000032226,2
000032232,2
000032238,2
000032244,2
000032250,2
000032256,2
000032262,2
000032268,2
000032274,2
000032280,2
000032286,2
000032292,2
000032298,2
000032304,2
000032310,2
000032316,2
000032322,2
000032328,2
000032334,2
000032340,2
000032346,2
000032352,2
000032358,2
000032364,2
000032370,2
000032376,2
000032382,3
000032388,3
000032394,3
000032400,3
000032406,3
000032412,3
000032418,3
000032424,3
000032430,3
000032436,3
000032442,3
000032448,3
000032454,3
000032460,3
000032466,3
000032472,3
000032478,3
000032484,3
000032490,3
000032496,3
000032502,3
000032508,3
000032514,3
000032520,3
000032526,3
000032532,3
000032538,3
000032544,3
000032550,3
000032556,3
000032562,3
000032568,3
000032574,3
000032580,3
000032586,3
000032592,3
000032598,3
000032604,3
000032610,3
000032616,3
000032622,3
000032628,3
000032634,3
000032640,3
000032646,3
000032652,3
000032658,3
000032664,3
000032670,3
000032676,3
000032682,3
000032688,3
000032694,3
000032700,3
000032706,3
000032712,3
000032718,3
000032724,3
000032730,3
000032736,3
000032742,3
000032748,3
000032754,3
000032760,3
000032766,3
000032772,3
000032778,3
000032784,3
000032790,3
000032796,3
000032802,3
000032808,3
000032814,3
000032820,3
000032826,3
000032832,3
000032838,3
000032844,3
000032850,3
000032856,3
000032862,3
000032868,3
000032874,3
000032880,3
000032886,3
000032892,3
000032898,3
000032904,3
000032910,3
000032916,3
000032922,3
000032928,3
000032934,3
000032940,3
000032946,3
000032952,3
000032958,3
000032964,3
000032970,3
000032976,3
000032982,3
000032988,3
000032994,3
000033000,3
000033006,3
000033012,3
000033018,3
000033024,3
000033030,3
000033036,3
000033042,3
000033048,3
000033054,3
000033060,3
000033066,3
000033072,3
000033078,3
000033084,2
000033090,2
000033096,2
000033102,2
000033108,2
000033114,2
000033120,2
000033126,2
000033132,2
000033138,2
000033144,2
000033150,2
000033156,2
000033162,2
000033168,2
000033174,2
000033180,2
000033186,2
000033192,2
000033198,2
000033204,2
000033210,2
000033216,2
000033222,2
000033228,2
000033234,2
000033240,2
000033246,2
000033252,2
000033258,2
000033264,2
000033270,2
000033276,2
000033282,2
000033288,2
000033294,2
000033300,2
000033306,2
000033312,2
000033318,2
000033324,3
000033330,3
000033336,3
000033342,3
000033348,3
000033354,3
000033360,3
000033366,3
000033372,3
000033378,3
000033384,3
000033390,3
000033396,3
000033402,3
000033408,3
000033414,3
000033420,3
000033426,3
000033432,3
000033438,3
000033444,3
000033450,3
000033456,3
000033462,3
000033468,3
000033474,3
000033480,3
000033486,3
000033492,3
000033498,3
000033504,3
000033510,3
000033516,3
000033522,3
000033528,3
000033534,3
000033540,3
000033546,3
000033552,3
000033558,3
000033564,3
000033570,3
000033576,3
000033582,3
000033588,3
000033594,3
000033600,3
000033606,3
000033612,3
000033618,3
000033624,3
000033630,3
000033636,3
000033642,3
000033648,3
000033654,3
000033660,3
000033666,3
000033672,3
000033678,3
000033684,3
000033690,3
000033696,3
000033702,3
000033708,3
000033714,3
000033720,3
000033726,3
000033732,3
000033738,3
000033744,3
000033750,3
000033756,3
000033762,3
000033768,3
000033774,3
000033780,3
000033786,3
000033792,3
000033798,3
000033804,4
000033810,4
000033816,4
000033822,4
000033828,4
000033834,4
000033840,4
000033846,4
000033852,4
000033858,4
000033864,4
000033870,4
000033876,4
000033882,4
000033888,4
000033894,4
000033900,4
000033906,4
000033912,4
000033918,4
000033924,4
000033930,4
000033936,4
000033942,4
000033948,4
000033954,4
000033960,4
000033966,4
000033972,4
000033978,4
000033984,4
000033990,4
000033996,4
000034002,4
000034008,4
000034014,4
000034020,4
000034026,4
000034032,4
000034038,4
000034044,4
000034050,4
000034056,4
000034062,4
000034068,4
000034074,4
000034080,4
000034086,4
000034092,4
000034098,4
000034104,4
000034110,4
000034116,4
000034122,4
000034128,4
000034134,4
000034140,4
000034146,4
000034152,4
000034158,4
000034164,4
000034170,4
000034176,4
000034182,4
000034188,4
000034194,4
000034200,4
000034206,4
000034212,4
000034218,4
000034224,4
000034230,4
000034236,4
000034242,4
000034248,4
000034254,4
000034260,4
000034266,4
000034272,4
000034278,4
000034284,4
000034290,4
000034296,4
000034302,4
000034308,4
000034314,4
000034320,4
000034326,4
000034332,2
000034338,2
000034344,2
000034350,2
000034356,2
000034362,2
000034368,2
000034374,2
000034380,2
000034386,2
000034392,2
000034398,2
000034404,2
000034410,2
000034416,2
000034422,2
000034428,2
000034434,2
000034440,2
000034446,2
000034452,2
000034458,2
000034464,2
000034470,2
000034476,2
000034482,2
000034488,2
000034494,2
000034500,2
000034506,2
000034512,2
000034518,2
000034524,2
000034530,2
000034536,2
000034542,3
000034548,3
000034554,3
000034560,3
000034566,3
000034572,3
000034578,3
000034584,3
000034590,3
000034596,3
000034602,3
000034608,3
000034614,3
000034620,3
000034626,3
000034632,3
000034638,3
000034644,3
000034650,3
000034656,3
000034662,3
000034668,3
000034674,3
000034680,3
000034686,3
000034692,3
000034698,3
000034704,3
000034710,3
000034716,3
000034722,3
000034728,3
000034734,3
000034740,3
000034746,3
000034752,3
000034758,3
000034764,3
000034770,3
000034776,3
000034782,3
000034788,3
000034794,3
000034800,3
000034806,3
000034812,3
000034818,3
000034824,3
000034830,3
000034836,3
000034842,3
000034848,3
000034854,3
000034860,3
000034866,3
000034872,3
000034878,3
000034884,3
000034890,3
000034896,3
000034902,3
000034908,3
000034914,3
000034920,3
000034926,3
000034932,3
000034938,3
000034944,3
000034950,3
000034956,3
000034962,3
000034968,3
000034974,3
000034980,3
000034986,3
000034992,3
000034998,3
000035004,3
000035010,3
000035016,3
000035022,3
000035028,3
000035034,3
000035040,3
000035046,3
000035052,3
000035058,3
000035064,3
000035070,3
000035076,3
000035082,3
000035088,3
000035094,3
000035100,3
000035106,3
000035112,3
000035118,3
000035124,3
000035130,3
000035136,3
000035142,3
000035148,3
000035154,3
000035160,3
000035166,3
000035172,3
000035178,3
000035184,3
000035190,3
000035196,3
000035202,3
000035208,3
000035214,3
000035220,3
000035226,3
000035232,3
000035238,3
000035244,3
000035250,3
000035256,3
000035262,3
000035268,3
000035274,3
000035280,3
000035286,3
000035292,3
000035298,3
000035304,3
000035310,3
000035316,3
000035322,3
000035328,4
000035334,4
000035340,4
000035346,4
000035352,4
000035358,4
000035364,4
000035370,4
000035376,4
000035382,4
000035388,4
000035394,4
000035400,4
000035406,4
000035412,4
000035418,4
000035424,4
000035430,4
000035436,4
000035442,4
000035448,4
000035454,4
000035460,4
000035466,4
000035472,4
000035478,4
000035484,4
000035490,4
000035496,4
000035502,4
000035508,4
000035514,4
000035520,4
000035526,4
000035532,4
000035538,4
000035544,4
000035550,4
000035556,4
000035562,4
000035568,4
000035574,4
000035580,4
000035586,4
000035592,4
000035598,4
000035604,4
000035610,4
000035616,4
000035622,4
000035628,4
000035634,2
000035640,2
000035646,2
000035652,2
000035658,2
000035664,2
000035670,2
000035676,2
000035682,2
000035688,2
000035694,2
000035700,2
000035706,2
000035712,2
000035718,2
000035724,2
000035730,2
000035736,2
000035742,2
000035748,2
000035754,2
000035760,2
000035766,2
000035772,2
000035778,2
000035784,2
000035790,2
000035796,2
000035802,2
000035808,2
000035814,2
000035820,2
000035826,2
000035832,2
000035838,2
000035844,2
000035850,2
000035856,2
000035862,2
000035868,2
000035874,2
000035880,2
000035886,2
000035892,2
000035898,2
000035904,2
000035910,2
000035916,2
000035922,3
000035928,3
000035934,3
000035940,3
000035946,3
000035952,3
000035958,3
000035964,3
000035970,3
000035976,3
000035982,3
000035988,3
000035994,3
000036000,3
000036006,3
000036012,3
000036018,3
000036024,3
000036030,3
000036036,3
000036042,3
000036048,3
000036054,3
000036060,3
000036066,3
000036072,3
000036078,3
000036084,3
000036090,3
000036096,3
000036102,3
000036108,3
000036114,3
000036120,3
000036126,3
000036132,3
000036138,3
000036144,3
000036150,3
000036156,3
000036162,3
000036168,3
000036174,3
000036180,3
000036186,3
000036192,3
000036198,3
000036204,3
000036210,3
000036216,3
000036222,3
000036228,3
000036234,3
000036240,3
000036246,3
000036252,3
000036258,3
000036264,3
000036270,3
000036276,3
000036282,3
000036288,3
000036294,3
000036300,3
000036306,3
000036312,3
000036318,3
000036324,3
000036330,3
000036336,3
000036342,3
000036348,3
000036354,3
000036360,3
000036366,3
000036372,3
000036378,3
000036384,3
000036390,4
000036396,4
000036402,4
000036408,4
000036414,4
000036420,4
000036426,4
000036432,4
000036438,4
000036444,4
000036450,4
000036456,4
000036462,4
000036468,4
000036474,4
000036480,4
000036486,4
000036492,4
000036498,4
000036504,4
000036510,4
000036516,4
000036522,4
000036528,4
000036534,4
000036540,4
000036546,4
000036552,4
000036558,4
000036564,4
000036570,4
000036576,4
000036582,4
000036588,4
000036594,4
000036600,4
000036606,4
000036612,4
000036618,4
000036624,4
000036630,4
000036636,4
000036642,4
000036648,4
000036654,4
000036660,4
000036666,4
000036672,4
000036678,4
000036684,4
000036690,4
000036696,4
000036702,4
000036708,4
000036714,4
000036720,4
000036726,4
000036732,4
000036738,4
000036744,4
000036750,4
000036756,4
000036762,4
000036768,4
000036774,4
000036780,4
000036786,4
000036792,4
000036798,4
000036804,4
000036810,4
000036816,4
000036822,4
000036828,4
000036834,4
000036840,4
000036846,4
000036852,4
000036858,4
000036864,4
000036870,4
000036876,4
000036882,4
000036888,4
000036894,4
000036900,4
000036906,4
000036912,4
000036918,4
000036924,4
000036930,4
000036936,4
000036942,4
000036948,4
000036954,4
000036960,4
000036966,4
000036972,4
000036978,4
000036984,4
000036990,4
000036996,4
000037002,4
000037008,4
000037014,4
000037020,4
000037026,4
000037032,4
000037038,4
000037044,4
000037050,4
000037056,4
000037062,4
000037068,4
000037074,4
000037080,4
000037086,4
000037092,4
000037098,4
000037104,4
000037110,4
000037116,4
000037122,4
000037128,4
000037134,4
000037140,4
000037146,4
000037152,4
000037158,4
000037164,4
000037170,4
000037176,4
000037182,4
000037188,4
000037194,4
000037200,4
000037206,4
000037212,4
000037218,4
000037224,4
000037230,4
000037236,4
000037242,4
000037248,4
000037254,4
000037260,4
000037266,4
000037272,4
000037278,4
000037284,4
000037290,4
000037296,4
000037302,4
000037308,4
000037314,4
000037320,4
000037326,4
000037332,4
000037338,4
000037344,4
000037350,4
000037356,4
000037362,4
000037368,4
000037374,4
000037380,4
000037386,4
000037392,4
000037398,4
000037404,4
000037410,4
000037416,4
000037422,4
000037428,4
000037434,4
000037440,4
000037446,4
000037452,4
000037458,4
000037464,4
000037470,4
000037476,4
000037482,4
000037488,4
000037494,4
000037500,4
000037506,4
000037512,4
000037518,4
000037524,1
000037530,1
000037536,1
000037542,1
000037548,1
000037554,1
000037560,1
000037566,1
000037572,1
000037578,1
000037584,1
000037590,1
000037596,1
000037602,1
000037608,1
000037614,1
000037620,1
000037626,1
000037632,1
000037638,1
000037644,1
000037650,1
000037656,1
000037662,1
000037668,1
000037674,1
000037680,1
000037686,1
000037692,1
000037698,1
000037704,1
000037710,1
000037716,1
000037722,1
000037728,1
000037734,1
000037740,1
000037746,1
000037752,1
000037758,2
000037764,2
000037770,2
000037776,2
000037782,2
000037788,2
000037794,2
000037800,2
000037806,2
000037812,2
000037818,2
000037824,2
000037830,2
000037836,2
000037842,2
000037848,2
000037854,2
000037860,2
000037866,2
000037872,2
000037878,2
000037884,2
000037890,2
000037896,2
000037902,2
000037908,2
000037914,2
000037920,2
000037926,2
000037932,2
000037938,2
000037944,2
000037950,2
000037956,2
000037962,2
000037968,2
000037974,2
000037980,2
000037986,2
000037992,2
000037998,2
000038004,2
000038010,2
000038016,2
000038022,2
000038028,2
000038034,2
000038040,2
000038046,2
000038052,2
000038058,2
000038064,2
000038070,2
000038076,2
000038082,2
000038088,2
000038094,2
000038100,2
000038106,2
000038112,2
000038118,3
000038124,3
000038130,3
000038136,3
000038142,3
000038148,3
000038154,3
000038160,3
000038166,3
000038172,3
000038178,3
000038184,3
000038190,3
000038196,3
000038202,3
000038208,3
000038214,3
000038220,3
000038226,3
000038232,3
000038238,3
000038244,3
000038250,3
000038256,3
000038262,3
000038268,3
000038274,3
000038280,3
000038286,3
000038292,3
000038298,3
000038304,3
000038310,3
000038316,3
000038322,3
000038328,3
000038334,3
000038340,3
000038346,3
000038352,3
000038358,3
000038364,3
000038370,3
000038376,3
000038382,3
000038388,3
000038394,3
000038400,3
000038406,3
000038412,3
000038418,3
000038424,3
000038430,3
000038436,3
000038442,3
000038448,3
000038454,3
000038460,3
000038466,3
000038472,3
000038478,3
000038484,3
000038490,3
000038496,3
000038502,3
000038508,3
000038514,3
000038520,3
000038526,3
000038532,3
000038538,3
000038544,3
000038550,3
000038556,3
000038562,3
000038568,3
000038574,3
000038580,3
000038586,3
000038592,3
000038598,3
000038604,3
000038610,3
000038616,3
000038622,3
000038628,3
000038634,3
000038640,3
000038646,3
000038652,3
000038658,3
000038664,3
000038670,3
000038676,3
000038682,3
000038688,3
000038694,3
000038700,3
000038706,3
000038712,3
000038718,3
000038724,3
000038730,3
000038736,3
000038742,3
000038748,3
000038754,3
000038760,3
000038766,3
000038772,3
000038778,3
000038784,3
000038790,3
000038796,3
000038802,3
000038808,3
000038814,3
000038820,3
000038826,3
000038832,3
000038838,3
000038844,3
000038850,3
000038856,3
000038862,3
000038868,3
000038874,3
000038880,3
000038886,3
000038892,3
000038898,3
000038904,3
000038910,3
000038916,3
000038922,3
000038928,3
000038934,3
000038940,3
000038946,3
000038952,3
000038958,3
000038964,3
000038970,3
000038976,3
000038982,3
000038988,3
000038994,3
000039000,3
000039006,3
000039012,3
000039018,3
000039024,3
000039030,3
000039036,3
000039042,3
000039048,3
000039054,3
000039060,3
000039066,3
000039072,3
000039078,3
000039084,3
000039090,3
000039096,4
000039102,4
000039108,4
000039114,4
000039120,4
000039126,4
000039132,4
000039138,4
000039144,4
000039150,4
000039156,4
000039162,4
000039168,4
000039174,4
000039180,4
000039186,4
000039192,4
000039198,4
000039204,4
000039210,4
000039216,4
000039222,4
000039228,4
000039234,4
000039240,4
000039246,4
000039252,4
000039258,4
000039264,4
000039270,4
000039276,4
000039282,4
000039288,4
000039294,4
000039300,4
000039306,4
000039312,4
000039318,4
000039324,4
000039330,4
000039336,4
000039342,4
000039348,4
000039354,4
000039360,4
000039366,4
000039372,4
000039378,4
000039384,4
000039390,4
000039396,4
000039402,2
000039408,2
000039414,2
000039420,2
000039426,2
000039432,2
000039438,2
000039444,2
000039450,2
000039456,2
000039462,2
000039468,2
000039474,2
000039480,2
000039486,2
000039492,2
000039498,2
000039504,2
000039510,2
000039516,2
000039522,2
000039528,2
000039534,2
000039540,2
000039546,2
000039552,2
000039558,2
000039564,2
000039570,2
000039576,2
000039582,2
000039588,2
000039594,2
000039600,2
000039606,2
000039612,2
000039618,2
000039624,2
000039630,2
000039636,2
000039642,2
000039648,2
000039654,2
000039660,2
000039666,2
000039672,2
000039678,2
000039684,2
000039690,2
000039696,2
000039702,2
000039708,2
000039714,2
000039720,2
000039726,2
000039732,2
000039738,2
000039744,3
000039750,3
000039756,3
000039762,3
000039768,3
000039774,3
000039780,3
000039786,3
000039792,3
000039798,3
000039804,3
000039810,3
000039816,3
000039822,3
000039828,3
000039834,3
000039840,3
000039846,3
000039852,3
000039858,3
000039864,3
000039870,3
000039876,3
000039882,3
000039888,3
000039894,3
000039900,3
000039906,3
000039912,3
000039918,3
000039924,3
000039930,3
000039936,3
000039942,3
000039948,3
000039954,3
000039960,3
000039966,3
000039972,3
000039978,3
000039984,3
000039990,3
000039996,3
000040002,3
000040008,3
000040014,3
000040020,3
000040026,3
000040032,3
000040038,3
000040044,3
000040050,3
000040056,3
000040062,3
000040068,3
000040074,3
000040080,3
000040086,3
000040092,3
000040098,3
000040104,3
000040110,3
000040116,3
000040122,3
000040128,3
000040134,3
000040140,3
000040146,3
000040152,3
000040158,3
000040164,3
000040170,3
000040176,3
000040182,3
000040188,3
000040194,3
000040200,3
000040206,3
000040212,3
000040218,3
000040224,3
000040230,3
000040236,3
000040242,3
000040248,3
000040254,3
000040260,3
000040266,3
000040272,3
000040278,3
000040284,3
000040290,3
000040296,3
000040302,3
000040308,3
000040314,3
000040320,3
000040326,3
000040332,3
000040338,3
000040344,3
000040350,3
000040356,3
000040362,3
000040368,3
000040374,3
000040380,3
000040386,3
000040392,3
000040398,3
000040404,3
000040410,3
000040416,3
000040422,3
000040428,3
000040434,3
000040440,3
000040446,3
000040452,3
000040458,3
000040464,3
000040470,3
000040476,3
000040482,4
000040488,4
000040494,4
000040500,4
000040506,4
000040512,4
000040518,4
000040524,4
000040530,4
000040536,4
000040542,4
000040548,4
000040554,4
000040560,4
000040566,4
000040572,4
000040578,4
000040584,4
000040590,4
000040596,4
000040602,4
000040608,4
000040614,4
000040620,4
000040626,4
000040632,4
000040638,4
000040644,4
000040650,4
000040656,4
000040662,4
000040668,4
000040674,4
000040680,4
000040686,4
000040692,4
000040698,4
000040704,4
000040710,4
000040716,4
000040722,4
000040728,6
000040734,6
000040740,6
000040746,6
000040752,6
000040758,6
000040764,6
000040770,6
000040776,6
000040782,6
000040788,6
000040794,6
000040800,6
000040806,6
000040812,6
000040818,6
000040824,6
000040830,6
000040836,6
000040842,6
000040848,6
000040854,6
000040860,6
000040866,6
000040872,6
000040878,6
000040884,6
000040890,6
000040896,6
000040902,6
000040908,6
000040914,6
000040920,6
000040926,6
000040932,6
000040938,6
000040944,6
000040950,6
000040956,6
000040962,6
000040968,6
000040974,6
000040980,6
000040986,6
000040992,6
000040998,6
000041004,6
000041010,6
000041016,6
000041022,6
000041028,6
000041034,6
000041040,6
000041046,6
000041052,6
000041058,6
000041064,6
000041070,6
000041076,6
000041082,6
000041088,6
000041094,6
000041100,6
000041106,6
000041112,6
000041118,6
000041124,6
000041130,6
000041136,6
000041142,6
000041148,6
000041154,6
000041160,6
000041166,6
000041172,6
000041178,6
000041184,6
000041190,6
000041196,6
000041202,6
000041208,6
000041214,6
000041220,6
000041226,6
000041232,6
000041238,6
000041244,6
000041250,6
000041256,6
000041262,6
000041268,6
000041274,6
000041280,6
000041286,6
000041292,6
000041298,6
000041304,6
000041310,6
000041316,6
000041322,6
000041328,6
000041334,6
000041340,6
000041346,6
000041352,6
000041358,6
000041364,6
000041370,6
000041376,6
000041382,6
000041388,6
000041394,6
000041400,6
000041406,6
000041412,6
000041418,6
000041424,6
000041430,6
000041436,6
000041442,6
000041448,6
000041454,6
000041460,6
000041466,6
000041472,6
000041478,6
000041484,6
000041490,6
000041496,6
000041502,6
000041508,6
000041514,6
000041520,6
000041526,6
000041532,6
000041538,6
000041544,6
000041550,6
000041556,6
000041562,6
000041568,6
000041574,6
000041580,6
000041586,6
000041592,6
000041598,6
000041604,6
000041610,6
000041616,6
000041622,6
000041628,6
000041634,6
000041640,6
000041646,6
000041652,6
000041658,6
000041664,6
000041670,6
000041676,6
000041682,6
000041688,6
000041694,6
000041700,6
000041706,6
000041712,6
000041718,6
000041724,6
000041730,6
000041736,6
000041742,6
000041748,6
000041754,6
000041760,6
000041766,6
000041772,6
000041778,6
000041784,6
000041790,6
000041796,6
000041802,6
000041808,6
000041814,7
000041820,7
000041826,7
000041832,7
000041838,7
000041844,7
000041850,7
000041856,7
000041862,7
000041868,7
000041874,7
000041880,7
000041886,7
000041892,7
000041898,7
000041904,7
000041910,7
000041916,7
000041922,7
000041928,7
000041934,7
000041940,7
000041946,7
000041952,7
000041958,7
000041964,7
000041970,7
000041976,7
000041982,7
000041988,7
000041994,7
000042000,7
000042006,7
000042012,7
000042018,7
000042024,7
000042030,7
000042036,7
000042042,7
000042048,7
000042054,7
000042060,7
000042066,7
000042072,7
000042078,7
000042084,7
000042090,7
000042096,7
000042102,7
000042108,7
000042114,7
000042120,7
000042126,7
000042132,7
000042138,7
000042144,7
000042150,7
000042156,7
000042162,7
000042168,7
000042174,7
000042180,7
000042186,7
000042192,7
000042198,7
000042204,7
000042210,7
000042216,7
000042222,7
000042228,7
000042234,7
000042240,7
000042246,7
000042252,7
000042258,7
000042264,7
000042270,7
000042276,7
000042282,7
000042288,7
000042294,7
000042300,0
000042306,0
000042312,0
000042318,0
000042324,0
000042330,0
000042336,0
000042342,0
000042348,0
000042354,0
