00000 00718 0 
00719 00890 1 
00891 01537 2 
01538 02761 0 
02762 03419 2 
03420 03595 0 
03596 03874 2 
03875 04624 3 
04625 05322 4 
05323 07000 5 
07001 07349 1 
07350 07835 2 
07836 08354 3 
08355 08798 4 
08799 09472 2 
09473 09725 3 
09726 10143 4 
10144 10288 2 
10289 11319 3 
11320 11665 4 
11666 12055 2 
12056 12222 3 
12223 12302 2 
12303 13016 3 
13017 13415 4 
13416 13553 2 
13554 13962 3 
13963 14396 4 
14397 14501 2 
14502 14860 3 
14861 15221 4 
15222 15403 2 
15404 15713 3 
15714 16039 4 
16040 16176 2 
16177 16800 3 
16801 17392 4 
17393 18295 6 
18296 19143 7 
19144 20425 0 
20426 20759 1 
20760 22078 2 
22079 22455 3 
22456 23237 4 
23238 24663 5 
24664 25153 1 
25154 25693 2 
25694 26095 3 
26096 26621 4 
26622 26988 2 
26989 27475 3 
27476 28019 4 
28020 28229 2 
28230 29088 3 
29089 29799 4 
29800 29970 2 
29971 30296 3 
30297 30712 4 
30713 30806 2 
30807 31661 3 
31662 32151 4 
32152 32384 2 
32385 33086 3 
33087 33324 2 
33325 33805 3 
33806 34332 4 
34333 34542 2 
34543 35328 3 
35329 35634 4 
35635 35921 2 
35922 36389 3 
36390 37523 4 
37524 37757 1 
37758 38121 2 
38122 39096 3 
39097 39404 4 
39405 39745 2 
39746 40481 3 
40482 40730 4 
40731 41815 6 
41816 42299 7 
42300 42355 0 
