000000000,0
000000006,0
000000012,0
000000018,0
000000024,0
000000030,0
000000036,0
000000042,0
000000048,0
000000054,0
000000060,0
000000066,0
000000072,0
000000078,0
000000084,0
000000090,0
000000096,0
000000102,0
000000108,0
000000114,0
000000120,0
000000126,0
000000132,0
000000138,0
000000144,0
000000150,0
000000156,0
000000162,0
000000168,0
000000174,0
000000180,0
000000186,0
000000192,0
000000198,0
000000204,0
000000210,0
000000216,0
000000222,0
000000228,0
000000234,0
000000240,0
000000246,0
000000252,0
000000258,0
000000264,0
000000270,0
000000276,0
000000282,0
000000288,0
000000294,0
000000300,0
000000306,0
000000312,0
000000318,0
000000324,0
000000330,0
000000336,0
000000342,0
000000348,0
000000354,0
000000360,0
000000366,0
000000372,0
000000378,0
000000384,0
000000390,0
000000396,0
000000402,0
000000408,0
000000414,0
000000420,0
000000426,0
000000432,0
000000438,0
000000444,0
000000450,0
000000456,0
000000462,0
000000468,0
000000474,0
000000480,0
000000486,0
000000492,0
000000498,0
000000504,0
000000510,0
000000516,0
000000522,0
000000528,0
000000534,0
000000540,0
000000546,0
000000552,0
000000558,0
000000564,0
000000570,0
000000576,0
000000582,0
000000588,0
000000594,0
000000600,0
000000606,0
000000612,0
000000618,0
000000624,0
000000630,0
000000636,0
000000642,0
000000648,0
000000654,0
000000660,0
000000666,0
000000672,0
000000678,0
000000684,0
000000690,0
000000696,0
000000702,0
000000708,0
000000714,0
000000720,0
000000726,0
000000732,0
000000738,0
000000744,0
000000750,0
000000756,0
000000762,0
000000768,0
000000774,0
000000780,0
000000786,0
000000792,0
000000798,0
000000804,0
000000810,0
000000816,0
000000822,0
000000828,0
000000834,0
000000840,0
000000846,0
000000852,0
000000858,0
000000864,0
000000870,0
000000876,0
000000882,0
000000888,0
000000894,1
000000900,1
000000906,1
000000912,1
000000918,1
000000924,1
000000930,1
000000936,1
000000942,1
000000948,1
000000954,1
000000960,1
000000966,1
000000972,1
000000978,1
000000984,1
000000990,1
000000996,1
000001002,1
000001008,1
000001014,1
000001020,1
000001026,1
000001032,1
000001038,1
000001044,1
000001050,1
000001056,1
000001062,1
000001068,1
000001074,1
000001080,1
000001086,1
000001092,1
000001098,1
000001104,1
000001110,1
000001116,1
000001122,1
000001128,1
000001134,1
000001140,1
000001146,1
000001152,1
000001158,1
000001164,1
000001170,1
000001176,1
000001182,1
000001188,1
000001194,1
000001200,1
000001206,1
000001212,1
000001218,1
000001224,1
000001230,1
000001236,1
000001242,1
000001248,1
000001254,2
000001260,2
000001266,2
000001272,2
000001278,2
000001284,2
000001290,2
000001296,2
000001302,2
000001308,2
000001314,2
000001320,2
000001326,2
000001332,2
000001338,2
000001344,2
000001350,2
000001356,2
000001362,2
000001368,2
000001374,2
000001380,2
000001386,2
000001392,2
000001398,2
000001404,2
000001410,2
000001416,2
000001422,2
000001428,2
000001434,2
000001440,2
000001446,2
000001452,2
000001458,2
000001464,2
000001470,2
000001476,2
000001482,2
000001488,2
000001494,2
000001500,2
000001506,2
000001512,2
000001518,2
000001524,2
000001530,2
000001536,2
000001542,2
000001548,2
000001554,2
000001560,2
000001566,2
000001572,2
000001578,2
000001584,2
000001590,2
000001596,2
000001602,2
000001608,2
000001614,2
000001620,2
000001626,2
000001632,2
000001638,2
000001644,2
000001650,2
000001656,2
000001662,2
000001668,2
000001674,2
000001680,2
000001686,2
000001692,2
000001698,2
000001704,2
000001710,2
000001716,2
000001722,2
000001728,2
000001734,2
000001740,2
000001746,2
000001752,2
000001758,2
000001764,2
000001770,2
000001776,2
000001782,2
000001788,2
000001794,2
000001800,2
000001806,2
000001812,2
000001818,2
000001824,2
000001830,2
000001836,2
000001842,2
000001848,2
000001854,2
000001860,2
000001866,2
000001872,2
000001878,2
000001884,2
000001890,2
000001896,2
000001902,2
000001908,2
000001914,2
000001920,2
000001926,2
000001932,2
000001938,2
000001944,2
000001950,2
000001956,2
000001962,2
000001968,2
000001974,2
000001980,2
000001986,2
000001992,2
000001998,2
000002004,2
000002010,2
000002016,2
000002022,2
000002028,2
000002034,2
000002040,2
000002046,2
000002052,2
000002058,2
000002064,2
000002070,2
000002076,2
000002082,2
000002088,2
000002094,2
000002100,2
000002106,2
000002112,2
000002118,2
000002124,2
000002130,2
000002136,2
000002142,2
000002148,2
000002154,2
000002160,2
000002166,2
000002172,2
000002178,2
000002184,2
000002190,2
000002196,2
000002202,2
000002208,2
000002214,2
000002220,2
000002226,2
000002232,2
000002238,2
000002244,2
000002250,2
000002256,2
000002262,2
000002268,2
000002274,2
000002280,2
000002286,2
000002292,2
000002298,2
000002304,2
000002310,2
000002316,2
000002322,2
000002328,2
000002334,2
000002340,2
000002346,2
000002352,2
000002358,2
000002364,2
000002370,2
000002376,2
000002382,2
000002388,2
000002394,2
000002400,2
000002406,2
000002412,2
000002418,2
000002424,2
000002430,2
000002436,2
000002442,2
000002448,2
000002454,2
000002460,2
000002466,2
000002472,2
000002478,2
000002484,2
000002490,2
000002496,2
000002502,2
000002508,2
000002514,2
000002520,2
000002526,2
000002532,2
000002538,2
000002544,2
000002550,3
000002556,3
000002562,3
000002568,3
000002574,3
000002580,3
000002586,3
000002592,3
000002598,3
000002604,3
000002610,3
000002616,3
000002622,3
000002628,3
000002634,3
000002640,3
000002646,3
000002652,3
000002658,3
000002664,3
000002670,3
000002676,3
000002682,3
000002688,3
000002694,3
000002700,3
000002706,3
000002712,3
000002718,3
000002724,3
000002730,3
000002736,3
000002742,3
000002748,3
000002754,3
000002760,3
000002766,3
000002772,3
000002778,3
000002784,3
000002790,3
000002796,3
000002802,3
000002808,3
000002814,3
000002820,3
000002826,3
000002832,3
000002838,3
000002844,3
000002850,3
000002856,3
000002862,3
000002868,3
000002874,3
000002880,3
000002886,3
000002892,3
000002898,3
000002904,3
000002910,3
000002916,3
000002922,3
000002928,3
000002934,3
000002940,3
000002946,3
000002952,3
000002958,3
000002964,3
000002970,3
000002976,3
000002982,3
000002988,3
000002994,3
000003000,3
000003006,3
000003012,3
000003018,3
000003024,3
000003030,3
000003036,3
000003042,3
000003048,3
000003054,3
000003060,3
000003066,3
000003072,3
000003078,3
000003084,3
000003090,3
000003096,3
000003102,3
000003108,3
000003114,3
000003120,3
000003126,3
000003132,3
000003138,3
000003144,3
000003150,3
000003156,3
000003162,3
000003168,3
000003174,3
000003180,3
000003186,3
000003192,3
000003198,3
000003204,3
000003210,3
000003216,3
000003222,3
000003228,3
000003234,3
000003240,3
000003246,3
000003252,3
000003258,3
000003264,3
000003270,3
000003276,3
000003282,3
000003288,3
000003294,3
000003300,3
000003306,3
000003312,3
000003318,3
000003324,3
000003330,3
000003336,3
000003342,3
000003348,3
000003354,3
000003360,3
000003366,3
000003372,3
000003378,3
000003384,3
000003390,3
000003396,3
000003402,3
000003408,3
000003414,3
000003420,3
000003426,3
000003432,3
000003438,3
000003444,3
000003450,3
000003456,3
000003462,3
000003468,3
000003474,3
000003480,3
000003486,3
000003492,3
000003498,3
000003504,3
000003510,3
000003516,3
000003522,3
000003528,3
000003534,3
000003540,3
000003546,3
000003552,3
000003558,3
000003564,3
000003570,3
000003576,3
000003582,3
000003588,3
000003594,3
000003600,3
000003606,3
000003612,3
000003618,3
000003624,3
000003630,3
000003636,3
000003642,3
000003648,3
000003654,3
000003660,3
000003666,3
000003672,3
000003678,3
000003684,3
000003690,3
000003696,3
000003702,3
000003708,3
000003714,3
000003720,2
000003726,2
000003732,2
000003738,2
000003744,2
000003750,2
000003756,2
000003762,2
000003768,2
000003774,2
000003780,2
000003786,2
000003792,2
000003798,2
000003804,2
000003810,2
000003816,2
000003822,2
000003828,2
000003834,2
000003840,2
000003846,2
000003852,2
000003858,2
000003864,2
000003870,2
000003876,2
000003882,2
000003888,2
000003894,2
000003900,2
000003906,2
000003912,2
000003918,2
000003924,2
000003930,2
000003936,2
000003942,2
000003948,2
000003954,2
000003960,2
000003966,2
000003972,2
000003978,2
000003984,3
000003990,3
000003996,3
000004002,3
000004008,3
000004014,3
000004020,3
000004026,3
000004032,3
000004038,3
000004044,3
000004050,3
000004056,3
000004062,3
000004068,3
000004074,3
000004080,3
000004086,3
000004092,3
000004098,3
000004104,3
000004110,3
000004116,3
000004122,3
000004128,3
000004134,3
000004140,3
000004146,3
000004152,3
000004158,3
000004164,3
000004170,3
000004176,3
000004182,3
000004188,3
000004194,3
000004200,3
000004206,3
000004212,3
000004218,3
000004224,3
000004230,3
000004236,3
000004242,3
000004248,3
000004254,3
000004260,3
000004266,3
000004272,3
000004278,3
000004284,3
000004290,3
000004296,3
000004302,3
000004308,3
000004314,3
000004320,3
000004326,3
000004332,3
000004338,3
000004344,3
000004350,3
000004356,3
000004362,3
000004368,3
000004374,3
000004380,3
000004386,3
000004392,3
000004398,3
000004404,3
000004410,3
000004416,3
000004422,3
000004428,3
000004434,3
000004440,3
000004446,3
000004452,3
000004458,3
000004464,3
000004470,3
000004476,3
000004482,3
000004488,3
000004494,3
000004500,3
000004506,3
000004512,3
000004518,3
000004524,3
000004530,3
000004536,3
000004542,3
000004548,3
000004554,3
000004560,3
000004566,3
000004572,3
000004578,3
000004584,3
000004590,3
000004596,3
000004602,3
000004608,3
000004614,3
000004620,3
000004626,3
000004632,3
000004638,3
000004644,3
000004650,3
000004656,3
000004662,3
000004668,3
000004674,3
000004680,3
000004686,3
000004692,3
000004698,3
000004704,3
000004710,3
000004716,3
000004722,3
000004728,3
000004734,3
000004740,3
000004746,3
000004752,3
000004758,3
000004764,3
000004770,3
000004776,3
000004782,3
000004788,3
000004794,4
000004800,4
000004806,4
000004812,4
000004818,4
000004824,4
000004830,4
000004836,4
000004842,4
000004848,4
000004854,4
000004860,4
000004866,4
000004872,4
000004878,4
000004884,4
000004890,4
000004896,4
000004902,4
000004908,4
000004914,4
000004920,4
000004926,4
000004932,4
000004938,4
000004944,4
000004950,4
000004956,4
000004962,4
000004968,4
000004974,4
000004980,4
000004986,4
000004992,4
000004998,4
000005004,4
000005010,4
000005016,4
000005022,4
000005028,4
000005034,4
000005040,4
000005046,4
000005052,4
000005058,4
000005064,4
000005070,4
000005076,4
000005082,4
000005088,4
000005094,4
000005100,4
000005106,4
000005112,4
000005118,4
000005124,4
000005130,4
000005136,4
000005142,4
000005148,4
000005154,4
000005160,4
000005166,4
000005172,4
000005178,4
000005184,4
000005190,4
000005196,4
000005202,4
000005208,4
000005214,4
000005220,4
000005226,4
000005232,4
000005238,4
000005244,4
000005250,4
000005256,4
000005262,4
000005268,4
000005274,4
000005280,4
000005286,4
000005292,4
000005298,4
000005304,4
000005310,4
000005316,4
000005322,4
000005328,4
000005334,4
000005340,4
000005346,4
000005352,4
000005358,4
000005364,4
000005370,4
000005376,4
000005382,4
000005388,4
000005394,4
000005400,4
000005406,4
000005412,4
000005418,4
000005424,2
000005430,2
000005436,2
000005442,2
000005448,2
000005454,2
000005460,2
000005466,2
000005472,2
000005478,2
000005484,2
000005490,2
000005496,2
000005502,2
000005508,2
000005514,2
000005520,2
000005526,2
000005532,2
000005538,2
000005544,1
000005550,1
000005556,1
000005562,1
000005568,1
000005574,1
000005580,1
000005586,1
000005592,1
000005598,1
000005604,1
000005610,1
000005616,1
000005622,1
000005628,1
000005634,1
000005640,1
000005646,1
000005652,1
000005658,1
000005664,1
000005670,1
000005676,1
000005682,1
000005688,1
000005694,1
000005700,1
000005706,1
000005712,1
000005718,1
000005724,1
000005730,1
000005736,1
000005742,1
000005748,1
000005754,1
000005760,1
000005766,1
000005772,1
000005778,1
000005784,1
000005790,1
000005796,1
000005802,1
000005808,1
000005814,1
000005820,1
000005826,2
000005832,2
000005838,2
000005844,2
000005850,2
000005856,2
000005862,2
000005868,2
000005874,2
000005880,2
000005886,2
000005892,2
000005898,2
000005904,2
000005910,2
000005916,2
000005922,2
000005928,2
000005934,2
000005940,2
000005946,2
000005952,2
000005958,2
000005964,2
000005970,2
000005976,2
000005982,2
000005988,2
000005994,2
000006000,2
000006006,2
000006012,2
000006018,2
000006024,2
000006030,2
000006036,2
000006042,2
000006048,2
000006054,2
000006060,2
000006066,2
000006072,2
000006078,2
000006084,2
000006090,2
000006096,2
000006102,2
000006108,2
000006114,2
000006120,2
000006126,2
000006132,2
000006138,2
000006144,2
000006150,2
000006156,2
000006162,2
000006168,2
000006174,2
000006180,2
000006186,2
000006192,2
000006198,2
000006204,2
000006210,2
000006216,2
000006222,2
000006228,2
000006234,2
000006240,2
000006246,2
000006252,2
000006258,2
000006264,2
000006270,2
000006276,2
000006282,2
000006288,2
000006294,2
000006300,2
000006306,2
000006312,2
000006318,2
000006324,2
000006330,2
000006336,2
000006342,2
000006348,2
000006354,2
000006360,2
000006366,2
000006372,2
000006378,2
000006384,2
000006390,2
000006396,2
000006402,2
000006408,2
000006414,2
000006420,2
000006426,2
000006432,2
000006438,2
000006444,2
000006450,2
000006456,2
000006462,2
000006468,2
000006474,2
000006480,2
000006486,2
000006492,2
000006498,2
000006504,2
000006510,2
000006516,2
000006522,2
000006528,2
000006534,2
000006540,2
000006546,2
000006552,2
000006558,2
000006564,2
000006570,2
000006576,2
000006582,2
000006588,2
000006594,2
000006600,2
000006606,2
000006612,2
000006618,2
000006624,2
000006630,2
000006636,0
000006642,0
000006648,0
000006654,0
000006660,0
000006666,0
000006672,0
000006678,0
000006684,0
000006690,0
000006696,0
000006702,0
000006708,0
000006714,0
000006720,0
000006726,0
000006732,0
000006738,0
000006744,0
000006750,0
000006756,0
000006762,0
000006768,0
000006774,0
000006780,0
000006786,0
000006792,0
000006798,0
000006804,0
000006810,0
000006816,0
000006822,0
000006828,0
000006834,0
000006840,0
000006846,0
000006852,0
000006858,0
000006864,0
000006870,0
000006876,0
000006882,0
000006888,0
000006894,0
000006900,0
000006906,0
000006912,0
000006918,0
000006924,0
000006930,0
000006936,0
000006942,0
000006948,0
000006954,0
000006960,0
000006966,0
000006972,0
000006978,0
000006984,0
000006990,0
000006996,0
000007002,0
000007008,0
000007014,0
000007020,0
000007026,0
000007032,0
000007038,0
000007044,0
000007050,0
000007056,0
000007062,0
000007068,0
000007074,0
000007080,0
000007086,0
000007092,0
000007098,0
000007104,0
000007110,0
000007116,0
000007122,0
000007128,0
000007134,0
000007140,0
000007146,0
000007152,0
000007158,0
000007164,0
000007170,0
000007176,0
000007182,0
000007188,0
000007194,0
000007200,0
000007206,0
000007212,0
000007218,0
000007224,0
000007230,0
000007236,0
000007242,0
000007248,0
000007254,0
000007260,0
000007266,0
000007272,0
000007278,0
000007284,0
000007290,0
000007296,0
000007302,0
000007308,0
000007314,0
000007320,0
000007326,0
000007332,0
000007338,0
000007344,0
000007350,0
000007356,0
000007362,0
000007368,0
000007374,0
000007380,0
000007386,0
000007392,0
000007398,0
000007404,0
000007410,0
000007416,0
000007422,0
000007428,0
000007434,0
000007440,0
000007446,0
000007452,0
000007458,0
000007464,0
000007470,0
000007476,0
000007482,0
000007488,0
000007494,0
000007500,0
000007506,0
000007512,0
000007518,0
000007524,0
000007530,0
000007536,0
000007542,0
000007548,0
000007554,0
000007560,0
000007566,0
000007572,0
000007578,0
000007584,0
000007590,0
000007596,0
000007602,0
000007608,0
000007614,0
000007620,0
000007626,0
000007632,0
000007638,0
000007644,0
000007650,0
000007656,0
000007662,0
000007668,0
000007674,0
000007680,0
000007686,0
000007692,0
000007698,0
000007704,0
000007710,0
000007716,0
000007722,0
000007728,0
000007734,0
000007740,0
000007746,0
000007752,0
000007758,0
000007764,0
000007770,0
000007776,0
000007782,0
000007788,0
000007794,0
000007800,0
000007806,0
000007812,0
000007818,0
000007824,0
000007830,0
000007836,0
000007842,0
000007848,0
000007854,0
000007860,0
000007866,0
000007872,0
000007878,0
000007884,0
000007890,0
000007896,0
000007902,0
000007908,0
000007914,0
000007920,0
000007926,0
000007932,0
000007938,0
000007944,0
000007950,0
000007956,0
000007962,0
000007968,0
000007974,0
000007980,0
000007986,0
000007992,0
000007998,0
000008004,0
000008010,0
000008016,0
000008022,0
000008028,0
000008034,0
000008040,0
000008046,0
000008052,0
000008058,0
000008064,0
000008070,0
000008076,0
000008082,0
000008088,0
000008094,0
000008100,0
000008106,0
000008112,0
000008118,0
000008124,0
000008130,0
000008136,0
000008142,0
000008148,0
000008154,0
000008160,0
000008166,0
000008172,0
000008178,0
000008184,0
000008190,0
000008196,0
000008202,0
000008208,0
000008214,0
000008220,0
000008226,0
000008232,0
000008238,0
000008244,0
000008250,0
000008256,0
000008262,0
000008268,0
000008274,0
000008280,0
000008286,0
000008292,0
000008298,0
000008304,0
000008310,0
000008316,0
000008322,0
000008328,0
000008334,0
000008340,1
000008346,1
000008352,1
000008358,1
000008364,1
000008370,1
000008376,1
000008382,1
000008388,1
000008394,1
000008400,1
000008406,1
000008412,1
000008418,1
000008424,1
000008430,1
000008436,1
000008442,1
000008448,1
000008454,1
000008460,1
000008466,1
000008472,1
000008478,1
000008484,1
000008490,1
000008496,1
000008502,1
000008508,1
000008514,1
000008520,1
000008526,1
000008532,1
000008538,1
000008544,1
000008550,1
000008556,1
000008562,1
000008568,1
000008574,1
000008580,1
000008586,1
000008592,1
000008598,1
000008604,1
000008610,1
000008616,1
000008622,1
000008628,1
000008634,1
000008640,1
000008646,1
000008652,1
000008658,1
000008664,1
000008670,1
000008676,1
000008682,1
000008688,1
000008694,1
000008700,1
000008706,1
000008712,1
000008718,1
000008724,1
000008730,1
000008736,1
000008742,1
000008748,1
000008754,1
000008760,1
000008766,1
000008772,1
000008778,1
000008784,1
000008790,1
000008796,1
000008802,1
000008808,1
000008814,1
000008820,1
000008826,1
000008832,1
000008838,1
000008844,1
000008850,1
000008856,1
000008862,1
000008868,1
000008874,1
000008880,1
000008886,1
000008892,1
000008898,1
000008904,1
000008910,1
000008916,1
000008922,1
000008928,1
000008934,1
000008940,1
000008946,1
000008952,1
000008958,1
000008964,1
000008970,1
000008976,1
000008982,1
000008988,1
000008994,1
000009000,1
000009006,1
000009012,1
000009018,1
000009024,1
000009030,1
000009036,1
000009042,1
000009048,1
000009054,1
000009060,1
000009066,1
000009072,1
000009078,1
000009084,1
000009090,1
000009096,1
000009102,1
000009108,1
000009114,1
000009120,2
000009126,2
000009132,2
000009138,2
000009144,2
000009150,2
000009156,2
000009162,2
000009168,2
000009174,2
000009180,2
000009186,2
000009192,2
000009198,2
000009204,2
000009210,2
000009216,2
000009222,2
000009228,2
000009234,2
000009240,2
000009246,2
000009252,2
000009258,2
000009264,2
000009270,2
000009276,2
000009282,2
000009288,2
000009294,2
000009300,2
000009306,2
000009312,2
000009318,2
000009324,2
000009330,2
000009336,2
000009342,2
000009348,2
000009354,2
000009360,2
000009366,2
000009372,2
000009378,2
000009384,2
000009390,2
000009396,2
000009402,2
000009408,2
000009414,2
000009420,2
000009426,2
000009432,2
000009438,2
000009444,2
000009450,2
000009456,2
000009462,2
000009468,2
000009474,2
000009480,2
000009486,2
000009492,2
000009498,2
000009504,2
000009510,2
000009516,2
000009522,2
000009528,2
000009534,2
000009540,2
000009546,2
000009552,2
000009558,2
000009564,2
000009570,2
000009576,2
000009582,2
000009588,2
000009594,2
000009600,2
000009606,2
000009612,2
000009618,2
000009624,2
000009630,2
000009636,2
000009642,2
000009648,2
000009654,2
000009660,2
000009666,2
000009672,2
000009678,2
000009684,2
000009690,2
000009696,2
000009702,2
000009708,2
000009714,2
000009720,2
000009726,2
000009732,2
000009738,2
000009744,2
000009750,2
000009756,2
000009762,2
000009768,2
000009774,2
000009780,2
000009786,2
000009792,2
000009798,2
000009804,2
000009810,2
000009816,2
000009822,2
000009828,2
000009834,2
000009840,2
000009846,2
000009852,2
000009858,2
000009864,2
000009870,2
000009876,2
000009882,2
000009888,2
000009894,2
000009900,2
000009906,2
000009912,2
000009918,2
000009924,2
000009930,2
000009936,2
000009942,2
000009948,2
000009954,2
000009960,2
000009966,2
000009972,2
000009978,2
000009984,2
000009990,2
000009996,2
000010002,2
000010008,2
000010014,2
000010020,2
000010026,2
000010032,2
000010038,2
000010044,2
000010050,2
000010056,2
000010062,2
000010068,2
000010074,2
000010080,2
000010086,2
000010092,2
000010098,2
000010104,2
000010110,2
000010116,2
000010122,2
000010128,2
000010134,2
000010140,2
000010146,2
000010152,2
000010158,2
000010164,2
000010170,2
000010176,2
000010182,3
000010188,3
000010194,3
000010200,3
000010206,3
000010212,3
000010218,3
000010224,3
000010230,3
000010236,3
000010242,3
000010248,3
000010254,3
000010260,3
000010266,3
000010272,3
000010278,3
000010284,3
000010290,3
000010296,3
000010302,3
000010308,3
000010314,3
000010320,3
000010326,3
000010332,3
000010338,3
000010344,3
000010350,3
000010356,3
000010362,3
000010368,3
000010374,3
000010380,3
000010386,3
000010392,3
000010398,3
000010404,3
000010410,3
000010416,3
000010422,3
000010428,3
000010434,3
000010440,3
000010446,3
000010452,3
000010458,3
000010464,3
000010470,3
000010476,3
000010482,3
000010488,3
000010494,3
000010500,3
000010506,3
000010512,3
000010518,3
000010524,3
000010530,3
000010536,3
000010542,3
000010548,3
000010554,3
000010560,3
000010566,3
000010572,3
000010578,3
000010584,3
000010590,3
000010596,3
000010602,3
000010608,3
000010614,3
000010620,3
000010626,3
000010632,3
000010638,3
000010644,3
000010650,3
000010656,3
000010662,3
000010668,3
000010674,3
000010680,3
000010686,3
000010692,3
000010698,3
000010704,3
000010710,3
000010716,3
000010722,3
000010728,3
000010734,3
000010740,3
000010746,3
000010752,3
000010758,3
000010764,3
000010770,3
000010776,3
000010782,3
000010788,3
000010794,3
000010800,3
000010806,3
000010812,3
000010818,3
000010824,3
000010830,3
000010836,3
000010842,4
000010848,4
000010854,4
000010860,4
000010866,4
000010872,4
000010878,4
000010884,4
000010890,4
000010896,4
000010902,4
000010908,4
000010914,4
000010920,4
000010926,4
000010932,4
000010938,4
000010944,4
000010950,4
000010956,4
000010962,4
000010968,4
000010974,4
000010980,4
000010986,4
000010992,4
000010998,4
000011004,4
000011010,4
000011016,4
000011022,4
000011028,4
000011034,4
000011040,4
000011046,4
000011052,4
000011058,4
000011064,4
000011070,4
000011076,4
000011082,4
000011088,4
000011094,4
000011100,4
000011106,4
000011112,4
000011118,4
000011124,4
000011130,4
000011136,4
000011142,4
000011148,4
000011154,4
000011160,4
000011166,4
000011172,4
000011178,4
000011184,4
000011190,4
000011196,4
000011202,4
000011208,4
000011214,4
000011220,4
000011226,4
000011232,4
000011238,4
000011244,4
000011250,4
000011256,4
000011262,4
000011268,4
000011274,4
000011280,4
000011286,4
000011292,4
000011298,4
000011304,4
000011310,4
000011316,4
000011322,4
000011328,4
000011334,4
000011340,4
000011346,4
000011352,4
000011358,4
000011364,4
000011370,4
000011376,4
000011382,4
000011388,4
000011394,4
000011400,4
000011406,4
000011412,4
000011418,4
000011424,4
000011430,4
000011436,4
000011442,4
000011448,4
000011454,4
000011460,4
000011466,4
000011472,4
000011478,4
000011484,4
000011490,4
000011496,4
000011502,4
000011508,4
000011514,4
000011520,4
000011526,4
000011532,4
000011538,4
000011544,4
000011550,4
000011556,4
000011562,4
000011568,4
000011574,4
000011580,4
000011586,4
000011592,4
000011598,4
000011604,4
000011610,4
000011616,4
000011622,4
000011628,4
000011634,2
000011640,2
000011646,2
000011652,2
000011658,2
000011664,2
000011670,2
000011676,2
000011682,2
000011688,2
000011694,2
000011700,2
000011706,2
000011712,2
000011718,2
000011724,2
000011730,2
000011736,2
000011742,2
000011748,2
000011754,2
000011760,2
000011766,2
000011772,2
000011778,2
000011784,2
000011790,2
000011796,2
000011802,2
000011808,2
000011814,2
000011820,2
000011826,2
000011832,2
000011838,2
000011844,2
000011850,2
000011856,2
000011862,2
000011868,2
000011874,2
000011880,2
000011886,2
000011892,2
000011898,2
000011904,2
000011910,2
000011916,2
000011922,2
000011928,2
000011934,2
000011940,2
000011946,2
000011952,2
000011958,2
000011964,2
000011970,2
000011976,2
000011982,2
000011988,2
000011994,2
000012000,2
000012006,2
000012012,2
000012018,2
000012024,2
000012030,2
000012036,2
000012042,2
000012048,2
000012054,2
000012060,2
000012066,2
000012072,2
000012078,2
000012084,2
000012090,2
000012096,2
000012102,2
000012108,2
000012114,2
000012120,2
000012126,2
000012132,2
000012138,2
000012144,2
000012150,2
000012156,2
000012162,2
000012168,2
000012174,2
000012180,2
000012186,2
000012192,2
000012198,2
000012204,2
000012210,2
000012216,2
000012222,2
000012228,2
000012234,2
000012240,2
000012246,2
000012252,2
000012258,2
000012264,2
000012270,2
000012276,2
000012282,2
000012288,2
000012294,2
000012300,2
000012306,2
000012312,3
000012318,3
000012324,3
000012330,3
000012336,3
000012342,3
000012348,3
000012354,3
000012360,3
000012366,3
000012372,3
000012378,3
000012384,3
000012390,3
000012396,3
000012402,3
000012408,3
000012414,3
000012420,3
000012426,3
000012432,3
000012438,3
000012444,3
000012450,3
000012456,3
000012462,3
000012468,3
000012474,3
000012480,3
000012486,3
000012492,3
000012498,3
000012504,3
000012510,3
000012516,3
000012522,3
000012528,3
000012534,3
000012540,3
000012546,3
000012552,3
000012558,3
000012564,3
000012570,3
000012576,3
000012582,3
000012588,3
000012594,3
000012600,3
000012606,3
000012612,3
000012618,3
000012624,3
000012630,3
000012636,3
000012642,3
000012648,3
000012654,3
000012660,3
000012666,3
000012672,3
000012678,3
000012684,3
000012690,3
000012696,3
000012702,3
000012708,3
000012714,3
000012720,3
000012726,3
000012732,3
000012738,3
000012744,3
000012750,3
000012756,3
000012762,3
000012768,3
000012774,3
000012780,3
000012786,4
000012792,4
000012798,4
000012804,4
000012810,4
000012816,4
000012822,4
000012828,4
000012834,4
000012840,4
000012846,4
000012852,4
000012858,4
000012864,4
000012870,4
000012876,4
000012882,4
000012888,4
000012894,4
000012900,4
000012906,4
000012912,4
000012918,4
000012924,4
000012930,4
000012936,4
000012942,4
000012948,4
000012954,4
000012960,4
000012966,4
000012972,4
000012978,4
000012984,4
000012990,4
000012996,4
000013002,4
000013008,4
000013014,4
000013020,4
000013026,4
000013032,4
000013038,4
000013044,4
000013050,4
000013056,4
000013062,4
000013068,4
000013074,4
000013080,4
000013086,4
000013092,4
000013098,4
000013104,4
000013110,4
000013116,4
000013122,4
000013128,4
000013134,4
000013140,4
000013146,4
000013152,4
000013158,4
000013164,4
000013170,4
000013176,4
000013182,4
000013188,4
000013194,4
000013200,4
000013206,4
000013212,4
000013218,4
000013224,4
000013230,4
000013236,4
000013242,4
000013248,4
000013254,4
000013260,4
000013266,4
000013272,4
000013278,4
000013284,4
000013290,4
000013296,4
000013302,4
000013308,4
000013314,4
000013320,4
000013326,4
000013332,4
000013338,4
000013344,4
000013350,4
000013356,4
000013362,4
000013368,4
000013374,4
000013380,4
000013386,4
000013392,4
000013398,4
000013404,4
000013410,4
000013416,4
000013422,4
000013428,4
000013434,4
000013440,4
000013446,4
000013452,4
000013458,1
000013464,1
000013470,1
000013476,1
000013482,1
000013488,1
000013494,1
000013500,1
000013506,1
000013512,1
000013518,1
000013524,1
000013530,1
000013536,1
000013542,1
000013548,1
000013554,1
000013560,1
000013566,1
000013572,1
000013578,1
000013584,1
000013590,1
000013596,1
000013602,1
000013608,1
000013614,1
000013620,1
000013626,1
000013632,1
000013638,1
000013644,1
000013650,1
000013656,1
000013662,1
000013668,1
000013674,1
000013680,1
000013686,1
000013692,1
000013698,1
000013704,1
000013710,1
000013716,1
000013722,1
000013728,1
000013734,2
000013740,2
000013746,2
000013752,2
000013758,2
000013764,2
000013770,2
000013776,2
000013782,2
000013788,2
000013794,2
000013800,2
000013806,2
000013812,2
000013818,2
000013824,2
000013830,2
000013836,2
000013842,2
000013848,2
000013854,2
000013860,2
000013866,2
000013872,2
000013878,2
000013884,2
000013890,2
000013896,2
000013902,2
000013908,2
000013914,2
000013920,2
000013926,2
000013932,2
000013938,2
000013944,2
000013950,2
000013956,2
000013962,2
000013968,2
000013974,2
000013980,2
000013986,2
000013992,2
000013998,2
000014004,2
000014010,2
000014016,2
000014022,2
000014028,2
000014034,2
000014040,2
000014046,2
000014052,2
000014058,2
000014064,2
000014070,2
000014076,2
000014082,2
000014088,2
000014094,2
000014100,2
000014106,2
000014112,2
000014118,2
000014124,2
000014130,2
000014136,2
000014142,2
000014148,2
000014154,2
000014160,2
000014166,2
000014172,2
000014178,2
000014184,2
000014190,2
000014196,2
000014202,3
000014208,3
000014214,3
000014220,3
000014226,3
000014232,3
000014238,3
000014244,3
000014250,3
000014256,3
000014262,3
000014268,3
000014274,3
000014280,3
000014286,3
000014292,3
000014298,3
000014304,3
000014310,3
000014316,3
000014322,3
000014328,3
000014334,3
000014340,3
000014346,3
000014352,3
000014358,3
000014364,3
000014370,3
000014376,3
000014382,3
000014388,3
000014394,3
000014400,3
000014406,3
000014412,3
000014418,3
000014424,3
000014430,3
000014436,3
000014442,3
000014448,3
000014454,3
000014460,3
000014466,3
000014472,3
000014478,3
000014484,3
000014490,3
000014496,3
000014502,3
000014508,3
000014514,3
000014520,3
000014526,3
000014532,3
000014538,3
000014544,3
000014550,3
000014556,3
000014562,3
000014568,3
000014574,3
000014580,3
000014586,3
000014592,3
000014598,3
000014604,3
000014610,3
000014616,3
000014622,3
000014628,3
000014634,3
000014640,3
000014646,3
000014652,3
000014658,3
000014664,3
000014670,3
000014676,3
000014682,3
000014688,3
000014694,3
000014700,3
000014706,3
000014712,3
000014718,3
000014724,3
000014730,3
000014736,3
000014742,3
000014748,3
000014754,3
000014760,3
000014766,3
000014772,3
000014778,3
000014784,3
000014790,4
000014796,4
000014802,4
000014808,4
000014814,4
000014820,4
000014826,4
000014832,4
000014838,4
000014844,4
000014850,4
000014856,4
000014862,4
000014868,4
000014874,4
000014880,4
000014886,4
000014892,4
000014898,4
000014904,4
000014910,4
000014916,4
000014922,4
000014928,4
000014934,4
000014940,4
000014946,4
000014952,4
000014958,4
000014964,4
000014970,4
000014976,4
000014982,4
000014988,4
000014994,4
000015000,4
000015006,4
000015012,4
000015018,4
000015024,4
000015030,4
000015036,4
000015042,4
000015048,4
000015054,4
000015060,4
000015066,4
000015072,1
000015078,1
000015084,1
000015090,1
000015096,1
000015102,1
000015108,1
000015114,1
000015120,1
000015126,1
000015132,1
000015138,1
000015144,1
000015150,1
000015156,1
000015162,1
000015168,1
000015174,1
000015180,1
000015186,1
000015192,1
000015198,1
000015204,1
000015210,1
000015216,1
000015222,1
000015228,1
000015234,4
000015240,4
000015246,4
000015252,4
000015258,4
000015264,4
000015270,4
000015276,4
000015282,4
000015288,4
000015294,4
000015300,4
000015306,4
000015312,4
000015318,4
000015324,4
000015330,4
000015336,4
000015342,4
000015348,4
000015354,4
000015360,4
000015366,4
000015372,4
000015378,4
000015384,4
000015390,4
000015396,4
000015402,4
000015408,4
000015414,4
000015420,4
000015426,4
000015432,4
000015438,4
000015444,4
000015450,4
000015456,4
000015462,4
000015468,4
000015474,4
000015480,4
000015486,4
000015492,4
000015498,4
000015504,4
000015510,4
000015516,4
000015522,4
000015528,4
000015534,4
000015540,4
000015546,4
000015552,4
000015558,4
000015564,4
000015570,4
000015576,4
000015582,4
000015588,4
000015594,4
000015600,4
000015606,4
000015612,4
000015618,4
000015624,4
000015630,4
000015636,4
000015642,4
000015648,4
000015654,4
000015660,4
000015666,4
000015672,4
000015678,4
000015684,4
000015690,4
000015696,4
000015702,4
000015708,4
000015714,4
000015720,4
000015726,2
000015732,2
000015738,2
000015744,2
000015750,2
000015756,2
000015762,2
000015768,2
000015774,2
000015780,2
000015786,2
000015792,2
000015798,2
000015804,2
000015810,2
000015816,2
000015822,2
000015828,2
000015834,2
000015840,2
000015846,2
000015852,2
000015858,2
000015864,2
000015870,2
000015876,2
000015882,2
000015888,2
000015894,2
000015900,2
000015906,2
000015912,2
000015918,2
000015924,2
000015930,2
000015936,2
000015942,2
000015948,2
000015954,2
000015960,2
000015966,2
000015972,2
000015978,2
000015984,2
000015990,2
000015996,2
000016002,2
000016008,2
000016014,2
000016020,2
000016026,2
000016032,2
000016038,2
000016044,2
000016050,2
000016056,2
000016062,2
000016068,2
000016074,2
000016080,2
000016086,2
000016092,2
000016098,2
000016104,2
000016110,2
000016116,2
000016122,2
000016128,2
000016134,2
000016140,2
000016146,2
000016152,2
000016158,2
000016164,2
000016170,2
000016176,2
000016182,2
000016188,2
000016194,2
000016200,3
000016206,3
000016212,3
000016218,3
000016224,3
000016230,3
000016236,3
000016242,3
000016248,3
000016254,3
000016260,3
000016266,3
000016272,3
000016278,3
000016284,3
000016290,3
000016296,3
000016302,3
000016308,3
000016314,3
000016320,3
000016326,3
000016332,3
000016338,3
000016344,3
000016350,3
000016356,3
000016362,3
000016368,3
000016374,3
000016380,3
000016386,3
000016392,3
000016398,3
000016404,3
000016410,3
000016416,3
000016422,3
000016428,3
000016434,3
000016440,3
000016446,3
000016452,3
000016458,3
000016464,3
000016470,3
000016476,3
000016482,3
000016488,3
000016494,3
000016500,3
000016506,3
000016512,3
000016518,4
000016524,4
000016530,4
000016536,4
000016542,4
000016548,4
000016554,4
000016560,4
000016566,4
000016572,4
000016578,4
000016584,4
000016590,4
000016596,4
000016602,4
000016608,4
000016614,4
000016620,4
000016626,4
000016632,4
000016638,4
000016644,4
000016650,4
000016656,4
000016662,4
000016668,4
000016674,4
000016680,4
000016686,4
000016692,4
000016698,4
000016704,4
000016710,4
000016716,4
000016722,4
000016728,4
000016734,4
000016740,4
000016746,4
000016752,4
000016758,4
000016764,4
000016770,4
000016776,4
000016782,4
000016788,4
000016794,4
000016800,4
000016806,4
000016812,4
000016818,4
000016824,4
000016830,4
000016836,4
000016842,4
000016848,4
000016854,4
000016860,4
000016866,4
000016872,4
000016878,4
000016884,4
000016890,4
000016896,4
000016902,4
000016908,4
000016914,4
000016920,4
000016926,4
000016932,4
000016938,4
000016944,4
000016950,4
000016956,4
000016962,4
000016968,4
000016974,4
000016980,4
000016986,4
000016992,2
000016998,2
000017004,2
000017010,2
000017016,2
000017022,2
000017028,2
000017034,2
000017040,2
000017046,2
000017052,2
000017058,2
000017064,2
000017070,2
000017076,2
000017082,2
000017088,2
000017094,2
000017100,2
000017106,2
000017112,2
000017118,2
000017124,2
000017130,2
000017136,2
000017142,2
000017148,2
000017154,2
000017160,2
000017166,2
000017172,2
000017178,2
000017184,2
000017190,2
000017196,2
000017202,2
000017208,2
000017214,2
000017220,2
000017226,2
000017232,2
000017238,2
000017244,2
000017250,2
000017256,2
000017262,2
000017268,2
000017274,2
000017280,2
000017286,2
000017292,2
000017298,2
000017304,2
000017310,2
000017316,2
000017322,2
000017328,2
000017334,2
000017340,2
000017346,2
000017352,2
000017358,2
000017364,2
000017370,2
000017376,2
000017382,2
000017388,2
000017394,2
000017400,2
000017406,2
000017412,2
000017418,2
000017424,2
000017430,2
000017436,2
000017442,2
000017448,2
000017454,2
000017460,2
000017466,2
000017472,2
000017478,2
000017484,2
000017490,2
000017496,2
000017502,2
000017508,2
000017514,2
000017520,2
000017526,2
000017532,2
000017538,2
000017544,2
000017550,3
000017556,3
000017562,3
000017568,3
000017574,3
000017580,3
000017586,3
000017592,3
000017598,3
000017604,3
000017610,3
000017616,3
000017622,3
000017628,3
000017634,3
000017640,3
000017646,3
000017652,3
000017658,3
000017664,3
000017670,3
000017676,3
000017682,3
000017688,3
000017694,3
000017700,3
000017706,3
000017712,3
000017718,3
000017724,3
000017730,3
000017736,3
000017742,3
000017748,3
000017754,3
000017760,3
000017766,3
000017772,3
000017778,3
000017784,3
000017790,3
000017796,3
000017802,3
000017808,3
000017814,3
000017820,3
000017826,3
000017832,3
000017838,3
000017844,3
000017850,3
000017856,3
000017862,3
000017868,3
000017874,3
000017880,3
000017886,3
000017892,3
000017898,3
000017904,3
000017910,3
000017916,3
000017922,3
000017928,3
000017934,3
000017940,3
000017946,3
000017952,3
000017958,3
000017964,3
000017970,3
000017976,3
000017982,3
000017988,3
000017994,3
000018000,3
000018006,3
000018012,3
000018018,3
000018024,3
000018030,3
000018036,3
000018042,3
000018048,3
000018054,4
000018060,4
000018066,4
000018072,4
000018078,4
000018084,4
000018090,4
000018096,4
000018102,4
000018108,4
000018114,4
000018120,4
000018126,4
000018132,4
000018138,4
000018144,4
000018150,4
000018156,4
000018162,4
000018168,4
000018174,4
000018180,4
000018186,4
000018192,4
000018198,4
000018204,4
000018210,4
000018216,4
000018222,4
000018228,4
000018234,4
000018240,4
000018246,4
000018252,4
000018258,4
000018264,4
000018270,4
000018276,4
000018282,4
000018288,4
000018294,4
000018300,4
000018306,4
000018312,4
000018318,4
000018324,4
000018330,4
000018336,4
000018342,4
000018348,4
000018354,4
000018360,4
000018366,4
000018372,4
000018378,4
000018384,4
000018390,4
000018396,4
000018402,4
000018408,4
000018414,4
000018420,4
000018426,4
000018432,4
000018438,4
000018444,4
000018450,4
000018456,4
000018462,4
000018468,4
000018474,4
000018480,4
000018486,4
000018492,4
000018498,4
000018504,4
000018510,4
000018516,4
000018522,4
000018528,4
000018534,4
000018540,1
000018546,1
000018552,1
000018558,1
000018564,1
000018570,1
000018576,1
000018582,1
000018588,1
000018594,1
000018600,1
000018606,1
000018612,1
000018618,1
000018624,1
000018630,1
000018636,1
000018642,1
000018648,1
000018654,1
000018660,1
000018666,1
000018672,1
000018678,1
000018684,1
000018690,1
000018696,1
000018702,1
000018708,1
000018714,1
000018720,1
000018726,1
000018732,1
000018738,1
000018744,1
000018750,1
000018756,1
000018762,1
000018768,1
000018774,1
000018780,1
000018786,1
000018792,1
000018798,1
000018804,1
000018810,1
000018816,1
000018822,1
000018828,1
000018834,1
000018840,1
000018846,1
000018852,1
000018858,1
000018864,1
000018870,1
000018876,1
000018882,1
000018888,1
000018894,1
000018900,1
000018906,1
000018912,1
000018918,1
000018924,1
000018930,1
000018936,1
000018942,2
000018948,2
000018954,2
000018960,2
000018966,2
000018972,2
000018978,2
000018984,2
000018990,2
000018996,2
000019002,2
000019008,2
000019014,2
000019020,2
000019026,2
000019032,2
000019038,2
000019044,2
000019050,2
000019056,2
000019062,2
000019068,2
000019074,2
000019080,2
000019086,2
000019092,2
000019098,2
000019104,2
000019110,2
000019116,2
000019122,2
000019128,2
000019134,2
000019140,2
000019146,2
000019152,2
000019158,2
000019164,2
000019170,2
000019176,2
000019182,2
000019188,2
000019194,2
000019200,2
000019206,2
000019212,2
000019218,2
000019224,2
000019230,2
000019236,2
000019242,2
000019248,2
000019254,2
000019260,2
000019266,2
000019272,2
000019278,2
000019284,2
000019290,2
000019296,2
000019302,2
000019308,2
000019314,2
000019320,2
000019326,2
000019332,2
000019338,2
000019344,2
000019350,2
000019356,2
000019362,2
000019368,2
000019374,2
000019380,2
000019386,2
000019392,2
000019398,2
000019404,2
000019410,2
000019416,2
000019422,2
000019428,2
000019434,2
000019440,2
000019446,2
000019452,2
000019458,2
000019464,2
000019470,0
000019476,0
000019482,0
000019488,0
000019494,0
000019500,0
000019506,0
000019512,0
000019518,0
000019524,0
000019530,0
000019536,0
000019542,0
000019548,0
000019554,0
000019560,0
000019566,0
000019572,0
000019578,0
000019584,0
000019590,0
000019596,0
000019602,0
000019608,0
000019614,0
000019620,0
000019626,0
000019632,0
000019638,0
000019644,0
000019650,0
000019656,0
000019662,0
000019668,0
000019674,0
000019680,0
000019686,0
000019692,0
000019698,0
000019704,0
000019710,0
000019716,0
000019722,0
000019728,0
000019734,0
000019740,0
000019746,0
000019752,0
000019758,0
000019764,0
000019770,0
000019776,0
000019782,0
000019788,0
000019794,2
000019800,2
000019806,2
000019812,2
000019818,2
000019824,2
000019830,2
000019836,3
000019842,3
000019848,3
000019854,3
000019860,3
000019866,3
000019872,3
000019878,3
000019884,3
000019890,3
000019896,3
000019902,3
000019908,3
000019914,3
000019920,3
000019926,3
000019932,3
000019938,3
000019944,3
000019950,3
000019956,3
000019962,3
000019968,3
000019974,3
000019980,3
000019986,3
000019992,3
000019998,3
000020004,3
000020010,3
000020016,3
000020022,3
000020028,3
000020034,3
000020040,3
000020046,3
000020052,3
000020058,3
000020064,3
000020070,3
000020076,3
000020082,3
000020088,3
000020094,3
000020100,3
000020106,3
000020112,3
000020118,3
000020124,3
000020130,3
000020136,3
000020142,3
000020148,3
000020154,3
000020160,3
000020166,3
000020172,3
000020178,3
000020184,3
000020190,3
000020196,3
000020202,3
000020208,3
000020214,3
000020220,3
000020226,3
000020232,3
000020238,3
000020244,3
000020250,3
000020256,3
000020262,3
000020268,3
000020274,3
000020280,3
000020286,3
000020292,3
000020298,3
000020304,3
000020310,3
000020316,3
000020322,3
000020328,3
000020334,3
000020340,3
000020346,3
000020352,3
000020358,3
000020364,3
000020370,3
000020376,3
000020382,3
000020388,3
000020394,3
000020400,3
000020406,3
000020412,3
000020418,3
000020424,3
000020430,3
000020436,3
000020442,3
000020448,3
000020454,3
000020460,3
000020466,3
000020472,3
000020478,3
000020484,3
000020490,3
000020496,3
000020502,3
000020508,3
000020514,3
000020520,3
000020526,3
000020532,3
000020538,3
000020544,3
000020550,3
000020556,3
000020562,3
000020568,3
000020574,3
000020580,3
000020586,3
000020592,3
000020598,3
000020604,3
000020610,4
000020616,4
000020622,4
000020628,4
000020634,4
000020640,4
000020646,4
000020652,4
000020658,4
000020664,4
000020670,4
000020676,4
000020682,4
000020688,4
000020694,4
000020700,4
000020706,4
000020712,4
000020718,4
000020724,4
000020730,4
000020736,4
000020742,4
000020748,4
000020754,4
000020760,4
000020766,4
000020772,4
000020778,4
000020784,4
000020790,4
000020796,4
000020802,4
000020808,4
000020814,4
000020820,4
000020826,4
000020832,4
000020838,4
000020844,4
000020850,4
000020856,4
000020862,4
000020868,4
000020874,4
000020880,4
000020886,4
000020892,4
000020898,4
000020904,4
000020910,4
000020916,4
000020922,4
000020928,4
000020934,4
000020940,4
000020946,4
000020952,4
000020958,4
000020964,4
000020970,4
000020976,4
000020982,4
000020988,4
000020994,4
000021000,4
000021006,4
000021012,4
000021018,4
000021024,4
000021030,4
000021036,4
000021042,4
000021048,4
000021054,4
000021060,4
000021066,4
000021072,4
000021078,4
000021084,4
000021090,4
000021096,4
000021102,4
000021108,4
000021114,4
000021120,4
000021126,4
000021132,4
000021138,4
000021144,4
000021150,4
000021156,4
000021162,4
000021168,4
000021174,1
000021180,1
000021186,1
000021192,1
000021198,1
000021204,1
000021210,1
000021216,1
000021222,1
000021228,1
000021234,1
000021240,1
000021246,1
000021252,1
000021258,1
000021264,1
000021270,1
000021276,1
000021282,1
000021288,1
000021294,1
000021300,1
000021306,1
000021312,1
000021318,1
000021324,2
000021330,2
000021336,2
000021342,2
000021348,2
000021354,2
000021360,2
000021366,2
000021372,2
000021378,2
000021384,2
000021390,2
000021396,2
000021402,2
000021408,2
000021414,2
000021420,2
000021426,2
000021432,2
000021438,2
000021444,2
000021450,2
000021456,2
000021462,2
000021468,2
000021474,2
000021480,2
000021486,2
000021492,2
000021498,2
000021504,2
000021510,2
000021516,2
000021522,2
000021528,2
000021534,2
000021540,2
000021546,2
000021552,2
000021558,2
000021564,2
000021570,2
000021576,2
000021582,2
000021588,2
000021594,2
000021600,2
000021606,2
000021612,2
000021618,2
000021624,2
000021630,2
000021636,2
000021642,2
000021648,2
000021654,2
000021660,2
000021666,2
000021672,2
000021678,2
000021684,2
000021690,2
000021696,2
000021702,2
000021708,2
000021714,2
000021720,2
000021726,2
000021732,2
000021738,2
000021744,2
000021750,2
000021756,2
000021762,2
000021768,2
000021774,2
000021780,2
000021786,2
000021792,2
000021798,2
000021804,2
000021810,2
000021816,2
000021822,2
000021828,2
000021834,2
000021840,2
000021846,2
000021852,2
000021858,2
000021864,2
000021870,2
000021876,2
000021882,2
000021888,2
000021894,2
000021900,2
000021906,2
000021912,2
000021918,2
000021924,2
000021930,2
000021936,2
000021942,2
000021948,2
000021954,2
000021960,2
000021966,2
000021972,2
000021978,2
000021984,2
000021990,2
000021996,2
000022002,2
000022008,2
000022014,2
000022020,2
000022026,2
000022032,2
000022038,2
000022044,2
000022050,2
000022056,2
000022062,2
000022068,2
000022074,2
000022080,2
000022086,2
000022092,2
000022098,2
000022104,2
000022110,2
000022116,2
000022122,2
000022128,2
000022134,2
000022140,2
000022146,2
000022152,2
000022158,2
000022164,2
000022170,2
000022176,2
000022182,2
000022188,2
000022194,2
000022200,2
000022206,2
000022212,2
000022218,3
000022224,3
000022230,3
000022236,3
000022242,3
000022248,3
000022254,3
000022260,3
000022266,3
000022272,3
000022278,3
000022284,3
000022290,3
000022296,3
000022302,3
000022308,3
000022314,3
000022320,3
000022326,3
000022332,3
000022338,3
000022344,3
000022350,3
000022356,3
000022362,3
000022368,3
000022374,3
000022380,3
000022386,3
000022392,3
000022398,3
000022404,3
000022410,3
000022416,3
000022422,3
000022428,3
000022434,3
000022440,3
000022446,3
000022452,3
000022458,3
000022464,3
000022470,3
000022476,3
000022482,3
000022488,3
000022494,3
000022500,3
000022506,3
000022512,3
000022518,3
000022524,3
000022530,3
000022536,3
000022542,3
000022548,3
000022554,3
000022560,3
000022566,3
000022572,3
000022578,3
000022584,3
000022590,3
000022596,3
000022602,3
000022608,3
000022614,3
000022620,3
000022626,3
000022632,3
000022638,3
000022644,3
000022650,3
000022656,3
000022662,3
000022668,3
000022674,3
000022680,3
000022686,3
000022692,3
000022698,3
000022704,3
000022710,3
000022716,3
000022722,3
000022728,3
000022734,3
000022740,3
000022746,3
000022752,3
000022758,3
000022764,4
000022770,4
000022776,4
000022782,4
000022788,4
000022794,4
000022800,4
000022806,4
000022812,4
000022818,4
000022824,4
000022830,4
000022836,4
000022842,4
000022848,4
000022854,4
000022860,4
000022866,4
000022872,4
000022878,4
000022884,4
000022890,4
000022896,4
000022902,4
000022908,4
000022914,4
000022920,4
000022926,4
000022932,4
000022938,4
000022944,4
000022950,4
000022956,4
000022962,4
000022968,4
000022974,4
000022980,4
000022986,4
000022992,4
000022998,4
000023004,4
000023010,4
000023016,4
000023022,4
000023028,4
000023034,4
000023040,4
000023046,4
000023052,4
000023058,4
000023064,4
000023070,4
000023076,4
000023082,4
000023088,4
000023094,4
000023100,4
000023106,4
000023112,4
000023118,4
000023124,4
000023130,4
000023136,4
000023142,4
000023148,4
000023154,4
000023160,4
000023166,4
000023172,4
000023178,4
000023184,4
000023190,4
000023196,4
000023202,4
000023208,4
000023214,4
000023220,4
000023226,1
000023232,1
000023238,1
000023244,1
000023250,1
000023256,1
000023262,1
000023268,1
000023274,1
000023280,1
000023286,1
000023292,1
000023298,1
000023304,1
000023310,1
000023316,1
000023322,1
000023328,1
000023334,1
000023340,1
000023346,1
000023352,1
000023358,1
000023364,2
000023370,2
000023376,2
000023382,2
000023388,2
000023394,2
000023400,2
000023406,2
000023412,2
000023418,2
000023424,2
000023430,2
000023436,2
000023442,2
000023448,2
000023454,2
000023460,2
000023466,2
000023472,2
000023478,2
000023484,2
000023490,2
000023496,2
000023502,2
000023508,2
000023514,2
000023520,2
000023526,2
000023532,2
000023538,2
000023544,2
000023550,2
000023556,2
000023562,2
000023568,2
000023574,2
000023580,2
000023586,2
000023592,2
000023598,2
000023604,2
000023610,2
000023616,2
000023622,2
000023628,2
000023634,2
000023640,2
000023646,2
000023652,2
000023658,2
000023664,2
000023670,2
000023676,2
000023682,2
000023688,2
000023694,2
000023700,2
000023706,2
000023712,2
000023718,2
000023724,2
000023730,2
000023736,2
000023742,2
000023748,2
000023754,2
000023760,2
000023766,2
000023772,2
000023778,2
000023784,2
000023790,2
000023796,2
000023802,2
000023808,2
000023814,2
000023820,2
000023826,2
000023832,2
000023838,2
000023844,2
000023850,2
000023856,2
000023862,2
000023868,2
000023874,2
000023880,2
000023886,2
000023892,2
000023898,2
000023904,2
000023910,2
000023916,2
000023922,2
000023928,2
000023934,2
000023940,2
000023946,2
000023952,2
000023958,2
000023964,2
000023970,2
000023976,2
000023982,2
000023988,2
000023994,2
000024000,2
000024006,2
000024012,2
000024018,2
000024024,2
000024030,2
000024036,2
000024042,2
000024048,2
000024054,2
000024060,2
000024066,2
000024072,2
000024078,2
000024084,2
000024090,2
000024096,2
000024102,2
000024108,2
000024114,2
000024120,2
000024126,2
000024132,2
000024138,2
000024144,2
000024150,2
000024156,2
000024162,3
000024168,3
000024174,3
000024180,3
000024186,3
000024192,3
000024198,3
000024204,3
000024210,3
000024216,3
000024222,3
000024228,3
000024234,3
000024240,3
000024246,3
000024252,3
000024258,3
000024264,3
000024270,3
000024276,3
000024282,3
000024288,3
000024294,3
000024300,3
000024306,3
000024312,3
000024318,3
000024324,3
000024330,3
000024336,3
000024342,3
000024348,3
000024354,3
000024360,3
000024366,3
000024372,3
000024378,3
000024384,3
000024390,3
000024396,3
000024402,3
000024408,3
000024414,3
000024420,3
000024426,3
000024432,3
000024438,3
000024444,3
000024450,3
000024456,3
000024462,3
000024468,3
000024474,3
000024480,3
000024486,3
000024492,3
000024498,3
000024504,3
000024510,3
000024516,3
000024522,3
000024528,3
000024534,3
000024540,3
000024546,3
000024552,3
000024558,3
000024564,3
000024570,3
000024576,3
000024582,3
000024588,3
000024594,3
000024600,3
000024606,3
000024612,3
000024618,3
000024624,3
000024630,3
000024636,3
000024642,3
000024648,3
000024654,3
000024660,3
000024666,3
000024672,3
000024678,3
000024684,3
000024690,3
000024696,3
000024702,3
000024708,3
000024714,3
000024720,3
000024726,3
000024732,3
000024738,3
000024744,4
000024750,4
000024756,4
000024762,4
000024768,4
000024774,4
000024780,4
000024786,4
000024792,4
000024798,4
000024804,4
000024810,4
000024816,4
000024822,4
000024828,4
000024834,4
000024840,4
000024846,4
000024852,4
000024858,4
000024864,4
000024870,4
000024876,4
000024882,4
000024888,4
000024894,4
000024900,4
000024906,4
000024912,4
000024918,4
000024924,4
000024930,4
000024936,4
000024942,4
000024948,4
000024954,4
000024960,4
000024966,4
000024972,4
000024978,4
000024984,4
000024990,4
000024996,4
000025002,4
000025008,4
000025014,4
000025020,4
000025026,4
000025032,4
000025038,4
000025044,4
000025050,4
000025056,4
000025062,4
000025068,4
000025074,4
000025080,4
000025086,4
000025092,4
000025098,4
000025104,4
000025110,4
000025116,4
000025122,4
000025128,4
000025134,4
000025140,4
000025146,4
000025152,4
000025158,4
000025164,4
000025170,4
000025176,4
000025182,4
000025188,4
000025194,4
000025200,4
000025206,4
000025212,4
000025218,4
000025224,4
000025230,4
000025236,4
000025242,4
000025248,4
000025254,4
000025260,4
000025266,4
000025272,4
000025278,4
000025284,4
000025290,4
000025296,4
000025302,4
000025308,4
000025314,4
000025320,4
000025326,4
000025332,4
000025338,4
000025344,1
000025350,1
000025356,1
000025362,1
000025368,1
000025374,1
000025380,1
000025386,1
000025392,1
000025398,1
000025404,1
000025410,1
000025416,1
000025422,1
000025428,1
000025434,1
000025440,1
000025446,1
000025452,1
000025458,1
000025464,1
000025470,1
000025476,1
000025482,1
000025488,1
000025494,1
000025500,1
000025506,1
000025512,1
000025518,1
000025524,1
000025530,1
000025536,1
000025542,1
000025548,1
000025554,1
000025560,1
000025566,1
000025572,1
000025578,1
000025584,1
000025590,1
000025596,1
000025602,1
000025608,1
000025614,1
000025620,1
000025626,1
000025632,1
000025638,1
000025644,1
000025650,1
000025656,7
000025662,7
000025668,7
000025674,7
000025680,7
000025686,7
000025692,7
000025698,7
000025704,7
000025710,7
000025716,7
000025722,7
000025728,7
000025734,7
000025740,7
000025746,7
000025752,7
000025758,7
000025764,7
000025770,7
000025776,7
000025782,7
000025788,7
000025794,7
000025800,7
000025806,7
000025812,7
000025818,7
000025824,7
000025830,7
000025836,7
000025842,7
000025848,7
000025854,7
000025860,7
000025866,7
000025872,7
000025878,7
000025884,7
000025890,7
000025896,7
000025902,7
000025908,7
000025914,7
000025920,7
000025926,7
000025932,7
000025938,7
000025944,7
000025950,7
000025956,7
000025962,7
000025968,7
000025974,7
000025980,7
000025986,7
000025992,7
000025998,7
000026004,7
000026010,7
000026016,7
000026022,7
000026028,7
000026034,7
000026040,7
000026046,7
000026052,7
000026058,7
000026064,7
000026070,7
000026076,7
000026082,0
000026088,0
000026094,0
000026100,0
000026106,0
000026112,0
000026118,0
000026124,0
000026130,0
000026136,0
000026142,0
000026148,0
000026154,0
000026160,0
000026166,0
000026172,0
000026178,0
000026184,0
000026190,0
000026196,0
000026202,0
000026208,0
000026214,0
000026220,0
000026226,0
000026232,0
000026238,0
000026244,0
000026250,0
000026256,0
000026262,0
000026268,0
000026274,0
000026280,0
000026286,0
000026292,0
000026298,0
000026304,0
000026310,0
000026316,0
000026322,0
000026328,0
000026334,0
000026340,0
000026346,0
000026352,0
000026358,0
000026364,0
000026370,0
000026376,0
000026382,0
000026388,0
000026394,0
000026400,0
000026406,0
000026412,0
000026418,0
000026424,0
000026430,0
000026436,0
000026442,0
000026448,0
000026454,0
000026460,0
000026466,0
000026472,0
000026478,0
000026484,0
000026490,0
000026496,0
000026502,0
000026508,0
000026514,0
000026520,0
000026526,0
000026532,0
000026538,0
000026544,0
000026550,0
000026556,0
000026562,0
000026568,0
000026574,0
000026580,0
000026586,0
000026592,0
000026598,0
000026604,0
000026610,0
000026616,0
000026622,0
000026628,0
000026634,0
000026640,0
000026646,0
000026652,0
000026658,0
000026664,0
000026670,0
000026676,0
000026682,0
000026688,0
000026694,0
000026700,0
000026706,0
000026712,0
000026718,0
000026724,0
000026730,0
000026736,0
000026742,0
000026748,0
000026754,0
000026760,0
000026766,0
000026772,0
000026778,0
000026784,0
000026790,0
000026796,0
000026802,0
000026808,0
000026814,0
000026820,0
000026826,0
000026832,0
000026838,0
000026844,0
000026850,0
000026856,0
000026862,0
000026868,0
000026874,0
000026880,0
000026886,0
000026892,0
000026898,0
000026904,0
000026910,0
000026916,0
000026922,0
000026928,0
000026934,0
000026940,0
000026946,0
000026952,0
000026958,0
000026964,0
000026970,0
000026976,0
000026982,0
000026988,0
000026994,0
000027000,0
000027006,0
000027012,0
000027018,0
000027024,0
000027030,0
000027036,0
000027042,0
000027048,0
000027054,0
000027060,0
000027066,0
000027072,0
000027078,0
000027084,0
000027090,0
000027096,0
000027102,0
000027108,0
000027114,0
000027120,0
000027126,0
000027132,0
000027138,0
000027144,0
000027150,0
000027156,0
000027162,0
000027168,0
000027174,0
000027180,0
000027186,0
000027192,0
000027198,0
000027204,0
000027210,0
000027216,0
000027222,0
000027228,0
000027234,0
000027240,0
000027246,0
000027252,0
000027258,0
000027264,0
000027270,0
000027276,0
000027282,0
000027288,0
000027294,0
000027300,0
000027306,0
000027312,0
000027318,0
000027324,0
000027330,0
000027336,0
000027342,0
000027348,0
000027354,0
000027360,0
000027366,0
000027372,0
000027378,0
000027384,0
000027390,0
000027396,0
000027402,0
000027408,0
000027414,0
000027420,0
000027426,0
000027432,0
000027438,0
000027444,0
000027450,0
000027456,0
000027462,0
000027468,0
000027474,0
000027480,0
000027486,0
000027492,0
000027498,0
000027504,0
000027510,0
000027516,0
000027522,0
000027528,0
000027534,0
000027540,0
000027546,0
000027552,0
000027558,0
000027564,0
000027570,0
000027576,0
000027582,0
000027588,0
000027594,0
000027600,0
000027606,0
000027612,0
000027618,0
000027624,0
000027630,0
000027636,0
000027642,0
000027648,0
000027654,0
000027660,0
000027666,0
000027672,0
000027678,0
000027684,0
000027690,0
000027696,0
000027702,0
000027708,0
000027714,0
000027720,0
000027726,0
000027732,0
000027738,0
000027744,0
000027750,0
000027756,0
000027762,0
000027768,0
000027774,0
000027780,0
000027786,0
000027792,0
000027798,0
000027804,0
000027810,0
000027816,0
000027822,0
000027828,0
000027834,0
000027840,0
000027846,0
000027852,0
000027858,0
000027864,0
000027870,0
000027876,0
000027882,0
000027888,0
000027894,0
000027900,0
000027906,0
000027912,0
000027918,0
000027924,0
000027930,0
000027936,0
000027942,0
000027948,0
000027954,0
000027960,0
000027966,0
000027972,0
000027978,0
000027984,0
000027990,0
000027996,0
000028002,0
000028008,0
000028014,0
000028020,0
000028026,0
000028032,0
000028038,0
000028044,0
000028050,0
000028056,0
000028062,0
000028068,0
000028074,0
000028080,0
000028086,0
000028092,0
000028098,0
000028104,0
000028110,0
000028116,0
000028122,0
000028128,0
000028134,0
000028140,0
000028146,0
000028152,0
000028158,0
000028164,0
000028170,0
000028176,0
000028182,0
000028188,0
000028194,0
000028200,0
000028206,0
000028212,0
000028218,0
000028224,0
000028230,0
000028236,0
000028242,0
000028248,0
000028254,0
000028260,0
000028266,0
000028272,0
000028278,0
000028284,0
000028290,0
000028296,0
000028302,0
000028308,0
000028314,0
000028320,0
000028326,0
000028332,0
000028338,0
000028344,0
000028350,0
000028356,0
000028362,0
000028368,0
000028374,0
000028380,0
000028386,0
000028392,0
000028398,0
000028404,0
000028410,0
000028416,0
000028422,0
000028428,0
000028434,0
000028440,0
000028446,0
000028452,0
000028458,0
000028464,0
000028470,0
000028476,0
000028482,0
000028488,0
000028494,0
000028500,0
000028506,0
000028512,0
000028518,0
000028524,0
000028530,0
000028536,0
000028542,0
000028548,0
000028554,0
000028560,0
000028566,0
000028572,0
000028578,0
000028584,0
000028590,0
000028596,0
000028602,0
000028608,0
000028614,0
000028620,0
000028626,0
000028632,0
000028638,0
000028644,0
000028650,0
000028656,0
000028662,0
000028668,0
000028674,0
000028680,0
000028686,0
000028692,0
000028698,0
000028704,0
000028710,0
000028716,0
000028722,0
000028728,0
000028734,0
000028740,0
000028746,0
000028752,0
000028758,0
000028764,0
000028770,0
000028776,0
000028782,0
000028788,0
000028794,0
000028800,0
000028806,0
000028812,0
000028818,0
000028824,0
000028830,0
000028836,0
000028842,0
000028848,0
000028854,0
000028860,0
000028866,0
000028872,0
000028878,0
000028884,0
000028890,0
000028896,0
000028902,0
000028908,0
000028914,0
000028920,0
000028926,0
000028932,0
000028938,0
000028944,0
000028950,0
000028956,0
000028962,0
000028968,0
000028974,0
000028980,0
000028986,0
000028992,0
000028998,0
000029004,0
000029010,0
000029016,0
000029022,0
000029028,0
000029034,0
000029040,0
000029046,0
000029052,0
000029058,0
000029064,0
000029070,0
000029076,0
000029082,0
000029088,0
000029094,0
000029100,0
000029106,0
000029112,0
000029118,0
000029124,0
000029130,0
000029136,0
000029142,0
000029148,0
000029154,0
000029160,0
000029166,0
000029172,0
000029178,0
000029184,0
000029190,0
000029196,0
000029202,0
000029208,0
000029214,0
000029220,0
000029226,0
000029232,0
000029238,0
000029244,0
000029250,0
000029256,0
000029262,0
000029268,0
000029274,0
000029280,0
000029286,0
000029292,0
000029298,0
000029304,0
000029310,0
000029316,0
000029322,0
000029328,0
000029334,0
000029340,0
000029346,0
000029352,0
000029358,0
000029364,0
000029370,0
000029376,0
000029382,0
000029388,0
000029394,0
000029400,0
000029406,0
000029412,0
000029418,0
000029424,0
000029430,0
000029436,0
000029442,0
000029448,0
000029454,0
000029460,0
000029466,0
000029472,0
000029478,0
000029484,0
000029490,0
000029496,0
000029502,0
000029508,0
000029514,0
000029520,0
000029526,0
000029532,0
000029538,0
000029544,0
000029550,0
000029556,0
000029562,0
000029568,0
000029574,0
000029580,0
000029586,0
000029592,0
000029598,0
000029604,0
000029610,0
000029616,0
000029622,0
000029628,0
000029634,0
000029640,0
000029646,0
000029652,0
000029658,0
000029664,0
000029670,0
000029676,0
000029682,0
000029688,0
000029694,0
000029700,0
000029706,0
000029712,0
000029718,0
000029724,0
000029730,0
000029736,0
000029742,0
000029748,0
000029754,0
000029760,0
000029766,0
000029772,0
000029778,0
000029784,0
000029790,0
000029796,0
000029802,0
000029808,0
000029814,0
000029820,0
000029826,0
000029832,0
000029838,0
000029844,0
000029850,0
000029856,0
000029862,0
000029868,0
000029874,0
000029880,0
000029886,0
000029892,0
000029898,0
000029904,0
000029910,0
000029916,0
000029922,0
000029928,0
000029934,0
000029940,0
000029946,0
000029952,0
000029958,0
000029964,0
000029970,0
000029976,0
000029982,0
000029988,0
000029994,0
000030000,0
000030006,0
000030012,0
000030018,0
000030024,0
000030030,0
000030036,0
000030042,0
000030048,0
000030054,0
000030060,0
000030066,0
000030072,0
000030078,0
000030084,0
000030090,0
000030096,0
000030102,0
000030108,0
000030114,0
000030120,0
000030126,0
000030132,0
000030138,0
000030144,0
000030150,0
000030156,0
000030162,0
000030168,0
000030174,0
000030180,0
000030186,0
000030192,0
000030198,0
000030204,0
000030210,0
000030216,0
000030222,0
000030228,0
000030234,0
000030240,0
000030246,0
000030252,0
000030258,0
000030264,0
000030270,0
000030276,0
000030282,0
000030288,0
000030294,0
000030300,0
000030306,0
000030312,0
000030318,0
000030324,0
000030330,0
000030336,0
000030342,0
000030348,0
000030354,0
000030360,0
000030366,0
000030372,0
000030378,0
000030384,0
000030390,0
000030396,0
000030402,0
000030408,0
000030414,0
000030420,0
000030426,0
000030432,0
000030438,0
000030444,0
000030450,0
000030456,0
000030462,0
000030468,6
000030474,6
000030480,6
000030486,6
000030492,6
000030498,6
000030504,6
000030510,6
000030516,6
000030522,6
000030528,6
000030534,6
000030540,6
000030546,6
000030552,6
000030558,6
000030564,6
000030570,6
000030576,6
000030582,6
000030588,6
000030594,6
000030600,6
000030606,6
000030612,6
000030618,6
000030624,6
000030630,6
000030636,6
000030642,6
000030648,6
000030654,6
000030660,6
000030666,6
000030672,6
000030678,6
000030684,6
000030690,6
000030696,6
000030702,6
000030708,6
000030714,6
000030720,6
000030726,6
000030732,6
000030738,6
000030744,6
000030750,6
000030756,6
000030762,6
000030768,6
000030774,6
000030780,6
000030786,6
000030792,6
000030798,6
000030804,6
000030810,6
000030816,6
000030822,6
000030828,6
000030834,6
000030840,6
000030846,6
000030852,6
000030858,6
000030864,6
000030870,6
000030876,6
000030882,6
000030888,6
000030894,6
000030900,6
000030906,6
000030912,6
000030918,6
000030924,6
000030930,6
000030936,6
000030942,6
000030948,6
000030954,6
000030960,6
000030966,6
000030972,6
000030978,6
000030984,6
000030990,6
000030996,6
000031002,6
000031008,6
000031014,6
000031020,6
000031026,6
000031032,6
000031038,6
000031044,6
000031050,6
000031056,6
000031062,6
000031068,6
000031074,6
000031080,6
000031086,6
000031092,6
000031098,6
000031104,6
000031110,6
000031116,6
000031122,6
000031128,6
000031134,6
000031140,6
000031146,6
000031152,6
000031158,6
000031164,6
000031170,6
000031176,6
000031182,6
000031188,6
000031194,6
000031200,1
000031206,1
000031212,1
000031218,1
000031224,1
000031230,1
000031236,1
000031242,1
000031248,1
000031254,1
000031260,1
000031266,1
000031272,1
000031278,1
000031284,1
000031290,1
000031296,1
000031302,1
000031308,1
000031314,1
000031320,1
000031326,1
000031332,1
000031338,1
000031344,1
000031350,1
000031356,1
000031362,1
000031368,1
000031374,1
000031380,1
000031386,7
000031392,7
000031398,7
000031404,7
000031410,7
000031416,7
000031422,7
000031428,7
000031434,7
000031440,7
000031446,7
000031452,7
000031458,7
000031464,7
000031470,7
000031476,7
000031482,7
000031488,7
000031494,7
000031500,7
000031506,7
000031512,7
000031518,7
000031524,7
000031530,7
000031536,7
000031542,7
000031548,7
000031554,7
000031560,7
000031566,7
000031572,7
000031578,7
000031584,7
000031590,7
000031596,7
000031602,7
000031608,7
000031614,7
000031620,7
000031626,7
000031632,7
000031638,7
000031644,7
000031650,7
000031656,7
000031662,7
000031668,7
000031674,7
000031680,7
000031686,7
000031692,7
000031698,7
000031704,7
000031710,7
000031716,7
000031722,7
000031728,7
000031734,7
000031740,7
000031746,7
000031752,7
000031758,7
000031764,7
000031770,7
000031776,7
000031782,7
000031788,7
000031794,7
000031800,7
000031806,7
000031812,7
000031818,7
000031824,7
000031830,7
000031836,7
000031842,7
000031848,7
000031854,7
000031860,7
000031866,7
000031872,7
000031878,7
000031884,7
000031890,7
000031896,7
000031902,7
000031908,7
000031914,7
000031920,7
000031926,7
000031932,7
000031938,7
000031944,7
000031950,7
000031956,7
000031962,7
000031968,7
000031974,7
000031980,7
000031986,7
000031992,7
000031998,7
000032004,7
000032010,7
000032016,7
000032022,7
000032028,7
000032034,7
000032040,7
000032046,7
000032052,7
000032058,7
000032064,7
000032070,7
000032076,7
000032082,7
000032088,7
000032094,7
000032100,7
000032106,7
000032112,7
000032118,7
000032124,7
000032130,7
000032136,7
000032142,7
000032148,7
000032154,7
000032160,7
000032166,7
000032172,7
000032178,7
000032184,7
000032190,7
000032196,7
000032202,7
000032208,7
000032214,7
000032220,7
000032226,7
000032232,7
000032238,7
000032244,7
000032250,7
000032256,7
000032262,7
000032268,7
000032274,7
000032280,7
000032286,7
000032292,7
000032298,7
000032304,7
000032310,7
000032316,7
000032322,7
000032328,7
000032334,7
000032340,7
000032346,7
000032352,7
000032358,7
000032364,7
000032370,7
000032376,7
000032382,7
000032388,7
000032394,7
000032400,7
000032406,7
000032412,7
000032418,7
000032424,7
000032430,7
000032436,7
000032442,7
000032448,7
000032454,7
000032460,7
000032466,7
000032472,7
000032478,7
000032484,7
000032490,7
000032496,7
000032502,7
000032508,7
000032514,7
000032520,7
000032526,7
000032532,7
000032538,7
000032544,7
000032550,7
000032556,7
000032562,7
000032568,7
000032574,7
000032580,0
000032586,0
000032592,0
000032598,0
000032604,0
000032610,0
000032616,0
000032622,0
000032628,0
000032634,0
000032640,0
000032646,0
000032652,0
000032658,0
000032664,0
000032670,0
000032676,0
000032682,0
