00000 00894 0 
00895 01254 1 
01255 02549 2 
02550 03719 3 
03720 03986 2 
03987 04795 3 
04796 05423 4 
05424 05543 2 
05544 05830 1 
05831 06637 2 
06638 08343 0 
08344 09119 1 
09120 10183 2 
10184 10846 3 
10847 11634 4 
11635 12313 2 
12314 12785 3 
12786 13458 4 
13459 13737 1 
13738 14205 2 
14206 14789 3 
14790 15073 4 
15074 15234 1 
15235 15730 4 
15731 16199 2 
16200 16517 3 
16518 16995 4 
16996 17554 2 
17555 18054 3 
18055 18543 4 
18544 18941 1 
18942 19474 2 
19475 19798 0 
19799 19839 2 
19840 20611 3 
20612 21173 4 
21174 21326 1 
21327 22219 2 
22220 22767 3 
22768 23228 4 
23229 23364 1 
23365 24161 2 
24162 24747 3 
24748 25348 4 
25349 25656 1 
25657 26084 7 
26085 30467 0 
30468 31199 6 
31200 31387 1 
31388 32579 7 
32580 32684 0 
