000000000,0
000000006,0
000000012,0
000000018,0
000000024,0
000000030,0
000000036,0
000000042,0
000000048,0
000000054,0
000000060,0
000000066,0
000000072,0
000000078,0
000000084,0
000000090,0
000000096,0
000000102,0
000000108,0
000000114,0
000000120,0
000000126,0
000000132,0
000000138,0
000000144,0
000000150,0
000000156,0
000000162,0
000000168,0
000000174,0
000000180,0
000000186,0
000000192,0
000000198,0
000000204,0
000000210,0
000000216,0
000000222,0
000000228,0
000000234,0
000000240,0
000000246,0
000000252,0
000000258,0
000000264,0
000000270,0
000000276,0
000000282,0
000000288,0
000000294,0
000000300,0
000000306,0
000000312,0
000000318,0
000000324,0
000000330,0
000000336,0
000000342,0
000000348,0
000000354,0
000000360,0
000000366,0
000000372,0
000000378,0
000000384,0
000000390,0
000000396,0
000000402,0
000000408,0
000000414,0
000000420,0
000000426,0
000000432,0
000000438,0
000000444,0
000000450,0
000000456,0
000000462,0
000000468,0
000000474,0
000000480,0
000000486,0
000000492,0
000000498,0
000000504,0
000000510,0
000000516,0
000000522,0
000000528,0
000000534,0
000000540,0
000000546,0
000000552,0
000000558,0
000000564,0
000000570,0
000000576,0
000000582,0
000000588,0
000000594,0
000000600,0
000000606,0
000000612,0
000000618,0
000000624,0
000000630,0
000000636,0
000000642,0
000000648,0
000000654,0
000000660,0
000000666,0
000000672,0
000000678,0
000000684,0
000000690,0
000000696,0
000000702,0
000000708,0
000000714,0
000000720,0
000000726,0
000000732,0
000000738,0
000000744,0
000000750,0
000000756,0
000000762,0
000000768,0
000000774,0
000000780,0
000000786,0
000000792,0
000000798,0
000000804,0
000000810,0
000000816,0
000000822,0
000000828,0
000000834,0
000000840,0
000000846,0
000000852,0
000000858,0
000000864,0
000000870,0
000000876,0
000000882,0
000000888,0
000000894,0
000000900,0
000000906,0
000000912,0
000000918,0
000000924,0
000000930,0
000000936,0
000000942,0
000000948,0
000000954,0
000000960,0
000000966,0
000000972,0
000000978,0
000000984,0
000000990,0
000000996,0
000001002,0
000001008,0
000001014,0
000001020,0
000001026,0
000001032,0
000001038,0
000001044,0
000001050,0
000001056,0
000001062,0
000001068,0
000001074,0
000001080,0
000001086,0
000001092,0
000001098,0
000001104,0
000001110,0
000001116,0
000001122,0
000001128,0
000001134,0
000001140,0
000001146,0
000001152,0
000001158,0
000001164,0
000001170,0
000001176,0
000001182,0
000001188,0
000001194,0
000001200,0
000001206,0
000001212,0
000001218,0
000001224,0
000001230,0
000001236,0
000001242,0
000001248,0
000001254,0
000001260,0
000001266,0
000001272,0
000001278,0
000001284,0
000001290,0
000001296,0
000001302,0
000001308,0
000001314,0
000001320,0
000001326,0
000001332,0
000001338,0
000001344,0
000001350,0
000001356,0
000001362,0
000001368,0
000001374,0
000001380,0
000001386,0
000001392,0
000001398,0
000001404,0
000001410,0
000001416,0
000001422,0
000001428,0
000001434,0
000001440,0
000001446,0
000001452,0
000001458,0
000001464,0
000001470,0
000001476,0
000001482,0
000001488,0
000001494,0
000001500,0
000001506,0
000001512,0
000001518,0
000001524,0
000001530,0
000001536,0
000001542,0
000001548,0
000001554,0
000001560,0
000001566,0
000001572,0
000001578,0
000001584,0
000001590,0
000001596,0
000001602,0
000001608,0
000001614,0
000001620,0
000001626,0
000001632,0
000001638,0
000001644,0
000001650,0
000001656,0
000001662,0
000001668,0
000001674,0
000001680,0
000001686,0
000001692,0
000001698,0
000001704,0
000001710,0
000001716,0
000001722,0
000001728,0
000001734,0
000001740,0
000001746,0
000001752,0
000001758,0
000001764,0
000001770,0
000001776,0
000001782,0
000001788,0
000001794,0
000001800,0
000001806,0
000001812,0
000001818,0
000001824,0
000001830,0
000001836,0
000001842,0
000001848,0
000001854,0
000001860,0
000001866,0
000001872,0
000001878,0
000001884,0
000001890,0
000001896,0
000001902,0
000001908,0
000001914,0
000001920,0
000001926,0
000001932,0
000001938,0
000001944,0
000001950,0
000001956,0
000001962,0
000001968,0
000001974,0
000001980,0
000001986,0
000001992,0
000001998,0
000002004,0
000002010,0
000002016,0
000002022,0
000002028,0
000002034,0
000002040,0
000002046,0
000002052,0
000002058,0
000002064,0
000002070,0
000002076,0
000002082,0
000002088,0
000002094,0
000002100,0
000002106,0
000002112,0
000002118,0
000002124,0
000002130,0
000002136,0
000002142,0
000002148,0
000002154,0
000002160,0
000002166,0
000002172,0
000002178,0
000002184,0
000002190,0
000002196,0
000002202,0
000002208,0
000002214,0
000002220,0
000002226,0
000002232,0
000002238,0
000002244,0
000002250,0
000002256,0
000002262,0
000002268,0
000002274,0
000002280,0
000002286,0
000002292,0
000002298,0
000002304,0
000002310,0
000002316,0
000002322,0
000002328,0
000002334,0
000002340,0
000002346,0
000002352,0
000002358,0
000002364,0
000002370,0
000002376,0
000002382,0
000002388,0
000002394,0
000002400,0
000002406,0
000002412,0
000002418,0
000002424,0
000002430,0
000002436,0
000002442,0
000002448,0
000002454,0
000002460,0
000002466,0
000002472,0
000002478,0
000002484,0
000002490,0
000002496,0
000002502,0
000002508,0
000002514,0
000002520,0
000002526,0
000002532,0
000002538,0
000002544,0
000002550,0
000002556,0
000002562,0
000002568,0
000002574,0
000002580,0
000002586,0
000002592,0
000002598,0
000002604,0
000002610,0
000002616,0
000002622,0
000002628,0
000002634,0
000002640,0
000002646,0
000002652,0
000002658,0
000002664,0
000002670,0
000002676,0
000002682,0
000002688,0
000002694,0
000002700,0
000002706,0
000002712,0
000002718,0
000002724,0
000002730,0
000002736,0
000002742,0
000002748,0
000002754,0
000002760,0
000002766,0
000002772,0
000002778,0
000002784,0
000002790,0
000002796,0
000002802,0
000002808,0
000002814,0
000002820,0
000002826,0
000002832,0
000002838,0
000002844,0
000002850,0
000002856,0
000002862,0
000002868,0
000002874,0
000002880,0
000002886,0
000002892,0
000002898,0
000002904,0
000002910,0
000002916,0
000002922,0
000002928,0
000002934,0
000002940,0
000002946,0
000002952,0
000002958,0
000002964,0
000002970,0
000002976,0
000002982,0
000002988,0
000002994,0
000003000,0
000003006,0
000003012,0
000003018,0
000003024,0
000003030,0
000003036,0
000003042,0
000003048,0
000003054,0
000003060,0
000003066,0
000003072,0
000003078,0
000003084,0
000003090,0
000003096,0
000003102,0
000003108,0
000003114,0
000003120,0
000003126,0
000003132,0
000003138,0
000003144,0
000003150,0
000003156,0
000003162,0
000003168,0
000003174,0
000003180,0
000003186,0
000003192,0
000003198,1
000003204,1
000003210,1
000003216,1
000003222,1
000003228,1
000003234,1
000003240,1
000003246,1
000003252,1
000003258,1
000003264,1
000003270,1
000003276,1
000003282,1
000003288,1
000003294,1
000003300,1
000003306,1
000003312,1
000003318,1
000003324,1
000003330,1
000003336,2
000003342,2
000003348,2
000003354,2
000003360,2
000003366,2
000003372,2
000003378,2
000003384,2
000003390,2
000003396,2
000003402,2
000003408,2
000003414,2
000003420,2
000003426,2
000003432,2
000003438,2
000003444,2
000003450,2
000003456,2
000003462,2
000003468,2
000003474,2
000003480,2
000003486,2
000003492,2
000003498,2
000003504,2
000003510,2
000003516,2
000003522,2
000003528,2
000003534,2
000003540,2
000003546,2
000003552,2
000003558,2
000003564,2
000003570,2
000003576,2
000003582,2
000003588,2
000003594,2
000003600,2
000003606,2
000003612,2
000003618,2
000003624,2
000003630,2
000003636,2
000003642,2
000003648,2
000003654,2
000003660,2
000003666,2
000003672,2
000003678,2
000003684,2
000003690,2
000003696,2
000003702,2
000003708,2
000003714,2
000003720,2
000003726,2
000003732,2
000003738,2
000003744,2
000003750,2
000003756,2
000003762,2
000003768,2
000003774,2
000003780,2
000003786,2
000003792,2
000003798,2
000003804,2
000003810,2
000003816,2
000003822,2
000003828,2
000003834,2
000003840,2
000003846,2
000003852,2
000003858,2
000003864,2
000003870,2
000003876,2
000003882,2
000003888,2
000003894,2
000003900,2
000003906,2
000003912,2
000003918,2
000003924,2
000003930,2
000003936,2
000003942,2
000003948,2
000003954,2
000003960,2
000003966,2
000003972,2
000003978,2
000003984,2
000003990,2
000003996,2
000004002,2
000004008,2
000004014,2
000004020,2
000004026,2
000004032,2
000004038,2
000004044,2
000004050,2
000004056,2
000004062,2
000004068,2
000004074,2
000004080,2
000004086,2
000004092,2
000004098,2
000004104,2
000004110,2
000004116,2
000004122,2
000004128,2
000004134,2
000004140,2
000004146,2
000004152,2
000004158,2
000004164,2
000004170,2
000004176,2
000004182,2
000004188,2
000004194,2
000004200,2
000004206,2
000004212,2
000004218,2
000004224,2
000004230,2
000004236,2
000004242,2
000004248,2
000004254,2
000004260,2
000004266,2
000004272,2
000004278,2
000004284,2
000004290,2
000004296,2
000004302,2
000004308,2
000004314,2
000004320,2
000004326,2
000004332,2
000004338,2
000004344,2
000004350,2
000004356,2
000004362,2
000004368,2
000004374,2
000004380,2
000004386,2
000004392,2
000004398,2
000004404,2
000004410,2
000004416,2
000004422,2
000004428,2
000004434,2
000004440,2
000004446,2
000004452,2
000004458,2
000004464,2
000004470,2
000004476,2
000004482,2
000004488,2
000004494,2
000004500,2
000004506,2
000004512,2
000004518,2
000004524,2
000004530,2
000004536,2
000004542,2
000004548,2
000004554,2
000004560,2
000004566,2
000004572,2
000004578,2
000004584,2
000004590,2
000004596,2
000004602,2
000004608,2
000004614,2
000004620,2
000004626,2
000004632,2
000004638,2
000004644,2
000004650,2
000004656,2
000004662,2
000004668,2
000004674,2
000004680,2
000004686,2
000004692,2
000004698,2
000004704,2
000004710,2
000004716,2
000004722,2
000004728,2
000004734,2
000004740,2
000004746,2
000004752,2
000004758,2
000004764,2
000004770,2
000004776,2
000004782,2
000004788,2
000004794,3
000004800,3
000004806,3
000004812,3
000004818,3
000004824,3
000004830,3
000004836,3
000004842,3
000004848,3
000004854,3
000004860,3
000004866,3
000004872,3
000004878,3
000004884,3
000004890,3
000004896,3
000004902,3
000004908,3
000004914,3
000004920,3
000004926,3
000004932,3
000004938,3
000004944,3
000004950,3
000004956,3
000004962,3
000004968,3
000004974,3
000004980,3
000004986,3
000004992,3
000004998,3
000005004,3
000005010,3
000005016,3
000005022,3
000005028,3
000005034,3
000005040,3
000005046,3
000005052,3
000005058,3
000005064,3
000005070,3
000005076,3
000005082,3
000005088,3
000005094,3
000005100,3
000005106,3
000005112,3
000005118,3
000005124,3
000005130,3
000005136,3
000005142,3
000005148,3
000005154,3
000005160,3
000005166,3
000005172,3
000005178,3
000005184,3
000005190,3
000005196,3
000005202,3
000005208,3
000005214,3
000005220,3
000005226,3
000005232,3
000005238,3
000005244,3
000005250,3
000005256,3
000005262,3
000005268,3
000005274,3
000005280,3
000005286,3
000005292,3
000005298,3
000005304,3
000005310,3
000005316,3
000005322,3
000005328,3
000005334,3
000005340,3
000005346,4
000005352,4
000005358,4
000005364,4
000005370,4
000005376,4
000005382,4
000005388,4
000005394,4
000005400,4
000005406,4
000005412,4
000005418,4
000005424,4
000005430,4
000005436,4
000005442,4
000005448,4
000005454,4
000005460,4
000005466,4
000005472,4
000005478,4
000005484,4
000005490,4
000005496,4
000005502,4
000005508,4
000005514,4
000005520,4
000005526,4
000005532,4
000005538,4
000005544,4
000005550,4
000005556,4
000005562,4
000005568,4
000005574,4
000005580,4
000005586,4
000005592,4
000005598,4
000005604,4
000005610,4
000005616,4
000005622,4
000005628,4
000005634,4
000005640,4
000005646,4
000005652,4
000005658,4
000005664,4
000005670,4
000005676,4
000005682,4
000005688,4
000005694,4
000005700,4
000005706,4
000005712,4
000005718,4
000005724,4
000005730,4
000005736,4
000005742,4
000005748,4
000005754,4
000005760,4
000005766,4
000005772,4
000005778,4
000005784,4
000005790,4
000005796,4
000005802,4
000005808,4
000005814,4
000005820,4
000005826,4
000005832,4
000005838,4
000005844,4
000005850,4
000005856,2
000005862,2
000005868,2
000005874,2
000005880,2
000005886,2
000005892,2
000005898,2
000005904,2
000005910,2
000005916,2
000005922,2
000005928,2
000005934,2
000005940,2
000005946,2
000005952,2
000005958,2
000005964,2
000005970,2
000005976,2
000005982,2
000005988,2
000005994,2
000006000,2
000006006,3
000006012,3
000006018,3
000006024,3
000006030,3
000006036,3
000006042,3
000006048,3
000006054,3
000006060,3
000006066,3
000006072,3
000006078,3
000006084,3
000006090,3
000006096,3
000006102,3
000006108,3
000006114,3
000006120,3
000006126,3
000006132,3
000006138,3
000006144,3
000006150,3
000006156,3
000006162,3
000006168,3
000006174,3
000006180,3
000006186,3
000006192,3
000006198,3
000006204,3
000006210,3
000006216,3
000006222,3
000006228,3
000006234,3
000006240,3
000006246,3
000006252,3
000006258,3
000006264,3
000006270,3
000006276,3
000006282,3
000006288,3
000006294,3
000006300,3
000006306,3
000006312,3
000006318,3
000006324,3
000006330,3
000006336,3
000006342,3
000006348,3
000006354,3
000006360,3
000006366,3
000006372,3
000006378,3
000006384,3
000006390,3
000006396,3
000006402,3
000006408,3
000006414,3
000006420,3
000006426,3
000006432,3
000006438,3
000006444,3
000006450,3
000006456,3
000006462,3
000006468,3
000006474,3
000006480,3
000006486,3
000006492,3
000006498,3
000006504,3
000006510,3
000006516,3
000006522,3
000006528,3
000006534,3
000006540,3
000006546,3
000006552,3
000006558,3
000006564,3
000006570,4
000006576,4
000006582,4
000006588,4
000006594,4
000006600,4
000006606,4
000006612,4
000006618,4
000006624,4
000006630,4
000006636,4
000006642,4
000006648,4
000006654,4
000006660,4
000006666,4
000006672,4
000006678,4
000006684,4
000006690,4
000006696,4
000006702,4
000006708,4
000006714,4
000006720,4
000006726,4
000006732,4
000006738,4
000006744,4
000006750,4
000006756,4
000006762,4
000006768,4
000006774,4
000006780,4
000006786,4
000006792,4
000006798,4
000006804,4
000006810,4
000006816,4
000006822,4
000006828,4
000006834,4
000006840,4
000006846,4
000006852,4
000006858,4
000006864,4
000006870,2
000006876,2
000006882,2
000006888,2
000006894,2
000006900,2
000006906,2
000006912,2
000006918,2
000006924,2
000006930,2
000006936,2
000006942,2
000006948,2
000006954,2
000006960,2
000006966,2
000006972,2
000006978,2
000006984,2
000006990,2
000006996,2
000007002,2
000007008,2
000007014,2
000007020,2
000007026,2
000007032,2
000007038,2
000007044,2
000007050,2
000007056,2
000007062,2
000007068,2
000007074,2
000007080,2
000007086,2
000007092,3
000007098,3
000007104,3
000007110,3
000007116,3
000007122,3
000007128,3
000007134,3
000007140,3
000007146,3
000007152,3
000007158,3
000007164,3
000007170,3
000007176,3
000007182,3
000007188,3
000007194,3
000007200,3
000007206,3
000007212,3
000007218,3
000007224,3
000007230,3
000007236,3
000007242,3
000007248,3
000007254,3
000007260,3
000007266,3
000007272,3
000007278,3
000007284,3
000007290,3
000007296,3
000007302,3
000007308,3
000007314,3
000007320,3
000007326,3
000007332,3
000007338,3
000007344,3
000007350,3
000007356,3
000007362,3
000007368,3
000007374,3
000007380,3
000007386,3
000007392,3
000007398,3
000007404,3
000007410,3
000007416,3
000007422,3
000007428,3
000007434,3
000007440,3
000007446,3
000007452,3
000007458,3
000007464,3
000007470,3
000007476,3
000007482,3
000007488,4
000007494,4
000007500,4
000007506,4
000007512,4
000007518,4
000007524,4
000007530,4
000007536,4
000007542,4
000007548,4
000007554,4
000007560,4
000007566,4
000007572,4
000007578,4
000007584,4
000007590,4
000007596,4
000007602,4
000007608,4
000007614,4
000007620,4
000007626,4
000007632,4
000007638,4
000007644,4
000007650,4
000007656,4
000007662,4
000007668,4
000007674,4
000007680,4
000007686,4
000007692,4
000007698,4
000007704,4
000007710,4
000007716,4
000007722,4
000007728,4
000007734,4
000007740,4
000007746,4
000007752,4
000007758,4
000007764,4
000007770,4
000007776,4
000007782,4
000007788,4
000007794,4
000007800,4
000007806,4
000007812,4
000007818,4
000007824,4
000007830,4
000007836,4
000007842,4
000007848,4
000007854,1
000007860,1
000007866,1
000007872,1
000007878,1
000007884,1
000007890,1
000007896,1
000007902,1
000007908,1
000007914,1
000007920,1
000007926,1
000007932,1
000007938,1
000007944,1
000007950,1
000007956,1
000007962,1
000007968,1
000007974,1
000007980,1
000007986,1
000007992,1
000007998,1
000008004,1
000008010,1
000008016,1
000008022,1
000008028,1
000008034,1
000008040,1
000008046,1
000008052,1
000008058,1
000008064,1
000008070,1
000008076,1
000008082,1
000008088,1
000008094,2
000008100,2
000008106,2
000008112,2
000008118,2
000008124,2
000008130,2
000008136,2
000008142,2
000008148,2
000008154,2
000008160,2
000008166,2
000008172,2
000008178,2
000008184,2
000008190,2
000008196,2
000008202,2
000008208,2
000008214,2
000008220,2
000008226,2
000008232,2
000008238,2
000008244,2
000008250,2
000008256,2
000008262,2
000008268,2
000008274,2
000008280,2
000008286,2
000008292,2
000008298,2
000008304,2
000008310,2
000008316,2
000008322,3
000008328,3
000008334,3
000008340,3
000008346,3
000008352,3
000008358,3
000008364,3
000008370,3
000008376,3
000008382,3
000008388,3
000008394,3
000008400,3
000008406,3
000008412,3
000008418,3
000008424,3
000008430,3
000008436,3
000008442,3
000008448,3
000008454,3
000008460,3
000008466,3
000008472,3
000008478,3
000008484,3
000008490,3
000008496,3
000008502,3
000008508,3
000008514,3
000008520,3
000008526,3
000008532,3
000008538,3
000008544,3
000008550,3
000008556,3
000008562,3
000008568,3
000008574,3
000008580,3
000008586,3
000008592,3
000008598,3
000008604,3
000008610,3
000008616,3
000008622,3
000008628,3
000008634,3
000008640,3
000008646,3
000008652,3
000008658,3
000008664,3
000008670,3
000008676,3
000008682,3
000008688,3
000008694,3
000008700,3
000008706,3
000008712,3
000008718,3
000008724,3
000008730,3
000008736,3
000008742,3
000008748,3
000008754,3
000008760,3
000008766,3
000008772,3
000008778,3
000008784,3
000008790,3
000008796,3
000008802,3
000008808,3
000008814,3
000008820,3
000008826,3
000008832,3
000008838,3
000008844,3
000008850,3
000008856,3
000008862,3
000008868,3
000008874,4
000008880,4
000008886,4
000008892,4
000008898,4
000008904,4
000008910,4
000008916,4
000008922,4
000008928,4
000008934,4
000008940,4
000008946,4
000008952,4
000008958,4
000008964,4
000008970,4
000008976,4
000008982,4
000008988,4
000008994,4
000009000,4
000009006,4
000009012,4
000009018,4
000009024,4
000009030,4
000009036,4
000009042,4
000009048,4
000009054,4
000009060,4
000009066,4
000009072,4
000009078,2
000009084,2
000009090,2
000009096,2
000009102,2
000009108,2
000009114,2
000009120,2
000009126,2
000009132,2
000009138,2
000009144,2
000009150,2
000009156,2
000009162,2
000009168,2
000009174,2
000009180,2
000009186,2
000009192,2
000009198,2
000009204,2
000009210,2
000009216,2
000009222,2
000009228,2
000009234,2
000009240,2
000009246,2
000009252,2
000009258,2
000009264,2
000009270,2
000009276,2
000009282,2
000009288,2
000009294,3
000009300,3
000009306,3
000009312,3
000009318,3
000009324,3
000009330,3
000009336,3
000009342,3
000009348,3
000009354,3
000009360,3
000009366,3
000009372,3
000009378,3
000009384,3
000009390,3
000009396,3
000009402,3
000009408,3
000009414,3
000009420,3
000009426,3
000009432,3
000009438,3
000009444,3
000009450,3
000009456,3
000009462,3
000009468,3
000009474,3
000009480,3
000009486,3
000009492,3
000009498,3
000009504,3
000009510,3
000009516,3
000009522,3
000009528,3
000009534,3
000009540,3
000009546,3
000009552,3
000009558,3
000009564,3
000009570,3
000009576,3
000009582,3
000009588,3
000009594,3
000009600,3
000009606,3
000009612,3
000009618,3
000009624,3
000009630,3
000009636,3
000009642,3
000009648,3
000009654,3
000009660,3
000009666,3
000009672,3
000009678,3
000009684,3
000009690,3
000009696,3
000009702,3
000009708,4
000009714,4
000009720,4
000009726,4
000009732,4
000009738,4
000009744,4
000009750,4
000009756,4
000009762,4
000009768,4
000009774,4
000009780,4
000009786,4
000009792,4
000009798,4
000009804,4
000009810,4
000009816,4
000009822,4
000009828,4
000009834,4
000009840,4
000009846,4
000009852,4
000009858,4
000009864,4
000009870,4
000009876,4
000009882,4
000009888,4
000009894,4
000009900,4
000009906,4
000009912,4
000009918,4
000009924,4
000009930,4
000009936,4
000009942,4
000009948,4
000009954,4
000009960,4
000009966,4
000009972,0
000009978,0
000009984,0
000009990,0
000009996,0
000010002,0
000010008,0
000010014,0
000010020,0
000010026,0
000010032,0
000010038,0
000010044,0
000010050,0
000010056,0
000010062,0
000010068,0
000010074,0
000010080,0
000010086,0
000010092,0
000010098,0
000010104,0
000010110,0
000010116,0
000010122,0
000010128,0
000010134,0
000010140,0
000010146,0
000010152,0
000010158,0
000010164,0
000010170,0
000010176,0
000010182,0
000010188,0
000010194,0
000010200,2
000010206,2
000010212,2
000010218,2
000010224,2
000010230,2
000010236,2
000010242,2
000010248,2
000010254,2
000010260,2
000010266,2
000010272,2
000010278,2
000010284,2
000010290,2
000010296,2
000010302,2
000010308,2
000010314,2
000010320,2
000010326,2
000010332,2
000010338,2
000010344,2
000010350,2
000010356,2
000010362,2
000010368,2
000010374,2
000010380,2
000010386,2
000010392,2
000010398,2
000010404,2
000010410,2
000010416,2
000010422,2
000010428,2
000010434,2
000010440,2
000010446,2
000010452,2
000010458,2
000010464,2
000010470,2
000010476,2
000010482,2
000010488,2
000010494,2
000010500,2
000010506,2
000010512,2
000010518,2
000010524,2
000010530,2
000010536,2
000010542,2
000010548,2
000010554,2
000010560,2
000010566,2
000010572,2
000010578,2
000010584,2
000010590,2
000010596,2
000010602,2
000010608,2
000010614,2
000010620,2
000010626,2
000010632,2
000010638,2
000010644,2
000010650,2
000010656,2
000010662,2
000010668,2
000010674,2
000010680,2
000010686,2
000010692,2
000010698,2
000010704,2
000010710,2
000010716,2
000010722,2
000010728,2
000010734,2
000010740,2
000010746,2
000010752,2
000010758,2
000010764,2
000010770,2
000010776,2
000010782,2
000010788,2
000010794,2
000010800,2
000010806,2
000010812,2
000010818,2
000010824,2
000010830,2
000010836,2
000010842,2
000010848,2
000010854,3
000010860,3
000010866,3
000010872,3
000010878,3
000010884,3
000010890,3
000010896,3
000010902,3
000010908,3
000010914,3
000010920,3
000010926,3
000010932,3
000010938,3
000010944,3
000010950,3
000010956,3
000010962,3
000010968,3
000010974,3
000010980,3
000010986,3
000010992,3
000010998,3
000011004,3
000011010,3
000011016,3
000011022,3
000011028,2
000011034,2
000011040,2
000011046,2
000011052,2
000011058,2
000011064,2
000011070,2
000011076,2
000011082,2
000011088,2
000011094,2
000011100,2
000011106,2
000011112,2
000011118,2
000011124,2
000011130,2
000011136,2
000011142,2
000011148,2
000011154,2
000011160,2
000011166,2
000011172,2
000011178,2
000011184,2
000011190,2
000011196,2
000011202,2
000011208,2
000011214,2
000011220,2
000011226,2
000011232,2
000011238,2
000011244,2
000011250,2
000011256,2
000011262,2
000011268,2
000011274,2
000011280,2
000011286,2
000011292,2
000011298,2
000011304,2
000011310,2
000011316,2
000011322,2
000011328,2
000011334,2
000011340,2
000011346,2
000011352,2
000011358,2
000011364,2
000011370,2
000011376,2
000011382,2
000011388,2
000011394,2
000011400,2
000011406,2
000011412,2
000011418,2
000011424,2
000011430,2
000011436,2
000011442,2
000011448,2
000011454,2
000011460,2
000011466,2
000011472,2
000011478,3
000011484,3
000011490,3
000011496,3
000011502,3
000011508,3
000011514,3
000011520,3
000011526,3
000011532,3
000011538,3
000011544,3
000011550,3
000011556,3
000011562,3
000011568,3
000011574,3
000011580,3
000011586,3
000011592,3
000011598,3
000011604,3
000011610,3
000011616,3
000011622,3
000011628,3
000011634,3
000011640,3
000011646,3
000011652,3
000011658,3
000011664,3
000011670,3
000011676,3
000011682,3
000011688,3
000011694,3
000011700,3
000011706,3
000011712,3
000011718,3
000011724,3
000011730,3
000011736,3
000011742,3
000011748,3
000011754,3
000011760,3
000011766,3
000011772,3
000011778,3
000011784,3
000011790,3
000011796,3
000011802,3
000011808,3
000011814,3
000011820,3
000011826,3
000011832,3
000011838,3
000011844,3
000011850,3
000011856,3
000011862,3
000011868,3
000011874,3
000011880,3
000011886,3
000011892,3
000011898,3
000011904,3
000011910,3
000011916,3
000011922,3
000011928,3
000011934,3
000011940,3
000011946,3
000011952,4
000011958,4
000011964,4
000011970,4
000011976,4
000011982,4
000011988,4
000011994,4
000012000,4
000012006,4
000012012,4
000012018,4
000012024,4
000012030,4
000012036,4
000012042,4
000012048,4
000012054,4
000012060,4
000012066,4
000012072,4
000012078,4
000012084,4
000012090,4
000012096,4
000012102,4
000012108,4
000012114,4
000012120,4
000012126,4
000012132,4
000012138,4
000012144,4
000012150,4
000012156,4
000012162,4
000012168,4
000012174,4
000012180,4
000012186,4
000012192,4
000012198,4
000012204,4
000012210,4
000012216,4
000012222,4
000012228,4
000012234,4
000012240,4
000012246,4
000012252,2
000012258,2
000012264,2
000012270,2
000012276,2
000012282,2
000012288,2
000012294,2
000012300,2
000012306,2
000012312,2
000012318,2
000012324,2
000012330,2
000012336,2
000012342,2
000012348,2
000012354,2
000012360,2
000012366,2
000012372,2
000012378,2
000012384,2
000012390,2
000012396,2
000012402,2
000012408,2
000012414,2
000012420,2
000012426,2
000012432,2
000012438,2
000012444,2
000012450,2
000012456,2
000012462,2
000012468,2
000012474,2
000012480,2
000012486,3
000012492,3
000012498,3
000012504,3
000012510,3
000012516,3
000012522,3
000012528,3
000012534,3
000012540,3
000012546,3
000012552,3
000012558,3
000012564,3
000012570,3
000012576,3
000012582,3
000012588,3
000012594,3
000012600,3
000012606,3
000012612,3
000012618,3
000012624,3
000012630,3
000012636,3
000012642,3
000012648,3
000012654,3
000012660,3
000012666,3
000012672,3
000012678,3
000012684,3
000012690,3
000012696,3
000012702,3
000012708,3
000012714,3
000012720,3
000012726,3
000012732,3
000012738,3
000012744,3
000012750,3
000012756,3
000012762,3
000012768,3
000012774,3
000012780,3
000012786,3
000012792,3
000012798,3
000012804,3
000012810,3
000012816,3
000012822,3
000012828,3
000012834,3
000012840,3
000012846,3
000012852,3
000012858,3
000012864,3
000012870,3
000012876,3
000012882,3
000012888,3
000012894,3
000012900,4
000012906,4
000012912,4
000012918,4
000012924,4
000012930,4
000012936,4
000012942,4
000012948,4
000012954,4
000012960,4
000012966,4
000012972,4
000012978,4
000012984,4
000012990,4
000012996,4
000013002,4
000013008,4
000013014,4
000013020,4
000013026,4
000013032,4
000013038,4
000013044,4
000013050,4
000013056,4
000013062,4
000013068,4
000013074,4
000013080,4
000013086,4
000013092,4
000013098,4
000013104,4
000013110,4
000013116,4
000013122,4
000013128,4
000013134,2
000013140,2
000013146,2
000013152,2
000013158,2
000013164,2
000013170,2
000013176,2
000013182,2
000013188,2
000013194,2
000013200,2
000013206,2
000013212,2
000013218,2
000013224,2
000013230,2
000013236,2
000013242,2
000013248,2
000013254,2
000013260,2
000013266,2
000013272,2
000013278,2
000013284,2
000013290,2
000013296,2
000013302,2
000013308,2
000013314,2
000013320,2
000013326,2
000013332,2
000013338,2
000013344,2
000013350,2
000013356,2
000013362,2
000013368,2
000013374,2
000013380,2
000013386,2
000013392,2
000013398,2
000013404,2
000013410,2
000013416,2
000013422,2
000013428,2
000013434,2
000013440,2
000013446,2
000013452,2
000013458,3
000013464,3
000013470,3
000013476,3
000013482,3
000013488,3
000013494,3
000013500,3
000013506,3
000013512,3
000013518,3
000013524,3
000013530,3
000013536,3
000013542,3
000013548,3
000013554,3
000013560,3
000013566,3
000013572,3
000013578,3
000013584,3
000013590,3
000013596,3
000013602,3
000013608,3
000013614,3
000013620,3
000013626,3
000013632,3
000013638,3
000013644,3
000013650,3
000013656,3
000013662,3
000013668,3
000013674,3
000013680,3
000013686,3
000013692,3
000013698,3
000013704,3
000013710,3
000013716,3
000013722,3
000013728,3
000013734,3
000013740,3
000013746,3
000013752,3
000013758,3
000013764,3
000013770,3
000013776,3
000013782,3
000013788,4
000013794,4
000013800,4
000013806,4
000013812,4
000013818,4
000013824,4
000013830,4
000013836,4
000013842,4
000013848,4
000013854,4
000013860,4
000013866,4
000013872,4
000013878,4
000013884,4
000013890,4
000013896,4
000013902,4
000013908,4
000013914,4
000013920,4
000013926,4
000013932,4
000013938,4
000013944,4
000013950,4
000013956,4
000013962,4
000013968,4
000013974,2
000013980,2
000013986,2
000013992,2
000013998,2
000014004,2
000014010,2
000014016,2
000014022,2
000014028,2
000014034,2
000014040,2
000014046,2
000014052,2
000014058,2
000014064,2
000014070,2
000014076,2
000014082,2
000014088,2
000014094,2
000014100,2
000014106,2
000014112,2
000014118,2
000014124,2
000014130,2
000014136,2
000014142,2
000014148,2
000014154,2
000014160,2
000014166,2
000014172,2
000014178,2
000014184,2
000014190,2
000014196,2
000014202,2
000014208,2
000014214,2
000014220,2
000014226,2
000014232,2
000014238,2
000014244,2
000014250,2
000014256,2
000014262,2
000014268,2
000014274,2
000014280,2
000014286,2
000014292,2
000014298,2
000014304,2
000014310,2
000014316,2
000014322,2
000014328,2
000014334,2
000014340,2
000014346,2
000014352,2
000014358,2
000014364,2
000014370,2
000014376,2
000014382,2
000014388,2
000014394,2
000014400,2
000014406,2
000014412,2
000014418,2
000014424,2
000014430,2
000014436,2
000014442,2
000014448,2
000014454,2
000014460,2
000014466,2
000014472,2
000014478,2
000014484,2
000014490,2
000014496,2
000014502,2
000014508,2
000014514,2
000014520,2
000014526,2
000014532,2
000014538,2
000014544,2
000014550,2
000014556,2
000014562,2
000014568,2
000014574,2
000014580,2
000014586,2
000014592,3
000014598,3
000014604,3
000014610,3
000014616,3
000014622,3
000014628,3
000014634,3
000014640,3
000014646,3
000014652,3
000014658,3
000014664,3
000014670,3
000014676,3
000014682,3
000014688,3
000014694,3
000014700,3
000014706,3
000014712,3
000014718,3
000014724,3
000014730,3
000014736,3
000014742,3
000014748,3
000014754,3
000014760,3
000014766,3
000014772,3
000014778,3
000014784,3
000014790,3
000014796,3
000014802,3
000014808,3
000014814,3
000014820,3
000014826,3
000014832,3
000014838,3
000014844,3
000014850,3
000014856,3
000014862,3
000014868,3
000014874,3
000014880,3
000014886,3
000014892,4
000014898,4
000014904,4
000014910,4
000014916,4
000014922,4
000014928,4
000014934,4
000014940,4
000014946,4
000014952,4
000014958,4
000014964,4
000014970,4
000014976,4
000014982,4
000014988,4
000014994,4
000015000,4
000015006,4
000015012,4
000015018,4
000015024,4
000015030,4
000015036,4
000015042,4
000015048,4
000015054,4
000015060,4
000015066,4
000015072,2
000015078,2
000015084,2
000015090,2
000015096,2
000015102,2
000015108,2
000015114,2
000015120,2
000015126,2
000015132,2
000015138,2
000015144,2
000015150,2
000015156,2
000015162,2
000015168,2
000015174,2
000015180,2
000015186,2
000015192,2
000015198,2
000015204,2
000015210,2
000015216,2
000015222,2
000015228,2
000015234,2
000015240,2
000015246,2
000015252,2
000015258,2
000015264,2
000015270,2
000015276,2
000015282,2
000015288,2
000015294,2
000015300,2
000015306,2
000015312,2
000015318,2
000015324,2
000015330,3
000015336,3
000015342,3
000015348,3
000015354,3
000015360,3
000015366,3
000015372,3
000015378,3
000015384,3
000015390,3
000015396,3
000015402,3
000015408,3
000015414,3
000015420,3
000015426,3
000015432,3
000015438,3
000015444,3
000015450,3
000015456,3
000015462,3
000015468,3
000015474,3
000015480,3
000015486,3
000015492,3
000015498,3
000015504,3
000015510,3
000015516,3
000015522,3
000015528,3
000015534,3
000015540,3
000015546,3
000015552,3
000015558,3
000015564,3
000015570,3
000015576,3
000015582,3
000015588,3
000015594,3
000015600,3
000015606,3
000015612,3
000015618,3
000015624,3
000015630,3
000015636,3
000015642,3
000015648,3
000015654,3
000015660,3
000015666,3
000015672,3
000015678,3
000015684,3
000015690,3
000015696,3
000015702,3
000015708,3
000015714,3
000015720,3
000015726,4
000015732,4
000015738,4
000015744,4
000015750,4
000015756,4
000015762,4
000015768,4
000015774,4
000015780,4
000015786,4
000015792,4
000015798,4
000015804,4
000015810,4
000015816,4
000015822,4
000015828,4
000015834,4
000015840,4
000015846,4
000015852,4
000015858,4
000015864,4
000015870,4
000015876,4
000015882,4
000015888,4
000015894,4
000015900,4
000015906,2
000015912,2
000015918,2
000015924,2
000015930,2
000015936,2
000015942,2
000015948,2
000015954,2
000015960,2
000015966,2
000015972,2
000015978,2
000015984,2
000015990,2
000015996,2
000016002,2
000016008,2
000016014,2
000016020,2
000016026,2
000016032,2
000016038,2
000016044,2
000016050,2
000016056,2
000016062,2
000016068,2
000016074,2
000016080,2
000016086,2
000016092,2
000016098,2
000016104,2
000016110,2
000016116,2
000016122,2
000016128,2
000016134,2
000016140,2
000016146,2
000016152,2
000016158,2
000016164,2
000016170,2
000016176,2
000016182,2
000016188,2
000016194,2
000016200,2
000016206,2
000016212,2
000016218,2
000016224,3
000016230,3
000016236,3
000016242,3
000016248,3
000016254,3
000016260,3
000016266,3
000016272,3
000016278,3
000016284,3
000016290,3
000016296,3
000016302,3
000016308,3
000016314,3
000016320,3
000016326,3
000016332,3
000016338,3
000016344,3
000016350,3
000016356,3
000016362,3
000016368,3
000016374,3
000016380,3
000016386,3
000016392,3
000016398,3
000016404,3
000016410,3
000016416,3
000016422,3
000016428,3
000016434,3
000016440,3
000016446,3
000016452,3
000016458,3
000016464,3
000016470,3
000016476,3
000016482,3
000016488,3
000016494,3
000016500,3
000016506,3
000016512,3
000016518,3
000016524,3
000016530,3
000016536,3
000016542,3
000016548,4
000016554,4
000016560,4
000016566,4
000016572,4
000016578,4
000016584,4
000016590,4
000016596,4
000016602,4
000016608,4
000016614,4
000016620,4
000016626,4
000016632,4
000016638,4
000016644,4
000016650,4
000016656,4
000016662,4
000016668,4
000016674,4
000016680,4
000016686,4
000016692,4
000016698,4
000016704,4
000016710,4
000016716,4
000016722,4
000016728,4
000016734,4
000016740,2
000016746,2
000016752,2
000016758,2
000016764,2
000016770,2
000016776,2
000016782,2
000016788,2
000016794,2
000016800,2
000016806,2
000016812,2
000016818,2
000016824,2
000016830,2
000016836,2
000016842,2
000016848,2
000016854,2
000016860,2
000016866,2
000016872,2
000016878,2
000016884,2
000016890,2
000016896,2
000016902,2
000016908,2
000016914,2
000016920,2
000016926,2
000016932,2
000016938,2
000016944,2
000016950,0
000016956,0
000016962,0
000016968,0
000016974,0
000016980,0
000016986,0
000016992,0
000016998,0
000017004,0
000017010,0
000017016,0
000017022,0
000017028,2
000017034,2
000017040,2
000017046,2
000017052,2
000017058,2
000017064,2
000017070,2
000017076,2
000017082,2
000017088,3
000017094,3
000017100,3
000017106,3
000017112,3
000017118,3
000017124,3
000017130,3
000017136,3
000017142,3
000017148,3
000017154,3
000017160,3
000017166,3
000017172,3
000017178,3
000017184,3
000017190,3
000017196,3
000017202,3
000017208,3
000017214,3
000017220,3
000017226,3
000017232,3
000017238,3
000017244,3
000017250,3
000017256,3
000017262,3
000017268,3
000017274,3
000017280,3
000017286,3
000017292,3
000017298,3
000017304,3
000017310,3
000017316,3
000017322,3
000017328,3
000017334,3
000017340,3
000017346,3
000017352,3
000017358,3
000017364,3
000017370,3
000017376,3
000017382,3
000017388,3
000017394,3
000017400,4
000017406,4
000017412,4
000017418,4
000017424,4
000017430,4
000017436,4
000017442,4
000017448,4
000017454,4
000017460,4
000017466,4
000017472,4
000017478,4
000017484,4
000017490,4
000017496,4
000017502,4
000017508,4
000017514,4
000017520,4
000017526,4
000017532,4
000017538,4
000017544,4
000017550,4
000017556,4
000017562,4
000017568,4
000017574,4
000017580,4
000017586,4
000017592,4
000017598,4
000017604,4
000017610,4
000017616,4
000017622,7
000017628,7
000017634,7
000017640,7
000017646,7
000017652,7
000017658,7
000017664,7
000017670,7
000017676,7
000017682,7
000017688,7
000017694,7
000017700,7
000017706,7
000017712,7
000017718,7
000017724,7
000017730,7
000017736,7
000017742,7
000017748,7
000017754,7
000017760,7
000017766,7
000017772,7
000017778,7
000017784,7
000017790,7
000017796,7
000017802,7
000017808,7
000017814,7
000017820,7
000017826,7
000017832,7
000017838,7
000017844,7
000017850,7
000017856,7
000017862,7
000017868,7
000017874,7
000017880,7
000017886,7
000017892,7
000017898,7
000017904,7
000017910,7
000017916,7
000017922,7
000017928,7
000017934,7
000017940,7
000017946,7
000017952,7
000017958,7
000017964,7
000017970,7
000017976,7
000017982,7
000017988,7
000017994,7
000018000,7
000018006,7
000018012,7
000018018,7
000018024,7
000018030,7
000018036,7
000018042,7
000018048,7
000018054,7
000018060,7
000018066,7
000018072,7
000018078,7
000018084,7
000018090,7
000018096,7
000018102,7
000018108,7
000018114,7
000018120,7
000018126,7
000018132,7
000018138,7
000018144,7
000018150,7
000018156,7
000018162,7
000018168,7
000018174,7
000018180,7
000018186,7
000018192,7
000018198,7
000018204,7
000018210,7
000018216,7
000018222,7
000018228,7
000018234,7
000018240,7
000018246,7
000018252,7
000018258,7
000018264,7
000018270,7
000018276,7
000018282,7
000018288,0
000018294,0
000018300,0
000018306,0
000018312,0
000018318,0
000018324,0
000018330,0
000018336,0
