00000 03199 0 
03200 03335 1 
03336 04797 2 
04798 05345 3 
05346 05856 4 
05857 06009 2 
06010 06574 3 
06575 06873 4 
06874 07096 2 
07097 07490 3 
07491 07855 4 
07856 08096 1 
08097 08324 2 
08325 08878 3 
08879 09079 4 
09080 09297 2 
09298 09712 3 
09713 09974 4 
09975 10199 0 
10200 10855 2 
10856 11029 3 
11030 11477 2 
11478 11956 3 
11957 12256 4 
12257 12486 2 
12487 12903 3 
12904 13135 4 
13136 13457 2 
13458 13787 3 
13788 13973 4 
13974 14596 2 
14597 14892 3 
14893 15072 4 
15073 15329 2 
15330 15727 3 
15728 15910 4 
15911 16228 2 
16229 16552 3 
16553 16743 4 
16744 16952 2 
16953 17028 0 
17029 17092 2 
17093 17403 3 
17404 17622 4 
17623 18289 7 
18290 18337 0 
