00000 01129 0 
01130 01293 1 
01294 03176 2 
03177 03687 3 
03688 04192 4 
04193 04581 2 
04582 04952 3 
04953 05368 4 
05369 05533 2 
05534 05792 3 
05793 06288 4 
06289 06430 2 
06431 06709 3 
06710 07147 4 
07148 07266 2 
07267 07479 3 
07480 07639 2 
07640 07933 3 
07934 08426 4 
08427 08513 2 
08514 08850 3 
08851 09287 4 
09288 09387 2 
09388 09824 3 
09825 10292 4 
10293 10420 2 
10421 10840 3 
10841 11447 4 
11448 12983 0 
12984 13168 2 
13169 13629 3 
13630 13977 4 
13978 14108 2 
14109 14499 3 
14500 14751 4 
14752 15385 7 
15386 15469 0 
