00000 02080 0 
02081 02226 1 
02227 02430 2 
02431 03981 0 
03982 04585 2 
04586 04629 3 
04630 04705 2 
04706 05051 3 
05052 05560 4 
05561 05832 2 
05833 06319 3 
06320 06845 4 
06846 07051 2 
07052 07354 3 
07355 07818 4 
07819 08062 2 
08063 08344 3 
08345 09374 4 
09375 09556 2 
09557 09782 3 
09783 10122 4 
10123 10196 2 
10197 10281 4 
10282 10805 2 
10806 11103 3 
11104 11634 4 
11635 11782 2 
11783 12236 3 
12237 12502 4 
12503 12995 2 
12996 13351 3 
13352 13724 4 
13725 14160 2 
14161 14384 3 
14385 14570 4 
14571 14896 2 
14897 15165 3 
15166 15320 4 
15321 15742 2 
15743 15994 3 
15995 16184 2 
16185 16610 3 
16611 16772 4 
16773 17013 2 
17014 17363 3 
17364 17395 4 
17396 17457 1 
17458 17666 4 
17667 18967 6 
18968 19019 1 
19020 19099 7 
19100 19391 0 
19392 19495 1 
19496 19696 7 
19697 19755 0 
