000000000,0
000000006,0
000000012,0
000000018,0
000000024,0
000000030,0
000000036,0
000000042,0
000000048,0
000000054,0
000000060,0
000000066,0
000000072,0
000000078,0
000000084,0
000000090,0
000000096,0
000000102,0
000000108,0
000000114,0
000000120,0
000000126,0
000000132,0
000000138,0
000000144,0
000000150,0
000000156,0
000000162,0
000000168,0
000000174,0
000000180,0
000000186,0
000000192,0
000000198,0
000000204,0
000000210,0
000000216,0
000000222,0
000000228,0
000000234,0
000000240,0
000000246,0
000000252,0
000000258,0
000000264,0
000000270,0
000000276,0
000000282,0
000000288,0
000000294,0
000000300,0
000000306,0
000000312,0
000000318,0
000000324,0
000000330,0
000000336,0
000000342,0
000000348,0
000000354,0
000000360,0
000000366,0
000000372,0
000000378,0
000000384,0
000000390,0
000000396,0
000000402,0
000000408,0
000000414,0
000000420,0
000000426,0
000000432,0
000000438,0
000000444,0
000000450,0
000000456,0
000000462,0
000000468,0
000000474,0
000000480,0
000000486,0
000000492,0
000000498,0
000000504,0
000000510,0
000000516,0
000000522,0
000000528,0
000000534,0
000000540,0
000000546,0
000000552,0
000000558,0
000000564,0
000000570,0
000000576,0
000000582,0
000000588,0
000000594,0
000000600,0
000000606,0
000000612,0
000000618,0
000000624,0
000000630,0
000000636,0
000000642,0
000000648,0
000000654,0
000000660,0
000000666,0
000000672,0
000000678,0
000000684,0
000000690,0
000000696,0
000000702,0
000000708,0
000000714,0
000000720,0
000000726,0
000000732,0
000000738,0
000000744,0
000000750,0
000000756,0
000000762,0
000000768,0
000000774,0
000000780,0
000000786,0
000000792,0
000000798,0
000000804,0
000000810,0
000000816,0
000000822,0
000000828,0
000000834,0
000000840,0
000000846,0
000000852,0
000000858,0
000000864,0
000000870,0
000000876,0
000000882,0
000000888,0
000000894,0
000000900,0
000000906,0
000000912,0
000000918,0
000000924,0
000000930,0
000000936,0
000000942,0
000000948,0
000000954,0
000000960,0
000000966,0
000000972,0
000000978,0
000000984,0
000000990,0
000000996,0
000001002,0
000001008,0
000001014,0
000001020,0
000001026,0
000001032,0
000001038,0
000001044,0
000001050,0
000001056,0
000001062,0
000001068,0
000001074,0
000001080,0
000001086,0
000001092,0
000001098,0
000001104,0
000001110,0
000001116,0
000001122,0
000001128,0
000001134,0
000001140,0
000001146,0
000001152,0
000001158,0
000001164,0
000001170,0
000001176,0
000001182,0
000001188,0
000001194,0
000001200,0
000001206,0
000001212,0
000001218,0
000001224,0
000001230,0
000001236,0
000001242,0
000001248,0
000001254,0
000001260,0
000001266,0
000001272,0
000001278,0
000001284,0
000001290,0
000001296,0
000001302,0
000001308,0
000001314,0
000001320,0
000001326,0
000001332,0
000001338,0
000001344,0
000001350,0
000001356,0
000001362,0
000001368,0
000001374,0
000001380,0
000001386,0
000001392,0
000001398,0
000001404,0
000001410,0
000001416,0
000001422,0
000001428,0
000001434,0
000001440,0
000001446,0
000001452,0
000001458,0
000001464,0
000001470,0
000001476,0
000001482,0
000001488,0
000001494,0
000001500,0
000001506,0
000001512,0
000001518,0
000001524,0
000001530,0
000001536,0
000001542,0
000001548,0
000001554,0
000001560,0
000001566,0
000001572,0
000001578,0
000001584,0
000001590,0
000001596,0
000001602,0
000001608,0
000001614,0
000001620,0
000001626,0
000001632,0
000001638,0
000001644,0
000001650,0
000001656,0
000001662,0
000001668,0
000001674,0
000001680,0
000001686,0
000001692,0
000001698,0
000001704,0
000001710,0
000001716,0
000001722,0
000001728,0
000001734,0
000001740,0
000001746,0
000001752,0
000001758,0
000001764,0
000001770,0
000001776,0
000001782,0
000001788,0
000001794,0
000001800,0
000001806,0
000001812,0
000001818,0
000001824,0
000001830,0
000001836,0
000001842,0
000001848,0
000001854,0
000001860,0
000001866,0
000001872,0
000001878,0
000001884,0
000001890,0
000001896,0
000001902,0
000001908,0
000001914,0
000001920,0
000001926,0
000001932,0
000001938,0
000001944,0
000001950,0
000001956,0
000001962,0
000001968,0
000001974,0
000001980,0
000001986,0
000001992,0
000001998,0
000002004,0
000002010,0
000002016,0
000002022,0
000002028,0
000002034,0
000002040,0
000002046,0
000002052,0
000002058,0
000002064,0
000002070,0
000002076,1
000002082,1
000002088,1
000002094,1
000002100,1
000002106,1
000002112,1
000002118,1
000002124,1
000002130,1
000002136,1
000002142,1
000002148,1
000002154,1
000002160,1
000002166,1
000002172,1
000002178,1
000002184,1
000002190,1
000002196,1
000002202,1
000002208,1
000002214,1
000002220,1
000002226,2
000002232,2
000002238,2
000002244,2
000002250,2
000002256,2
000002262,2
000002268,2
000002274,2
000002280,2
000002286,2
000002292,2
000002298,2
000002304,2
000002310,2
000002316,2
000002322,2
000002328,2
000002334,2
000002340,2
000002346,2
000002352,2
000002358,2
000002364,2
000002370,2
000002376,2
000002382,2
000002388,2
000002394,2
000002400,2
000002406,2
000002412,2
000002418,2
000002424,2
000002430,0
000002436,0
000002442,0
000002448,0
000002454,0
000002460,0
000002466,0
000002472,0
000002478,0
000002484,0
000002490,0
000002496,0
000002502,0
000002508,0
000002514,0
000002520,0
000002526,0
000002532,0
000002538,0
000002544,0
000002550,0
000002556,0
000002562,0
000002568,0
000002574,0
000002580,0
000002586,0
000002592,0
000002598,0
000002604,0
000002610,0
000002616,0
000002622,0
000002628,0
000002634,0
000002640,0
000002646,0
000002652,0
000002658,0
000002664,0
000002670,0
000002676,0
000002682,0
000002688,0
000002694,0
000002700,0
000002706,0
000002712,0
000002718,0
000002724,0
000002730,0
000002736,0
000002742,0
000002748,0
000002754,0
000002760,0
000002766,0
000002772,0
000002778,0
000002784,0
000002790,0
000002796,0
000002802,0
000002808,0
000002814,0
000002820,0
000002826,0
000002832,0
000002838,0
000002844,0
000002850,0
000002856,0
000002862,0
000002868,0
000002874,0
000002880,0
000002886,0
000002892,0
000002898,0
000002904,0
000002910,0
000002916,0
000002922,0
000002928,0
000002934,0
000002940,0
000002946,0
000002952,0
000002958,0
000002964,0
000002970,0
000002976,0
000002982,0
000002988,0
000002994,0
000003000,0
000003006,0
000003012,0
000003018,0
000003024,0
000003030,0
000003036,0
000003042,0
000003048,0
000003054,0
000003060,0
000003066,0
000003072,0
000003078,0
000003084,0
000003090,0
000003096,0
000003102,0
000003108,0
000003114,0
000003120,0
000003126,0
000003132,0
000003138,0
000003144,0
000003150,0
000003156,0
000003162,0
000003168,0
000003174,0
000003180,0
000003186,0
000003192,0
000003198,0
000003204,0
000003210,0
000003216,0
000003222,0
000003228,0
000003234,0
000003240,0
000003246,0
000003252,0
000003258,0
000003264,0
000003270,0
000003276,0
000003282,0
000003288,0
000003294,0
000003300,0
000003306,0
000003312,0
000003318,0
000003324,0
000003330,0
000003336,0
000003342,0
000003348,0
000003354,0
000003360,0
000003366,0
000003372,0
000003378,0
000003384,0
000003390,0
000003396,0
000003402,0
000003408,0
000003414,0
000003420,0
000003426,0
000003432,0
000003438,0
000003444,0
000003450,0
000003456,0
000003462,0
000003468,0
000003474,0
000003480,0
000003486,0
000003492,0
000003498,0
000003504,0
000003510,0
000003516,0
000003522,0
000003528,0
000003534,0
000003540,0
000003546,0
000003552,0
000003558,0
000003564,0
000003570,0
000003576,0
000003582,0
000003588,0
000003594,0
000003600,0
000003606,0
000003612,0
000003618,0
000003624,0
000003630,0
000003636,0
000003642,0
000003648,0
000003654,0
000003660,0
000003666,0
000003672,0
000003678,0
000003684,0
000003690,0
000003696,0
000003702,0
000003708,0
000003714,0
000003720,0
000003726,0
000003732,0
000003738,0
000003744,0
000003750,0
000003756,0
000003762,0
000003768,0
000003774,0
000003780,0
000003786,0
000003792,0
000003798,0
000003804,0
000003810,0
000003816,0
000003822,0
000003828,0
000003834,0
000003840,0
000003846,0
000003852,0
000003858,0
000003864,0
000003870,0
000003876,0
000003882,0
000003888,0
000003894,0
000003900,0
000003906,0
000003912,0
000003918,0
000003924,0
000003930,0
000003936,0
000003942,0
000003948,0
000003954,0
000003960,0
000003966,0
000003972,0
000003978,2
000003984,2
000003990,2
000003996,2
000004002,2
000004008,2
000004014,2
000004020,2
000004026,2
000004032,2
000004038,2
000004044,2
000004050,2
000004056,2
000004062,2
000004068,2
000004074,2
000004080,2
000004086,2
000004092,2
000004098,2
000004104,2
000004110,2
000004116,2
000004122,2
000004128,2
000004134,2
000004140,2
000004146,2
000004152,2
000004158,2
000004164,2
000004170,2
000004176,2
000004182,2
000004188,2
000004194,2
000004200,2
000004206,2
000004212,2
000004218,2
000004224,2
000004230,2
000004236,2
000004242,2
000004248,2
000004254,2
000004260,2
000004266,2
000004272,2
000004278,2
000004284,2
000004290,2
000004296,2
000004302,2
000004308,2
000004314,2
000004320,2
000004326,2
000004332,2
000004338,2
000004344,2
000004350,2
000004356,2
000004362,2
000004368,2
000004374,2
000004380,2
000004386,2
000004392,2
000004398,2
000004404,2
000004410,2
000004416,2
000004422,2
000004428,2
000004434,2
000004440,2
000004446,2
000004452,2
000004458,2
000004464,2
000004470,2
000004476,2
000004482,2
000004488,2
000004494,2
000004500,2
000004506,2
000004512,2
000004518,2
000004524,2
000004530,2
000004536,2
000004542,2
000004548,2
000004554,2
000004560,2
000004566,2
000004572,2
000004578,2
000004584,3
000004590,3
000004596,3
000004602,3
000004608,3
000004614,3
000004620,3
000004626,2
000004632,2
000004638,2
000004644,2
000004650,2
000004656,2
000004662,2
000004668,2
000004674,2
000004680,2
000004686,2
000004692,2
000004698,2
000004704,3
000004710,3
000004716,3
000004722,3
000004728,3
000004734,3
000004740,3
000004746,3
000004752,3
000004758,3
000004764,3
000004770,3
000004776,3
000004782,3
000004788,3
000004794,3
000004800,3
000004806,3
000004812,3
000004818,3
000004824,3
000004830,3
000004836,3
000004842,3
000004848,3
000004854,3
000004860,3
000004866,3
000004872,3
000004878,3
000004884,3
000004890,3
000004896,3
000004902,3
000004908,3
000004914,3
000004920,3
000004926,3
000004932,3
000004938,3
000004944,3
000004950,3
000004956,3
000004962,3
000004968,3
000004974,3
000004980,3
000004986,3
000004992,3
000004998,3
000005004,3
000005010,3
000005016,3
000005022,3
000005028,3
000005034,3
000005040,3
000005046,3
000005052,4
000005058,4
000005064,4
000005070,4
000005076,4
000005082,4
000005088,4
000005094,4
000005100,4
000005106,4
000005112,4
000005118,4
000005124,4
000005130,4
000005136,4
000005142,4
000005148,4
000005154,4
000005160,4
000005166,4
000005172,4
000005178,4
000005184,4
000005190,4
000005196,4
000005202,4
000005208,4
000005214,4
000005220,4
000005226,4
000005232,4
000005238,4
000005244,4
000005250,4
000005256,4
000005262,4
000005268,4
000005274,4
000005280,4
000005286,4
000005292,4
000005298,4
000005304,4
000005310,4
000005316,4
000005322,4
000005328,4
000005334,4
000005340,4
000005346,4
000005352,4
000005358,4
000005364,4
000005370,4
000005376,4
000005382,4
000005388,4
000005394,4
000005400,4
000005406,4
000005412,4
000005418,4
000005424,4
000005430,4
000005436,4
000005442,4
000005448,4
000005454,4
000005460,4
000005466,4
000005472,4
000005478,4
000005484,4
000005490,4
000005496,4
000005502,4
000005508,4
000005514,4
000005520,4
000005526,4
000005532,4
000005538,4
000005544,4
000005550,4
000005556,2
000005562,2
000005568,2
000005574,2
000005580,2
000005586,2
000005592,2
000005598,2
000005604,2
000005610,2
000005616,2
000005622,2
000005628,2
000005634,2
000005640,2
000005646,2
000005652,2
000005658,2
000005664,2
000005670,2
000005676,2
000005682,2
000005688,2
000005694,2
000005700,2
000005706,2
000005712,2
000005718,2
000005724,2
000005730,2
000005736,2
000005742,2
000005748,2
000005754,2
000005760,2
000005766,2
000005772,2
000005778,2
000005784,2
000005790,2
000005796,2
000005802,2
000005808,2
000005814,2
000005820,2
000005826,2
000005832,3
000005838,3
000005844,3
000005850,3
000005856,3
000005862,3
000005868,3
000005874,3
000005880,3
000005886,3
000005892,3
000005898,3
000005904,3
000005910,3
000005916,3
000005922,3
000005928,3
000005934,3
000005940,3
000005946,3
000005952,3
000005958,3
000005964,3
000005970,3
000005976,3
000005982,3
000005988,3
000005994,3
000006000,3
000006006,3
000006012,3
000006018,3
000006024,3
000006030,3
000006036,3
000006042,3
000006048,3
000006054,3
000006060,3
000006066,3
000006072,3
000006078,3
000006084,3
000006090,3
000006096,3
000006102,3
000006108,3
000006114,3
000006120,3
000006126,3
000006132,3
000006138,3
000006144,3
000006150,3
000006156,3
000006162,3
000006168,3
000006174,3
000006180,3
000006186,3
000006192,3
000006198,3
000006204,3
000006210,3
000006216,3
000006222,3
000006228,3
000006234,3
000006240,3
000006246,3
000006252,3
000006258,3
000006264,3
000006270,3
000006276,3
000006282,3
000006288,3
000006294,3
000006300,3
000006306,3
000006312,3
000006318,4
000006324,4
000006330,4
000006336,4
000006342,4
000006348,4
000006354,4
000006360,4
000006366,4
000006372,4
000006378,4
000006384,4
000006390,4
000006396,4
000006402,4
000006408,4
000006414,4
000006420,4
000006426,4
000006432,4
000006438,4
000006444,4
000006450,4
000006456,4
000006462,4
000006468,4
000006474,4
000006480,4
000006486,4
000006492,4
000006498,4
000006504,4
000006510,4
000006516,4
000006522,4
000006528,4
000006534,4
000006540,4
000006546,4
000006552,4
000006558,4
000006564,4
000006570,4
000006576,4
000006582,4
000006588,4
000006594,4
000006600,4
000006606,4
000006612,4
000006618,4
000006624,4
000006630,4
000006636,4
000006642,4
000006648,4
000006654,4
000006660,4
000006666,4
000006672,4
000006678,4
000006684,4
000006690,4
000006696,4
000006702,4
000006708,4
000006714,4
000006720,4
000006726,4
000006732,4
000006738,4
000006744,4
000006750,4
000006756,4
000006762,4
000006768,4
000006774,4
000006780,4
000006786,4
000006792,4
000006798,4
000006804,4
000006810,4
000006816,4
000006822,4
000006828,4
000006834,4
000006840,4
000006846,2
000006852,2
000006858,2
000006864,2
000006870,2
000006876,2
000006882,2
000006888,2
000006894,2
000006900,2
000006906,2
000006912,2
000006918,2
000006924,2
000006930,2
000006936,2
000006942,2
000006948,2
000006954,2
000006960,2
000006966,2
000006972,2
000006978,2
000006984,2
000006990,2
000006996,2
000007002,2
000007008,2
000007014,2
000007020,2
000007026,2
000007032,2
000007038,2
000007044,2
000007050,3
000007056,3
000007062,3
000007068,3
000007074,3
000007080,3
000007086,3
000007092,3
000007098,3
000007104,3
000007110,3
000007116,3
000007122,3
000007128,3
000007134,3
000007140,3
000007146,3
000007152,3
000007158,3
000007164,3
000007170,3
000007176,3
000007182,3
000007188,3
000007194,3
000007200,3
000007206,3
000007212,3
000007218,3
000007224,3
000007230,3
000007236,3
000007242,3
000007248,3
000007254,3
000007260,3
000007266,3
000007272,3
000007278,3
000007284,3
000007290,3
000007296,3
000007302,3
000007308,3
000007314,3
000007320,3
000007326,3
000007332,3
000007338,3
000007344,3
000007350,4
000007356,4
000007362,4
000007368,4
000007374,4
000007380,4
000007386,4
000007392,4
000007398,4
000007404,4
000007410,4
000007416,4
000007422,4
000007428,4
000007434,4
000007440,4
000007446,4
000007452,4
000007458,4
000007464,4
000007470,4
000007476,4
000007482,4
000007488,4
000007494,4
000007500,4
000007506,4
000007512,4
000007518,4
000007524,4
000007530,4
000007536,4
000007542,4
000007548,4
000007554,4
000007560,4
000007566,4
000007572,4
000007578,4
000007584,4
000007590,4
000007596,4
000007602,4
000007608,4
000007614,4
000007620,4
000007626,4
000007632,4
000007638,4
000007644,4
000007650,4
000007656,4
000007662,4
000007668,4
000007674,4
000007680,4
000007686,4
000007692,4
000007698,4
000007704,4
000007710,4
000007716,4
000007722,4
000007728,4
000007734,4
000007740,4
000007746,4
000007752,4
000007758,4
000007764,4
000007770,4
000007776,4
000007782,4
000007788,4
000007794,4
000007800,4
000007806,4
000007812,4
000007818,2
000007824,2
000007830,2
000007836,2
000007842,2
000007848,2
000007854,2
000007860,2
000007866,2
000007872,2
000007878,2
000007884,2
000007890,2
000007896,2
000007902,2
000007908,2
000007914,2
000007920,2
000007926,2
000007932,2
000007938,2
000007944,2
000007950,2
000007956,2
000007962,2
000007968,2
000007974,2
000007980,2
000007986,2
000007992,2
000007998,2
000008004,2
000008010,2
000008016,2
000008022,2
000008028,2
000008034,2
000008040,2
000008046,2
000008052,2
000008058,3
000008064,3
000008070,3
000008076,3
000008082,3
000008088,3
000008094,3
000008100,3
000008106,3
000008112,3
000008118,3
000008124,3
000008130,3
000008136,3
000008142,3
000008148,3
000008154,3
000008160,3
000008166,3
000008172,3
000008178,3
000008184,3
000008190,3
000008196,3
000008202,3
000008208,3
000008214,3
000008220,3
000008226,3
000008232,3
000008238,3
000008244,3
000008250,3
000008256,3
000008262,3
000008268,3
000008274,3
000008280,3
000008286,3
000008292,3
000008298,3
000008304,3
000008310,3
000008316,3
000008322,3
000008328,3
000008334,3
000008340,4
000008346,4
000008352,4
000008358,4
000008364,4
000008370,4
000008376,4
000008382,4
000008388,4
000008394,4
000008400,4
000008406,4
000008412,4
000008418,4
000008424,4
000008430,4
000008436,4
000008442,4
000008448,4
000008454,4
000008460,4
000008466,4
000008472,4
000008478,4
000008484,4
000008490,4
000008496,4
000008502,4
000008508,4
000008514,4
000008520,4
000008526,4
000008532,4
000008538,4
000008544,4
000008550,4
000008556,4
000008562,4
000008568,4
000008574,4
000008580,4
000008586,4
000008592,4
000008598,4
000008604,4
000008610,4
000008616,4
000008622,4
000008628,4
000008634,4
000008640,4
000008646,4
000008652,4
000008658,4
000008664,4
000008670,4
000008676,4
000008682,4
000008688,4
000008694,4
000008700,4
000008706,4
000008712,4
000008718,4
000008724,4
000008730,4
000008736,4
000008742,4
000008748,4
000008754,4
000008760,4
000008766,4
000008772,4
000008778,4
000008784,4
000008790,4
000008796,4
000008802,4
000008808,4
000008814,4
000008820,4
000008826,4
000008832,4
000008838,4
000008844,4
000008850,4
000008856,4
000008862,4
000008868,4
000008874,4
000008880,4
000008886,4
000008892,4
000008898,4
000008904,4
000008910,4
000008916,4
000008922,4
000008928,4
000008934,4
000008940,4
000008946,4
000008952,4
000008958,4
000008964,4
000008970,4
000008976,4
000008982,4
000008988,4
000008994,4
000009000,4
000009006,4
000009012,4
000009018,4
000009024,4
000009030,4
000009036,4
000009042,4
000009048,4
000009054,4
000009060,4
000009066,4
000009072,4
000009078,4
000009084,4
000009090,4
000009096,4
000009102,4
000009108,4
000009114,4
000009120,4
000009126,4
000009132,4
000009138,4
000009144,4
000009150,4
000009156,4
000009162,4
000009168,4
000009174,4
000009180,4
000009186,4
000009192,4
000009198,4
000009204,4
000009210,4
000009216,4
000009222,4
000009228,4
000009234,4
000009240,4
000009246,4
000009252,4
000009258,4
000009264,4
000009270,4
000009276,4
000009282,4
000009288,4
000009294,4
000009300,4
000009306,4
000009312,4
000009318,4
000009324,4
000009330,4
000009336,4
000009342,4
000009348,4
000009354,4
000009360,4
000009366,4
000009372,2
000009378,2
000009384,2
000009390,2
000009396,2
000009402,2
000009408,2
000009414,2
000009420,2
000009426,2
000009432,2
000009438,2
000009444,2
000009450,2
000009456,2
000009462,2
000009468,2
000009474,2
000009480,2
000009486,2
000009492,2
000009498,2
000009504,2
000009510,2
000009516,2
000009522,2
000009528,2
000009534,2
000009540,2
000009546,2
000009552,3
000009558,3
000009564,3
000009570,3
000009576,3
000009582,3
000009588,3
000009594,3
000009600,3
000009606,3
000009612,3
000009618,3
000009624,3
000009630,3
000009636,3
000009642,3
000009648,3
000009654,3
000009660,3
000009666,3
000009672,3
000009678,3
000009684,3
000009690,3
000009696,3
000009702,3
000009708,3
000009714,3
000009720,3
000009726,3
000009732,3
000009738,3
000009744,3
000009750,3
000009756,3
000009762,3
000009768,3
000009774,3
000009780,4
000009786,4
000009792,4
000009798,4
000009804,4
000009810,4
000009816,4
000009822,4
000009828,4
000009834,4
000009840,4
000009846,4
000009852,4
000009858,4
000009864,4
000009870,4
000009876,4
000009882,4
000009888,4
000009894,4
000009900,4
000009906,4
000009912,4
000009918,4
000009924,4
000009930,4
000009936,4
000009942,4
000009948,4
000009954,4
000009960,4
000009966,4
000009972,4
000009978,4
000009984,4
000009990,4
000009996,4
000010002,4
000010008,4
000010014,4
000010020,4
000010026,4
000010032,4
000010038,4
000010044,4
000010050,4
000010056,4
000010062,4
000010068,4
000010074,4
000010080,4
000010086,4
000010092,4
000010098,4
000010104,4
000010110,4
000010116,4
000010122,2
000010128,2
000010134,2
000010140,2
000010146,2
000010152,2
000010158,2
000010164,2
000010170,2
000010176,2
000010182,2
000010188,2
000010194,4
000010200,4
000010206,4
000010212,4
000010218,4
000010224,4
000010230,4
000010236,4
000010242,4
000010248,4
000010254,4
000010260,4
000010266,4
000010272,4
000010278,2
000010284,2
000010290,2
000010296,2
000010302,2
000010308,2
000010314,2
000010320,2
000010326,2
000010332,2
000010338,2
000010344,2
000010350,2
000010356,2
000010362,2
000010368,2
000010374,2
000010380,2
000010386,2
000010392,2
000010398,2
000010404,2
000010410,2
000010416,2
000010422,2
000010428,2
000010434,2
000010440,2
000010446,2
000010452,2
000010458,2
000010464,2
000010470,2
000010476,2
000010482,2
000010488,2
000010494,2
000010500,2
000010506,2
000010512,2
000010518,2
000010524,2
000010530,2
000010536,2
000010542,2
000010548,2
000010554,2
000010560,2
000010566,2
000010572,2
000010578,2
000010584,2
000010590,2
000010596,2
000010602,2
000010608,2
000010614,2
000010620,2
000010626,2
000010632,2
000010638,2
000010644,2
000010650,2
000010656,2
000010662,2
000010668,2
000010674,2
000010680,2
000010686,2
000010692,2
000010698,2
000010704,2
000010710,2
000010716,2
000010722,2
000010728,2
000010734,2
000010740,2
000010746,2
000010752,2
000010758,2
000010764,2
000010770,2
000010776,2
000010782,2
000010788,2
000010794,2
000010800,2
000010806,3
000010812,3
000010818,3
000010824,3
000010830,3
000010836,3
000010842,3
000010848,3
000010854,3
000010860,3
000010866,3
000010872,3
000010878,3
000010884,3
000010890,3
000010896,3
000010902,3
000010908,3
000010914,3
000010920,3
000010926,3
000010932,3
000010938,3
000010944,3
000010950,3
000010956,3
000010962,3
000010968,3
000010974,3
000010980,3
000010986,3
000010992,3
000010998,3
000011004,3
000011010,3
000011016,3
000011022,3
000011028,3
000011034,3
000011040,3
000011046,3
000011052,3
000011058,3
000011064,3
000011070,3
000011076,3
000011082,3
000011088,3
000011094,3
000011100,4
000011106,4
000011112,4
000011118,4
000011124,4
000011130,4
000011136,4
000011142,4
000011148,4
000011154,4
000011160,4
000011166,4
000011172,4
000011178,4
000011184,4
000011190,4
000011196,4
000011202,4
000011208,4
000011214,4
000011220,4
000011226,4
000011232,4
000011238,4
000011244,4
000011250,4
000011256,4
000011262,4
000011268,4
000011274,4
000011280,4
000011286,4
000011292,4
000011298,4
000011304,4
000011310,4
000011316,4
000011322,4
000011328,4
000011334,4
000011340,4
000011346,4
000011352,4
000011358,4
000011364,4
000011370,4
000011376,4
000011382,4
000011388,4
000011394,4
000011400,4
000011406,4
000011412,4
000011418,4
000011424,4
000011430,4
000011436,4
000011442,4
000011448,4
000011454,4
000011460,4
000011466,4
000011472,4
000011478,4
000011484,4
000011490,4
000011496,4
000011502,4
000011508,4
000011514,4
000011520,4
000011526,4
000011532,4
000011538,4
000011544,4
000011550,4
000011556,4
000011562,4
000011568,4
000011574,4
000011580,4
000011586,4
000011592,4
000011598,4
000011604,4
000011610,4
000011616,4
000011622,4
000011628,4
000011634,2
000011640,2
000011646,2
000011652,2
000011658,2
000011664,2
000011670,2
000011676,2
000011682,2
000011688,2
000011694,2
000011700,2
000011706,2
000011712,2
000011718,2
000011724,2
000011730,2
000011736,2
000011742,2
000011748,2
000011754,2
000011760,2
000011766,2
000011772,2
000011778,3
000011784,3
000011790,3
000011796,3
000011802,3
000011808,3
000011814,3
000011820,3
000011826,3
000011832,3
000011838,3
000011844,3
000011850,3
000011856,3
000011862,3
000011868,3
000011874,3
000011880,3
000011886,3
000011892,3
000011898,3
000011904,3
000011910,3
000011916,3
000011922,3
000011928,3
000011934,3
000011940,3
000011946,3
000011952,3
000011958,3
000011964,3
000011970,3
000011976,3
000011982,3
000011988,3
000011994,3
000012000,3
000012006,3
000012012,3
000012018,3
000012024,3
000012030,3
000012036,3
000012042,3
000012048,3
000012054,3
000012060,3
000012066,3
000012072,3
000012078,3
000012084,3
000012090,3
000012096,3
000012102,3
000012108,3
000012114,3
000012120,3
000012126,3
000012132,3
000012138,3
000012144,3
000012150,3
000012156,3
000012162,3
000012168,3
000012174,3
000012180,3
000012186,3
000012192,3
000012198,3
000012204,3
000012210,3
000012216,3
000012222,3
000012228,3
000012234,4
000012240,4
000012246,4
000012252,4
000012258,4
000012264,4
000012270,4
000012276,4
000012282,4
000012288,4
000012294,4
000012300,4
000012306,4
000012312,4
000012318,4
000012324,4
000012330,4
000012336,4
000012342,4
000012348,4
000012354,4
000012360,4
000012366,4
000012372,4
000012378,4
000012384,4
000012390,4
000012396,4
000012402,4
000012408,4
000012414,4
000012420,4
000012426,4
000012432,4
000012438,4
000012444,4
000012450,4
000012456,4
000012462,4
000012468,4
000012474,4
000012480,4
000012486,4
000012492,4
000012498,2
000012504,2
000012510,2
000012516,2
000012522,2
000012528,2
000012534,2
000012540,2
000012546,2
000012552,2
000012558,2
000012564,2
000012570,2
000012576,2
000012582,2
000012588,2
000012594,2
000012600,2
000012606,2
000012612,2
000012618,2
000012624,2
000012630,2
000012636,2
000012642,2
000012648,2
000012654,2
000012660,2
000012666,2
000012672,2
000012678,2
000012684,2
000012690,2
000012696,2
000012702,2
000012708,2
000012714,2
000012720,2
000012726,2
000012732,2
000012738,2
000012744,2
000012750,2
000012756,2
000012762,2
000012768,2
000012774,2
000012780,2
000012786,2
000012792,2
000012798,2
000012804,2
000012810,2
000012816,2
000012822,2
000012828,2
000012834,2
000012840,2
000012846,2
000012852,2
000012858,2
000012864,2
000012870,2
000012876,2
000012882,2
000012888,2
000012894,2
000012900,2
000012906,2
000012912,2
000012918,2
000012924,2
000012930,2
000012936,2
000012942,2
000012948,2
000012954,2
000012960,2
000012966,2
000012972,2
000012978,2
000012984,2
000012990,2
000012996,3
000013002,3
000013008,3
000013014,3
000013020,3
000013026,3
000013032,3
000013038,3
000013044,3
000013050,3
000013056,3
000013062,3
000013068,3
000013074,3
000013080,3
000013086,3
000013092,3
000013098,3
000013104,3
000013110,3
000013116,3
000013122,3
000013128,3
000013134,3
000013140,3
000013146,3
000013152,3
000013158,3
000013164,3
000013170,3
000013176,3
000013182,3
000013188,3
000013194,3
000013200,3
000013206,3
000013212,3
000013218,3
000013224,3
000013230,3
000013236,3
000013242,3
000013248,3
000013254,3
000013260,3
000013266,3
000013272,3
000013278,3
000013284,3
000013290,3
000013296,3
000013302,3
000013308,3
000013314,3
000013320,3
000013326,3
000013332,3
000013338,3
000013344,3
000013350,4
000013356,4
000013362,4
000013368,4
000013374,4
000013380,4
000013386,4
000013392,4
000013398,4
000013404,4
000013410,4
000013416,4
000013422,4
000013428,4
000013434,4
000013440,4
000013446,4
000013452,4
000013458,4
000013464,4
000013470,4
000013476,4
000013482,4
000013488,4
000013494,4
000013500,4
000013506,4
000013512,4
000013518,4
000013524,4
000013530,4
000013536,4
000013542,4
000013548,4
000013554,4
000013560,4
000013566,4
000013572,4
000013578,4
000013584,4
000013590,4
000013596,4
000013602,4
000013608,4
000013614,4
000013620,4
000013626,4
000013632,4
000013638,4
000013644,4
000013650,4
000013656,4
000013662,4
000013668,4
000013674,4
000013680,4
000013686,4
000013692,4
000013698,4
000013704,4
000013710,4
000013716,4
000013722,2
000013728,2
000013734,2
000013740,2
000013746,2
000013752,2
000013758,2
000013764,2
000013770,2
000013776,2
000013782,2
000013788,2
000013794,2
000013800,2
000013806,2
000013812,2
000013818,2
000013824,2
000013830,2
000013836,2
000013842,2
000013848,2
000013854,2
000013860,2
000013866,2
000013872,2
000013878,2
000013884,2
000013890,2
000013896,2
000013902,2
000013908,2
000013914,2
000013920,2
000013926,2
000013932,2
000013938,2
000013944,2
000013950,2
000013956,2
000013962,2
000013968,2
000013974,2
000013980,2
000013986,2
000013992,2
000013998,2
000014004,2
000014010,2
000014016,2
000014022,2
000014028,2
000014034,2
000014040,2
000014046,2
000014052,2
000014058,2
000014064,2
000014070,2
000014076,2
000014082,2
000014088,2
000014094,2
000014100,2
000014106,2
000014112,2
000014118,2
000014124,2
000014130,2
000014136,2
000014142,2
000014148,2
000014154,2
000014160,3
000014166,3
000014172,3
000014178,3
000014184,3
000014190,3
000014196,3
000014202,3
000014208,3
000014214,3
000014220,3
000014226,3
000014232,3
000014238,3
000014244,3
000014250,3
000014256,3
000014262,3
000014268,3
000014274,3
000014280,3
000014286,3
000014292,3
000014298,3
000014304,3
000014310,3
000014316,3
000014322,3
000014328,3
000014334,3
000014340,3
000014346,3
000014352,3
000014358,3
000014364,3
000014370,3
000014376,3
000014382,4
000014388,4
000014394,4
000014400,4
000014406,4
000014412,4
000014418,4
000014424,4
000014430,4
000014436,4
000014442,4
000014448,4
000014454,4
000014460,4
000014466,4
000014472,4
000014478,4
000014484,4
000014490,4
000014496,4
000014502,4
000014508,4
000014514,4
000014520,4
000014526,4
000014532,4
000014538,4
000014544,4
000014550,4
000014556,4
000014562,4
000014568,2
000014574,2
000014580,2
000014586,2
000014592,2
000014598,2
000014604,2
000014610,2
000014616,2
000014622,2
000014628,2
000014634,2
000014640,2
000014646,2
000014652,2
000014658,2
000014664,2
000014670,2
000014676,2
000014682,2
000014688,2
000014694,2
000014700,2
000014706,2
000014712,2
000014718,2
000014724,2
000014730,2
000014736,2
000014742,2
000014748,2
000014754,2
000014760,2
000014766,2
000014772,2
000014778,2
000014784,2
000014790,2
000014796,2
000014802,2
000014808,2
000014814,2
000014820,2
000014826,2
000014832,2
000014838,2
000014844,2
000014850,2
000014856,2
000014862,2
000014868,2
000014874,2
000014880,2
000014886,2
000014892,3
000014898,3
000014904,3
000014910,3
000014916,3
000014922,3
000014928,3
000014934,3
000014940,3
000014946,3
000014952,3
000014958,3
000014964,3
000014970,3
000014976,3
000014982,3
000014988,3
000014994,3
000015000,3
000015006,3
000015012,3
000015018,3
000015024,3
000015030,3
000015036,3
000015042,3
000015048,3
000015054,3
000015060,3
000015066,3
000015072,3
000015078,3
000015084,3
000015090,3
000015096,3
000015102,3
000015108,3
000015114,3
000015120,3
000015126,3
000015132,3
000015138,3
000015144,3
000015150,3
000015156,3
000015162,4
000015168,4
000015174,4
000015180,4
000015186,4
000015192,4
000015198,4
000015204,4
000015210,4
000015216,4
000015222,4
000015228,4
000015234,4
000015240,4
000015246,4
000015252,4
000015258,4
000015264,4
000015270,4
000015276,4
000015282,4
000015288,4
000015294,4
000015300,4
000015306,4
000015312,4
000015318,2
000015324,2
000015330,2
000015336,2
000015342,2
000015348,2
000015354,2
000015360,2
000015366,2
000015372,2
000015378,2
000015384,2
000015390,2
000015396,2
000015402,2
000015408,2
000015414,2
000015420,2
000015426,2
000015432,2
000015438,2
000015444,2
000015450,2
000015456,2
000015462,2
000015468,2
000015474,2
000015480,2
000015486,2
000015492,2
000015498,2
000015504,2
000015510,2
000015516,2
000015522,2
000015528,2
000015534,2
000015540,2
000015546,2
000015552,2
000015558,2
000015564,2
000015570,2
000015576,2
000015582,2
000015588,2
000015594,2
000015600,2
000015606,2
000015612,2
000015618,2
000015624,2
000015630,2
000015636,2
000015642,2
000015648,2
000015654,2
000015660,2
000015666,2
000015672,2
000015678,2
000015684,2
000015690,2
000015696,2
000015702,2
000015708,2
000015714,2
000015720,2
000015726,2
000015732,2
000015738,3
000015744,3
000015750,3
000015756,3
000015762,3
000015768,3
000015774,3
000015780,3
000015786,3
000015792,3
000015798,3
000015804,3
000015810,3
000015816,3
000015822,3
000015828,3
000015834,3
000015840,3
000015846,3
000015852,3
000015858,3
000015864,3
000015870,3
000015876,3
000015882,3
000015888,3
000015894,3
000015900,3
000015906,3
000015912,3
000015918,3
000015924,3
000015930,3
000015936,3
000015942,3
000015948,3
000015954,3
000015960,3
000015966,3
000015972,3
000015978,3
000015984,3
000015990,2
000015996,2
000016002,2
000016008,2
000016014,2
000016020,2
000016026,2
000016032,2
000016038,2
000016044,2
000016050,2
000016056,2
000016062,2
000016068,2
000016074,2
000016080,2
000016086,2
000016092,2
000016098,2
000016104,2
000016110,2
000016116,2
000016122,2
000016128,2
000016134,2
000016140,2
000016146,2
000016152,2
000016158,2
000016164,2
000016170,2
000016176,2
000016182,3
000016188,3
000016194,3
000016200,3
000016206,3
000016212,3
000016218,3
000016224,3
000016230,3
000016236,3
000016242,3
000016248,3
000016254,3
000016260,3
000016266,3
000016272,3
000016278,3
000016284,3
000016290,3
000016296,3
000016302,3
000016308,3
000016314,3
000016320,3
000016326,3
000016332,3
000016338,3
000016344,3
000016350,3
000016356,3
000016362,3
000016368,3
000016374,3
000016380,3
000016386,3
000016392,3
000016398,3
000016404,3
000016410,3
000016416,3
000016422,3
000016428,3
000016434,3
000016440,3
000016446,3
000016452,3
000016458,3
000016464,3
000016470,3
000016476,3
000016482,3
000016488,3
000016494,3
000016500,3
000016506,3
000016512,3
000016518,3
000016524,3
000016530,3
000016536,3
000016542,3
000016548,3
000016554,3
000016560,3
000016566,3
000016572,3
000016578,3
000016584,3
000016590,3
000016596,3
000016602,3
000016608,4
000016614,4
000016620,4
000016626,4
000016632,4
000016638,4
000016644,4
000016650,4
000016656,4
000016662,4
000016668,4
000016674,4
000016680,4
000016686,4
000016692,4
000016698,4
000016704,4
000016710,4
000016716,4
000016722,4
000016728,4
000016734,4
000016740,4
000016746,4
000016752,4
000016758,4
000016764,4
000016770,2
000016776,2
000016782,2
000016788,2
000016794,2
000016800,2
000016806,2
000016812,2
000016818,2
000016824,2
000016830,2
000016836,2
000016842,2
000016848,2
000016854,2
000016860,2
000016866,2
000016872,2
000016878,2
000016884,2
000016890,2
000016896,2
000016902,2
000016908,2
000016914,2
000016920,2
000016926,2
000016932,2
000016938,2
000016944,2
000016950,2
000016956,2
000016962,2
000016968,2
000016974,2
000016980,2
000016986,2
000016992,2
000016998,2
000017004,2
000017010,3
000017016,3
000017022,3
000017028,3
000017034,3
000017040,3
000017046,3
000017052,3
000017058,3
000017064,3
000017070,3
000017076,3
000017082,3
000017088,3
000017094,3
000017100,3
000017106,3
000017112,3
000017118,3
000017124,3
000017130,3
000017136,3
000017142,3
000017148,3
000017154,3
000017160,3
000017166,3
000017172,3
000017178,3
000017184,3
000017190,3
000017196,3
000017202,3
000017208,3
000017214,3
000017220,3
000017226,3
000017232,3
000017238,3
000017244,3
000017250,3
000017256,3
000017262,3
000017268,3
000017274,3
000017280,3
000017286,3
000017292,3
000017298,3
000017304,3
000017310,3
000017316,3
000017322,3
000017328,3
000017334,3
000017340,3
000017346,3
000017352,3
000017358,3
000017364,4
000017370,4
000017376,4
000017382,4
000017388,4
000017394,1
000017400,1
000017406,1
000017412,1
000017418,1
000017424,1
000017430,1
000017436,1
000017442,1
000017448,1
000017454,4
000017460,4
000017466,4
000017472,4
000017478,4
000017484,4
000017490,4
000017496,4
000017502,4
000017508,4
000017514,4
000017520,4
000017526,4
000017532,4
000017538,4
000017544,4
000017550,4
000017556,4
000017562,4
000017568,4
000017574,4
000017580,4
000017586,4
000017592,4
000017598,4
000017604,4
000017610,4
000017616,4
000017622,4
000017628,4
000017634,4
000017640,4
000017646,4
000017652,4
000017658,4
000017664,6
000017670,6
000017676,6
000017682,6
000017688,6
000017694,6
000017700,6
000017706,6
000017712,6
000017718,6
000017724,6
000017730,6
000017736,6
000017742,6
000017748,6
000017754,6
000017760,6
000017766,6
000017772,6
000017778,6
000017784,6
000017790,6
000017796,6
000017802,6
000017808,6
000017814,6
000017820,6
000017826,6
000017832,6
000017838,6
000017844,6
000017850,6
000017856,6
000017862,6
000017868,6
000017874,6
000017880,6
000017886,6
000017892,6
000017898,6
000017904,6
000017910,6
000017916,6
000017922,6
000017928,6
000017934,6
000017940,6
000017946,6
000017952,6
000017958,6
000017964,6
000017970,6
000017976,6
000017982,6
000017988,6
000017994,6
000018000,6
000018006,6
000018012,6
000018018,6
000018024,6
000018030,6
000018036,6
000018042,6
000018048,6
000018054,6
000018060,6
000018066,6
000018072,6
000018078,6
000018084,6
000018090,6
000018096,6
000018102,6
000018108,6
000018114,6
000018120,6
000018126,6
000018132,6
000018138,6
000018144,6
000018150,6
000018156,6
000018162,6
000018168,6
000018174,6
000018180,6
000018186,6
000018192,6
000018198,6
000018204,6
000018210,6
000018216,6
000018222,6
000018228,6
000018234,6
000018240,6
000018246,6
000018252,6
000018258,6
000018264,6
000018270,6
000018276,6
000018282,6
000018288,6
000018294,6
000018300,6
000018306,6
000018312,6
000018318,6
000018324,6
000018330,6
000018336,6
000018342,6
000018348,6
000018354,6
000018360,6
000018366,6
000018372,6
000018378,6
000018384,6
000018390,6
000018396,6
000018402,6
000018408,6
000018414,6
000018420,6
000018426,6
000018432,6
000018438,6
000018444,6
000018450,6
000018456,6
000018462,6
000018468,6
000018474,6
000018480,6
000018486,6
000018492,6
000018498,6
000018504,6
000018510,6
000018516,6
000018522,6
000018528,6
000018534,6
000018540,6
000018546,6
000018552,6
000018558,6
000018564,6
000018570,6
000018576,6
000018582,6
000018588,6
000018594,6
000018600,6
000018606,6
000018612,6
000018618,6
000018624,6
000018630,6
000018636,6
000018642,6
000018648,6
000018654,6
000018660,6
000018666,6
000018672,6
000018678,6
000018684,6
000018690,6
000018696,6
000018702,6
000018708,6
000018714,6
000018720,6
000018726,6
000018732,6
000018738,6
000018744,6
000018750,6
000018756,6
000018762,6
000018768,6
000018774,6
000018780,6
000018786,6
000018792,6
000018798,6
000018804,6
000018810,6
000018816,6
000018822,6
000018828,6
000018834,6
000018840,6
000018846,6
000018852,6
000018858,6
000018864,6
000018870,6
000018876,6
000018882,6
000018888,6
000018894,6
000018900,6
000018906,6
000018912,6
000018918,6
000018924,6
000018930,6
000018936,6
000018942,6
000018948,6
000018954,6
000018960,6
000018966,1
000018972,1
000018978,1
000018984,1
000018990,1
000018996,1
000019002,1
000019008,1
000019014,1
000019020,7
000019026,7
000019032,7
000019038,7
000019044,7
000019050,7
000019056,7
000019062,7
000019068,7
000019074,7
000019080,7
000019086,7
000019092,7
000019098,0
000019104,0
000019110,0
000019116,0
000019122,0
000019128,0
000019134,0
000019140,0
000019146,0
000019152,0
000019158,0
000019164,0
000019170,0
000019176,0
000019182,0
000019188,0
000019194,0
000019200,0
000019206,0
000019212,0
000019218,0
000019224,0
000019230,0
000019236,0
000019242,0
000019248,0
000019254,0
000019260,0
000019266,0
000019272,0
000019278,0
000019284,0
000019290,0
000019296,0
000019302,0
000019308,0
000019314,0
000019320,0
000019326,0
000019332,0
000019338,0
000019344,0
000019350,0
000019356,0
000019362,0
000019368,0
000019374,0
000019380,0
000019386,0
000019392,1
000019398,1
000019404,1
000019410,1
000019416,1
000019422,1
000019428,1
000019434,1
000019440,1
000019446,1
000019452,1
000019458,1
000019464,1
000019470,1
000019476,1
000019482,1
000019488,1
000019494,7
000019500,7
000019506,7
000019512,7
000019518,7
000019524,7
000019530,7
000019536,7
000019542,7
000019548,7
000019554,7
000019560,7
000019566,7
000019572,7
000019578,7
000019584,7
000019590,7
000019596,7
000019602,7
000019608,7
000019614,7
000019620,7
000019626,7
000019632,7
000019638,7
000019644,7
000019650,7
000019656,7
000019662,7
000019668,7
000019674,7
000019680,7
000019686,7
000019692,0
000019698,0
000019704,0
000019710,0
000019716,0
000019722,0
000019728,0
000019734,0
000019740,0
000019746,0
000019752,0
