000000000,1
000000006,1
000000012,1
000000018,1
000000024,1
000000030,1
000000036,1
000000042,1
000000048,1
000000054,1
000000060,1
000000066,1
000000072,1
000000078,1
000000084,1
000000090,1
000000096,1
000000102,1
000000108,1
000000114,1
000000120,1
000000126,1
000000132,1
000000138,1
000000144,1
000000150,1
000000156,1
000000162,1
000000168,1
000000174,2
000000180,2
000000186,2
000000192,2
000000198,2
000000204,2
000000210,2
000000216,2
000000222,2
000000228,2
000000234,2
000000240,2
000000246,2
000000252,2
000000258,2
000000264,2
000000270,2
000000276,2
000000282,2
000000288,2
000000294,2
000000300,2
000000306,2
000000312,2
000000318,2
000000324,2
000000330,2
000000336,2
000000342,2
000000348,2
000000354,2
000000360,2
000000366,2
000000372,2
000000378,2
000000384,2
000000390,2
000000396,2
000000402,2
000000408,2
000000414,2
000000420,2
000000426,2
000000432,2
000000438,2
000000444,2
000000450,2
000000456,2
000000462,2
000000468,2
000000474,2
000000480,2
000000486,2
000000492,2
000000498,2
000000504,2
000000510,2
000000516,2
000000522,2
000000528,2
000000534,2
000000540,2
000000546,2
000000552,2
000000558,2
000000564,2
000000570,2
000000576,2
000000582,2
000000588,2
000000594,2
000000600,2
000000606,2
000000612,2
000000618,2
000000624,2
000000630,2
000000636,2
000000642,2
000000648,2
000000654,2
000000660,2
000000666,2
000000672,2
000000678,2
000000684,2
000000690,2
000000696,2
000000702,2
000000708,2
000000714,2
000000720,2
000000726,2
000000732,2
000000738,2
000000744,2
000000750,2
000000756,2
000000762,2
000000768,2
000000774,2
000000780,2
000000786,2
000000792,2
000000798,2
000000804,2
000000810,2
000000816,2
000000822,2
000000828,2
000000834,2
000000840,2
000000846,2
000000852,2
000000858,2
000000864,2
000000870,2
000000876,2
000000882,2
000000888,2
000000894,2
000000900,2
000000906,2
000000912,2
000000918,2
000000924,2
000000930,2
000000936,2
000000942,2
000000948,2
000000954,2
000000960,2
000000966,2
000000972,2
000000978,2
000000984,2
000000990,2
000000996,2
000001002,2
000001008,2
000001014,2
000001020,2
000001026,2
000001032,2
000001038,2
000001044,2
000001050,2
000001056,2
000001062,2
000001068,2
000001074,2
000001080,2
000001086,2
000001092,2
000001098,2
000001104,2
000001110,2
000001116,2
000001122,2
000001128,2
000001134,2
000001140,2
000001146,2
000001152,2
000001158,2
000001164,2
000001170,2
000001176,2
000001182,2
000001188,2
000001194,2
000001200,2
000001206,2
000001212,2
000001218,2
000001224,2
000001230,2
000001236,2
000001242,2
000001248,2
000001254,2
000001260,2
000001266,2
000001272,2
000001278,2
000001284,2
000001290,2
000001296,2
000001302,2
000001308,2
000001314,2
000001320,2
000001326,2
000001332,2
000001338,2
000001344,2
000001350,2
000001356,2
000001362,2
000001368,2
000001374,2
000001380,2
000001386,2
000001392,2
000001398,2
000001404,2
000001410,2
000001416,3
000001422,3
000001428,3
000001434,3
000001440,3
000001446,3
000001452,3
000001458,3
000001464,3
000001470,3
000001476,3
000001482,3
000001488,3
000001494,3
000001500,3
000001506,3
000001512,3
000001518,3
000001524,3
000001530,3
000001536,3
000001542,3
000001548,3
000001554,3
000001560,3
000001566,3
000001572,3
000001578,3
000001584,3
000001590,3
000001596,3
000001602,3
000001608,3
000001614,3
000001620,3
000001626,3
000001632,3
000001638,3
000001644,3
000001650,3
000001656,3
000001662,3
000001668,3
000001674,3
000001680,3
000001686,3
000001692,3
000001698,3
000001704,3
000001710,3
000001716,3
000001722,3
000001728,3
000001734,3
000001740,3
000001746,3
000001752,3
000001758,3
000001764,3
000001770,3
000001776,3
000001782,3
000001788,3
000001794,3
000001800,3
000001806,3
000001812,3
000001818,3
000001824,3
000001830,3
000001836,3
000001842,3
000001848,3
000001854,3
000001860,3
000001866,3
000001872,3
000001878,3
000001884,4
000001890,4
000001896,4
000001902,4
000001908,4
000001914,4
000001920,4
000001926,4
000001932,4
000001938,4
000001944,4
000001950,4
000001956,4
000001962,4
000001968,4
000001974,4
000001980,4
000001986,4
000001992,4
000001998,4
000002004,4
000002010,4
000002016,4
000002022,4
000002028,4
000002034,4
000002040,4
000002046,4
000002052,4
000002058,4
000002064,4
000002070,4
000002076,4
000002082,4
000002088,4
000002094,4
000002100,4
000002106,4
000002112,4
000002118,4
000002124,4
000002130,4
000002136,4
000002142,4
000002148,4
000002154,4
000002160,4
000002166,4
000002172,4
000002178,4
000002184,4
000002190,4
000002196,4
000002202,4
000002208,4
000002214,4
000002220,4
000002226,4
000002232,4
000002238,4
000002244,4
000002250,4
000002256,4
000002262,4
000002268,4
000002274,4
000002280,4
000002286,4
000002292,4
000002298,4
000002304,4
000002310,4
000002316,4
000002322,4
000002328,4
000002334,4
000002340,4
000002346,4
000002352,4
000002358,4
000002364,2
000002370,2
000002376,2
000002382,2
000002388,2
000002394,2
000002400,2
000002406,2
000002412,2
000002418,2
000002424,2
000002430,2
000002436,2
000002442,2
000002448,2
000002454,2
000002460,2
000002466,2
000002472,2
000002478,2
000002484,2
000002490,2
000002496,2
000002502,2
000002508,2
000002514,2
000002520,2
000002526,2
000002532,2
000002538,2
000002544,2
000002550,2
000002556,2
000002562,2
000002568,2
000002574,2
000002580,2
000002586,2
000002592,2
000002598,2
000002604,2
000002610,2
000002616,2
000002622,2
000002628,2
000002634,2
000002640,2
000002646,2
000002652,2
000002658,2
000002664,2
000002670,2
000002676,2
000002682,2
000002688,2
000002694,2
000002700,2
000002706,2
000002712,2
000002718,2
000002724,2
000002730,3
000002736,3
000002742,3
000002748,3
000002754,3
000002760,3
000002766,3
000002772,3
000002778,3
000002784,3
000002790,3
000002796,3
000002802,3
000002808,3
000002814,3
000002820,3
000002826,3
000002832,3
000002838,3
000002844,3
000002850,3
000002856,3
000002862,3
000002868,3
000002874,3
000002880,3
000002886,3
000002892,3
000002898,3
000002904,3
000002910,3
000002916,3
000002922,3
000002928,3
000002934,3
000002940,3
000002946,3
000002952,3
000002958,3
000002964,3
000002970,3
000002976,3
000002982,3
000002988,3
000002994,3
000003000,3
000003006,3
000003012,3
000003018,3
000003024,3
000003030,3
000003036,3
000003042,3
000003048,3
000003054,3
000003060,3
000003066,3
000003072,3
000003078,3
000003084,3
000003090,3
000003096,3
000003102,3
000003108,4
000003114,4
000003120,4
000003126,4
000003132,4
000003138,4
000003144,4
000003150,4
000003156,4
000003162,4
000003168,4
000003174,4
000003180,4
000003186,4
000003192,4
000003198,4
000003204,4
000003210,4
000003216,4
000003222,4
000003228,4
000003234,4
000003240,4
000003246,4
000003252,4
000003258,4
000003264,4
000003270,4
000003276,4
000003282,4
000003288,4
000003294,4
000003300,4
000003306,4
000003312,4
000003318,4
000003324,4
000003330,4
000003336,4
000003342,4
000003348,4
000003354,4
000003360,4
000003366,4
000003372,4
000003378,4
000003384,4
000003390,4
000003396,4
000003402,4
000003408,4
000003414,4
000003420,4
000003426,4
000003432,4
000003438,4
000003444,4
000003450,4
000003456,4
000003462,4
000003468,4
000003474,4
000003480,4
000003486,4
000003492,4
000003498,4
000003504,4
000003510,4
000003516,4
000003522,4
000003528,4
000003534,4
000003540,4
000003546,4
000003552,2
000003558,2
000003564,2
000003570,2
000003576,2
000003582,2
000003588,2
000003594,2
000003600,2
000003606,2
000003612,2
000003618,2
000003624,2
000003630,2
000003636,2
000003642,2
000003648,2
000003654,2
000003660,2
000003666,2
000003672,2
000003678,2
000003684,2
000003690,2
000003696,2
000003702,2
000003708,2
000003714,2
000003720,2
000003726,2
000003732,2
000003738,2
000003744,2
000003750,2
000003756,2
000003762,2
000003768,2
000003774,2
000003780,2
000003786,2
000003792,2
000003798,2
000003804,2
000003810,2
000003816,2
000003822,2
000003828,2
000003834,2
000003840,2
000003846,2
000003852,2
000003858,2
000003864,2
000003870,2
000003876,2
000003882,2
000003888,2
000003894,2
000003900,2
000003906,2
000003912,2
000003918,2
000003924,2
000003930,2
000003936,2
000003942,2
000003948,2
000003954,2
000003960,2
000003966,3
000003972,3
000003978,3
000003984,3
000003990,3
000003996,3
000004002,3
000004008,3
000004014,3
000004020,3
000004026,3
000004032,3
000004038,3
000004044,3
000004050,3
000004056,3
000004062,3
000004068,3
000004074,3
000004080,3
000004086,3
000004092,3
000004098,3
000004104,3
000004110,3
000004116,3
000004122,3
000004128,3
000004134,3
000004140,3
000004146,3
000004152,3
000004158,3
000004164,3
000004170,3
000004176,3
000004182,3
000004188,3
000004194,3
000004200,3
000004206,3
000004212,3
000004218,3
000004224,3
000004230,3
000004236,3
000004242,3
000004248,3
000004254,3
000004260,3
000004266,3
000004272,3
000004278,3
000004284,3
000004290,3
000004296,3
000004302,3
000004308,3
000004314,3
000004320,3
000004326,3
000004332,3
000004338,3
000004344,3
000004350,3
000004356,3
000004362,3
000004368,3
000004374,4
000004380,4
000004386,4
000004392,4
000004398,4
000004404,4
000004410,4
000004416,4
000004422,4
000004428,4
000004434,4
000004440,4
000004446,4
000004452,4
000004458,4
000004464,4
000004470,4
000004476,4
000004482,4
000004488,4
000004494,4
000004500,4
000004506,4
000004512,4
000004518,4
000004524,4
000004530,4
000004536,4
000004542,4
000004548,4
000004554,4
000004560,4
000004566,4
000004572,4
000004578,4
000004584,4
000004590,4
000004596,4
000004602,4
000004608,4
000004614,4
000004620,4
000004626,4
000004632,4
000004638,4
000004644,4
000004650,4
000004656,4
000004662,4
000004668,4
000004674,4
000004680,4
000004686,4
000004692,4
000004698,4
000004704,4
000004710,4
000004716,4
000004722,4
000004728,4
000004734,4
000004740,4
000004746,4
000004752,4
000004758,4
000004764,4
000004770,2
000004776,2
000004782,2
000004788,2
000004794,2
000004800,2
000004806,2
000004812,2
000004818,2
000004824,2
000004830,2
000004836,2
000004842,2
000004848,2
000004854,2
000004860,2
000004866,2
000004872,2
000004878,2
000004884,2
000004890,2
000004896,2
000004902,2
000004908,2
000004914,2
000004920,2
000004926,2
000004932,2
000004938,2
000004944,2
000004950,2
000004956,2
000004962,2
000004968,2
000004974,2
000004980,2
000004986,2
000004992,2
000004998,2
000005004,2
000005010,2
000005016,2
000005022,2
000005028,2
000005034,2
000005040,2
000005046,2
000005052,2
000005058,2
000005064,2
000005070,2
000005076,2
000005082,2
000005088,2
000005094,2
000005100,2
000005106,2
000005112,3
000005118,3
000005124,3
000005130,3
000005136,3
000005142,3
000005148,3
000005154,3
000005160,3
000005166,3
000005172,3
000005178,3
000005184,3
000005190,3
000005196,3
000005202,3
000005208,3
000005214,3
000005220,3
000005226,3
000005232,3
000005238,3
000005244,3
000005250,3
000005256,3
000005262,3
000005268,3
000005274,3
000005280,3
000005286,3
000005292,3
000005298,3
000005304,3
000005310,3
000005316,3
000005322,3
000005328,3
000005334,3
000005340,3
000005346,3
000005352,3
000005358,3
000005364,3
000005370,3
000005376,3
000005382,3
000005388,3
000005394,3
000005400,3
000005406,3
000005412,3
000005418,3
000005424,3
000005430,3
000005436,3
000005442,3
000005448,3
000005454,3
000005460,3
000005466,3
000005472,3
000005478,3
000005484,3
000005490,3
000005496,4
000005502,4
000005508,4
000005514,4
000005520,4
000005526,4
000005532,4
000005538,4
000005544,4
000005550,4
000005556,4
000005562,4
000005568,4
000005574,4
000005580,4
000005586,4
000005592,4
000005598,4
000005604,4
000005610,4
000005616,4
000005622,4
000005628,4
000005634,4
000005640,4
000005646,4
000005652,4
000005658,4
000005664,4
000005670,4
000005676,4
000005682,4
000005688,4
000005694,4
000005700,4
000005706,4
000005712,4
000005718,4
000005724,4
000005730,4
000005736,4
000005742,4
000005748,4
000005754,4
000005760,4
000005766,4
000005772,4
000005778,4
000005784,4
000005790,4
000005796,4
000005802,4
000005808,4
000005814,4
000005820,4
000005826,4
000005832,4
000005838,4
000005844,4
000005850,4
000005856,4
000005862,4
000005868,4
000005874,4
000005880,4
000005886,4
000005892,2
000005898,2
000005904,2
000005910,2
000005916,2
000005922,2
000005928,2
000005934,2
000005940,2
000005946,2
000005952,2
000005958,2
000005964,2
000005970,2
000005976,2
000005982,2
000005988,2
000005994,2
000006000,2
000006006,2
000006012,2
000006018,2
000006024,2
000006030,2
000006036,2
000006042,2
000006048,2
000006054,2
000006060,2
000006066,2
000006072,2
000006078,2
000006084,2
000006090,2
000006096,2
000006102,2
000006108,2
000006114,2
000006120,2
000006126,2
000006132,2
000006138,2
000006144,2
000006150,2
000006156,2
000006162,2
000006168,2
000006174,2
000006180,2
000006186,2
000006192,2
000006198,2
000006204,2
000006210,2
000006216,2
000006222,2
000006228,2
000006234,2
000006240,2
000006246,2
000006252,2
000006258,2
000006264,2
000006270,2
000006276,2
000006282,2
000006288,2
000006294,2
000006300,2
000006306,2
000006312,2
000006318,2
000006324,2
000006330,2
000006336,2
000006342,2
000006348,2
000006354,2
000006360,2
000006366,2
000006372,2
000006378,2
000006384,2
000006390,2
000006396,2
000006402,2
000006408,2
000006414,2
000006420,2
000006426,2
000006432,2
000006438,2
000006444,2
000006450,2
000006456,2
000006462,2
000006468,2
000006474,2
000006480,2
000006486,2
000006492,2
000006498,2
000006504,2
000006510,2
000006516,2
000006522,2
000006528,2
000006534,2
000006540,2
000006546,2
000006552,2
000006558,2
000006564,2
000006570,2
000006576,2
000006582,2
000006588,2
000006594,2
000006600,2
000006606,2
000006612,2
000006618,2
000006624,2
000006630,2
000006636,2
000006642,2
000006648,2
000006654,2
000006660,2
000006666,2
000006672,2
000006678,2
000006684,2
000006690,2
000006696,2
000006702,2
000006708,2
000006714,2
000006720,2
000006726,3
000006732,3
000006738,3
000006744,3
000006750,3
000006756,3
000006762,3
000006768,3
000006774,3
000006780,3
000006786,3
000006792,3
000006798,3
000006804,3
000006810,3
000006816,3
000006822,3
000006828,3
000006834,3
000006840,3
000006846,3
000006852,3
000006858,3
000006864,3
000006870,3
000006876,3
000006882,3
000006888,3
000006894,3
000006900,3
000006906,3
000006912,3
000006918,3
000006924,3
000006930,3
000006936,3
000006942,3
000006948,3
000006954,3
000006960,3
000006966,3
000006972,3
000006978,3
000006984,3
000006990,3
000006996,3
000007002,3
000007008,3
000007014,3
000007020,3
000007026,3
000007032,3
000007038,3
000007044,3
000007050,3
000007056,3
000007062,3
000007068,3
000007074,3
000007080,3
000007086,3
000007092,3
000007098,3
000007104,3
000007110,3
000007116,3
000007122,3
000007128,3
000007134,3
000007140,3
000007146,3
000007152,3
000007158,4
000007164,4
000007170,4
000007176,4
000007182,4
000007188,4
000007194,4
000007200,4
000007206,4
000007212,4
000007218,4
000007224,4
000007230,4
000007236,4
000007242,4
000007248,4
000007254,4
000007260,4
000007266,4
000007272,4
000007278,4
000007284,4
000007290,4
000007296,4
000007302,4
000007308,4
000007314,4
000007320,4
000007326,4
000007332,4
000007338,4
000007344,4
000007350,4
000007356,4
000007362,4
000007368,4
000007374,4
000007380,4
000007386,4
000007392,4
000007398,4
000007404,4
000007410,4
000007416,4
000007422,4
000007428,4
000007434,4
000007440,4
000007446,4
000007452,4
000007458,4
000007464,4
000007470,4
000007476,4
000007482,4
000007488,4
000007494,4
000007500,4
000007506,4
000007512,4
000007518,4
000007524,4
000007530,4
000007536,4
000007542,4
000007548,4
000007554,4
000007560,4
000007566,4
000007572,4
000007578,4
000007584,4
000007590,4
000007596,4
000007602,4
000007608,2
000007614,2
000007620,2
000007626,2
000007632,2
000007638,2
000007644,2
000007650,2
000007656,2
000007662,2
000007668,2
000007674,2
000007680,2
000007686,2
000007692,2
000007698,2
000007704,2
000007710,2
000007716,2
000007722,2
000007728,2
000007734,2
000007740,2
000007746,2
000007752,2
000007758,2
000007764,2
000007770,2
000007776,2
000007782,2
000007788,2
000007794,2
000007800,2
000007806,2
000007812,2
000007818,2
000007824,2
000007830,2
000007836,2
000007842,2
000007848,2
000007854,2
000007860,2
000007866,2
000007872,2
000007878,2
000007884,2
000007890,2
000007896,2
000007902,2
000007908,2
000007914,2
000007920,2
000007926,2
000007932,2
000007938,2
000007944,2
000007950,2
000007956,2
000007962,2
000007968,2
000007974,2
000007980,2
000007986,3
000007992,3
000007998,3
000008004,3
000008010,3
000008016,3
000008022,3
000008028,3
000008034,3
000008040,3
000008046,3
000008052,3
000008058,3
000008064,3
000008070,3
000008076,3
000008082,3
000008088,3
000008094,3
000008100,3
000008106,3
000008112,3
000008118,3
000008124,3
000008130,3
000008136,3
000008142,3
000008148,3
000008154,3
000008160,3
000008166,3
000008172,3
000008178,3
000008184,3
000008190,3
000008196,3
000008202,3
000008208,3
000008214,3
000008220,3
000008226,3
000008232,4
000008238,4
000008244,4
000008250,4
000008256,4
000008262,4
000008268,4
000008274,4
000008280,4
000008286,4
000008292,4
000008298,4
000008304,4
000008310,4
000008316,4
000008322,4
000008328,4
000008334,4
000008340,4
000008346,4
000008352,4
000008358,4
000008364,4
000008370,4
000008376,4
000008382,4
000008388,4
000008394,4
000008400,4
000008406,4
000008412,4
000008418,4
000008424,4
000008430,4
000008436,4
000008442,4
000008448,4
000008454,4
000008460,4
000008466,4
000008472,4
000008478,4
000008484,4
000008490,4
000008496,4
000008502,4
000008508,4
000008514,4
000008520,2
000008526,2
000008532,2
000008538,2
000008544,2
000008550,2
000008556,2
000008562,2
000008568,2
000008574,2
000008580,2
000008586,2
000008592,2
000008598,2
000008604,2
000008610,2
000008616,2
000008622,2
000008628,2
000008634,2
000008640,2
000008646,2
000008652,2
000008658,2
000008664,2
000008670,2
000008676,2
000008682,2
000008688,2
000008694,2
000008700,2
000008706,2
000008712,2
000008718,2
000008724,2
000008730,2
000008736,2
000008742,2
000008748,2
000008754,2
000008760,2
000008766,2
000008772,2
000008778,2
000008784,2
000008790,2
000008796,2
000008802,2
000008808,2
000008814,2
000008820,2
000008826,2
000008832,2
000008838,2
000008844,2
000008850,2
000008856,2
000008862,2
000008868,2
000008874,2
000008880,2
000008886,2
000008892,2
000008898,2
000008904,2
000008910,2
000008916,2
000008922,2
000008928,2
000008934,2
000008940,2
000008946,2
000008952,2
000008958,2
000008964,2
000008970,2
000008976,2
000008982,2
000008988,2
000008994,2
000009000,2
000009006,2
000009012,2
000009018,2
000009024,2
000009030,2
000009036,2
000009042,2
000009048,2
000009054,2
000009060,2
000009066,2
000009072,2
000009078,2
000009084,2
000009090,2
000009096,2
000009102,2
000009108,2
000009114,2
000009120,2
000009126,2
000009132,2
000009138,2
000009144,2
000009150,2
000009156,2
000009162,2
000009168,2
000009174,2
000009180,2
000009186,2
000009192,2
000009198,2
000009204,2
000009210,2
000009216,2
000009222,2
000009228,2
000009234,2
000009240,2
000009246,2
000009252,2
000009258,2
000009264,2
000009270,2
000009276,2
000009282,2
000009288,2
000009294,2
000009300,2
000009306,3
000009312,3
000009318,3
000009324,3
000009330,3
000009336,3
000009342,3
000009348,3
000009354,3
000009360,3
000009366,3
000009372,3
000009378,3
000009384,3
000009390,3
000009396,3
000009402,3
000009408,3
000009414,3
000009420,3
000009426,3
000009432,3
000009438,3
000009444,3
000009450,3
000009456,3
000009462,3
000009468,3
000009474,3
000009480,3
000009486,3
000009492,3
000009498,3
000009504,3
000009510,3
000009516,3
000009522,3
000009528,3
000009534,3
000009540,3
000009546,3
000009552,3
000009558,3
000009564,3
000009570,4
000009576,4
000009582,4
000009588,4
000009594,4
000009600,4
000009606,4
000009612,4
000009618,4
000009624,4
000009630,4
000009636,4
000009642,4
000009648,4
000009654,4
000009660,4
000009666,4
000009672,4
000009678,4
000009684,4
000009690,4
000009696,4
000009702,4
000009708,4
000009714,4
000009720,4
000009726,4
000009732,4
000009738,4
000009744,4
000009750,4
000009756,4
000009762,4
000009768,4
000009774,4
000009780,4
000009786,4
000009792,4
000009798,4
000009804,4
000009810,4
000009816,4
000009822,4
000009828,4
000009834,4
000009840,4
000009846,7
000009852,7
000009858,7
000009864,7
000009870,7
000009876,7
000009882,7
000009888,7
000009894,7
000009900,7
000009906,7
000009912,7
000009918,7
000009924,7
000009930,7
000009936,7
000009942,7
000009948,7
000009954,7
000009960,7
000009966,7
000009972,7
000009978,7
000009984,7
000009990,7
000009996,7
000010002,7
000010008,7
000010014,7
000010020,7
000010026,7
000010032,7
000010038,7
000010044,7
000010050,7
000010056,7
000010062,7
000010068,7
000010074,7
000010080,7
000010086,7
000010092,7
000010098,7
000010104,7
000010110,7
000010116,7
000010122,7
000010128,7
000010134,7
000010140,7
000010146,7
000010152,7
000010158,7
000010164,7
000010170,7
000010176,7
000010182,7
000010188,7
000010194,7
000010200,7
000010206,7
000010212,7
000010218,7
000010224,7
000010230,7
000010236,7
000010242,7
000010248,7
000010254,7
000010260,7
000010266,7
000010272,7
000010278,7
000010284,7
000010290,7
000010296,7
000010302,7
000010308,7
000010314,7
000010320,7
000010326,7
000010332,7
000010338,7
000010344,7
000010350,7
000010356,7
000010362,1
000010368,1
000010374,1
000010380,1
000010386,1
000010392,1
000010398,1
000010404,1
000010410,1
000010416,1
000010422,1
000010428,1
000010434,1
000010440,1
000010446,1
000010452,1
000010458,1
000010464,1
000010470,1
000010476,1
000010482,1
000010488,1
000010494,1
000010500,1
000010506,1
000010512,1
000010518,1
000010524,1
000010530,1
000010536,1
000010542,1
000010548,1
000010554,1
000010560,7
000010566,7
000010572,7
000010578,7
000010584,7
000010590,7
000010596,7
000010602,7
000010608,7
000010614,7
000010620,7
000010626,7
000010632,7
000010638,7
000010644,7
000010650,7
000010656,7
000010662,7
000010668,7
000010674,7
000010680,7
000010686,7
000010692,7
000010698,7
000010704,7
000010710,7
000010716,7
000010722,7
000010728,7
000010734,7
000010740,7
000010746,7
000010752,7
000010758,7
000010764,7
000010770,7
000010776,7
000010782,7
000010788,7
000010794,7
000010800,7
000010806,7
000010812,7
000010818,7
000010824,7
000010830,7
000010836,7
000010842,0
000010848,0
000010854,0
000010860,0
000010866,0
000010872,0
000010878,0
