00000 01210 0 
01211 01342 1 
01343 01937 2 
01938 02333 3 
02334 02650 4 
02651 02986 2 
02987 03506 3 
03507 04147 4 
04148 04513 2 
04514 04916 3 
04917 05625 4 
05626 06000 2 
06001 06411 3 
06412 06538 2 
06539 07268 3 
07269 07833 4 
07834 08008 1 
08009 08235 2 
08236 08956 3 
08957 09278 4 
09279 09598 2 
09599 10257 3 
10258 10532 4 
10533 10892 2 
10893 11029 1 
11030 11198 2 
11199 11966 3 
11967 12289 4 
12290 12640 2 
12641 13611 3 
13612 13893 4 
13894 14427 2 
14428 14854 3 
14855 15100 4 
15101 16029 2 
16030 16860 3 
16861 17234 4 
17235 17721 2 
17722 18213 3 
18214 18513 4 
18514 19058 2 
19059 20312 3 
20313 20936 4 
20937 21714 2 
21715 22160 3 
22161 22420 4 
22421 22868 7 
22869 22940 0 
