000000000,0
000000006,0
000000012,0
000000018,0
000000024,0
000000030,0
000000036,0
000000042,0
000000048,0
000000054,0
000000060,0
000000066,0
000000072,0
000000078,0
000000084,0
000000090,0
000000096,0
000000102,0
000000108,0
000000114,0
000000120,0
000000126,0
000000132,0
000000138,0
000000144,0
000000150,0
000000156,0
000000162,0
000000168,0
000000174,0
000000180,0
000000186,0
000000192,0
000000198,0
000000204,0
000000210,0
000000216,0
000000222,0
000000228,0
000000234,0
000000240,0
000000246,0
000000252,0
000000258,0
000000264,0
000000270,0
000000276,0
000000282,0
000000288,0
000000294,0
000000300,0
000000306,0
000000312,0
000000318,0
000000324,0
000000330,0
000000336,0
000000342,0
000000348,0
000000354,0
000000360,0
000000366,0
000000372,0
000000378,0
000000384,0
000000390,0
000000396,0
000000402,0
000000408,0
000000414,0
000000420,0
000000426,0
000000432,0
000000438,0
000000444,0
000000450,0
000000456,0
000000462,0
000000468,0
000000474,0
000000480,0
000000486,0
000000492,0
000000498,0
000000504,0
000000510,0
000000516,0
000000522,0
000000528,0
000000534,0
000000540,0
000000546,0
000000552,0
000000558,0
000000564,0
000000570,0
000000576,0
000000582,0
000000588,0
000000594,0
000000600,0
000000606,0
000000612,0
000000618,0
000000624,0
000000630,0
000000636,0
000000642,0
000000648,0
000000654,0
000000660,0
000000666,0
000000672,0
000000678,0
000000684,0
000000690,0
000000696,0
000000702,0
000000708,0
000000714,0
000000720,0
000000726,0
000000732,0
000000738,0
000000744,0
000000750,0
000000756,0
000000762,0
000000768,0
000000774,0
000000780,0
000000786,0
000000792,0
000000798,0
000000804,0
000000810,0
000000816,0
000000822,0
000000828,0
000000834,0
000000840,0
000000846,0
000000852,0
000000858,0
000000864,0
000000870,0
000000876,0
000000882,0
000000888,0
000000894,0
000000900,0
000000906,0
000000912,0
000000918,0
000000924,0
000000930,0
000000936,0
000000942,0
000000948,0
000000954,0
000000960,0
000000966,0
000000972,0
000000978,0
000000984,0
000000990,0
000000996,0
000001002,0
000001008,0
000001014,0
000001020,0
000001026,0
000001032,0
000001038,0
000001044,0
000001050,0
000001056,0
000001062,0
000001068,0
000001074,0
000001080,0
000001086,0
000001092,0
000001098,0
000001104,0
000001110,0
000001116,0
000001122,0
000001128,0
000001134,0
000001140,0
000001146,0
000001152,0
000001158,0
000001164,0
000001170,0
000001176,0
000001182,0
000001188,0
000001194,0
000001200,0
000001206,1
000001212,1
000001218,1
000001224,1
000001230,1
000001236,1
000001242,1
000001248,1
000001254,1
000001260,1
000001266,1
000001272,1
000001278,1
000001284,1
000001290,1
000001296,1
000001302,1
000001308,1
000001314,1
000001320,1
000001326,1
000001332,1
000001338,2
000001344,2
000001350,2
000001356,2
000001362,2
000001368,2
000001374,2
000001380,2
000001386,2
000001392,2
000001398,2
000001404,2
000001410,2
000001416,2
000001422,2
000001428,2
000001434,2
000001440,2
000001446,2
000001452,2
000001458,2
000001464,2
000001470,2
000001476,2
000001482,2
000001488,2
000001494,2
000001500,2
000001506,2
000001512,2
000001518,2
000001524,2
000001530,2
000001536,2
000001542,2
000001548,2
000001554,2
000001560,2
000001566,2
000001572,2
000001578,2
000001584,2
000001590,2
000001596,2
000001602,2
000001608,2
000001614,2
000001620,2
000001626,2
000001632,2
000001638,2
000001644,2
000001650,2
000001656,2
000001662,2
000001668,2
000001674,2
000001680,2
000001686,2
000001692,2
000001698,2
000001704,2
000001710,2
000001716,2
000001722,2
000001728,2
000001734,2
000001740,2
000001746,2
000001752,2
000001758,2
000001764,2
000001770,2
000001776,2
000001782,2
000001788,2
000001794,2
000001800,2
000001806,2
000001812,2
000001818,2
000001824,2
000001830,2
000001836,2
000001842,2
000001848,2
000001854,2
000001860,2
000001866,2
000001872,2
000001878,2
000001884,2
000001890,2
000001896,2
000001902,2
000001908,2
000001914,2
000001920,2
000001926,2
000001932,2
000001938,3
000001944,3
000001950,3
000001956,3
000001962,3
000001968,3
000001974,3
000001980,3
000001986,3
000001992,3
000001998,3
000002004,3
000002010,3
000002016,3
000002022,3
000002028,3
000002034,3
000002040,3
000002046,3
000002052,3
000002058,3
000002064,3
000002070,3
000002076,3
000002082,3
000002088,3
000002094,3
000002100,3
000002106,3
000002112,3
000002118,3
000002124,3
000002130,3
000002136,3
000002142,3
000002148,3
000002154,3
000002160,3
000002166,3
000002172,3
000002178,3
000002184,3
000002190,3
000002196,3
000002202,3
000002208,3
000002214,3
000002220,3
000002226,3
000002232,3
000002238,3
000002244,3
000002250,3
000002256,3
000002262,3
000002268,3
000002274,3
000002280,3
000002286,3
000002292,3
000002298,3
000002304,3
000002310,3
000002316,3
000002322,3
000002328,3
000002334,4
000002340,4
000002346,4
000002352,4
000002358,4
000002364,4
000002370,4
000002376,4
000002382,4
000002388,4
000002394,4
000002400,4
000002406,4
000002412,4
000002418,4
000002424,4
000002430,4
000002436,4
000002442,4
000002448,4
000002454,4
000002460,4
000002466,4
000002472,4
000002478,4
000002484,4
000002490,4
000002496,4
000002502,4
000002508,4
000002514,4
000002520,4
000002526,4
000002532,4
000002538,4
000002544,4
000002550,4
000002556,4
000002562,4
000002568,4
000002574,4
000002580,4
000002586,4
000002592,4
000002598,4
000002604,4
000002610,4
000002616,4
000002622,4
000002628,4
000002634,4
000002640,4
000002646,2
000002652,2
000002658,2
000002664,2
000002670,2
000002676,2
000002682,2
000002688,2
000002694,2
000002700,2
000002706,2
000002712,2
000002718,2
000002724,2
000002730,2
000002736,2
000002742,2
000002748,2
000002754,2
000002760,2
000002766,2
000002772,2
000002778,2
000002784,2
000002790,2
000002796,2
000002802,2
000002808,2
000002814,2
000002820,2
000002826,2
000002832,2
000002838,2
000002844,2
000002850,2
000002856,2
000002862,2
000002868,2
000002874,2
000002880,2
000002886,2
000002892,2
000002898,2
000002904,2
000002910,2
000002916,2
000002922,2
000002928,2
000002934,2
000002940,2
000002946,2
000002952,2
000002958,2
000002964,2
000002970,2
000002976,2
000002982,3
000002988,3
000002994,3
000003000,3
000003006,3
000003012,3
000003018,3
000003024,3
000003030,3
000003036,3
000003042,3
000003048,3
000003054,3
000003060,3
000003066,3
000003072,3
000003078,3
000003084,3
000003090,3
000003096,3
000003102,3
000003108,3
000003114,3
000003120,3
000003126,3
000003132,3
000003138,3
000003144,3
000003150,3
000003156,3
000003162,3
000003168,3
000003174,3
000003180,3
000003186,3
000003192,3
000003198,3
000003204,3
000003210,3
000003216,3
000003222,3
000003228,3
000003234,3
000003240,3
000003246,3
000003252,3
000003258,3
000003264,3
000003270,3
000003276,3
000003282,3
000003288,3
000003294,3
000003300,3
000003306,3
000003312,3
000003318,3
000003324,3
000003330,3
000003336,3
000003342,3
000003348,3
000003354,3
000003360,3
000003366,3
000003372,3
000003378,3
000003384,3
000003390,3
000003396,3
000003402,3
000003408,3
000003414,3
000003420,3
000003426,3
000003432,3
000003438,3
000003444,3
000003450,3
000003456,3
000003462,3
000003468,3
000003474,3
000003480,3
000003486,3
000003492,3
000003498,3
000003504,4
000003510,4
000003516,4
000003522,4
000003528,4
000003534,4
000003540,4
000003546,4
000003552,4
000003558,4
000003564,4
000003570,4
000003576,4
000003582,4
000003588,4
000003594,4
000003600,4
000003606,4
000003612,4
000003618,4
000003624,4
000003630,4
000003636,4
000003642,4
000003648,4
000003654,4
000003660,4
000003666,4
000003672,4
000003678,4
000003684,4
000003690,4
000003696,4
000003702,4
000003708,4
000003714,4
000003720,4
000003726,4
000003732,4
000003738,4
000003744,4
000003750,4
000003756,4
000003762,4
000003768,4
000003774,4
000003780,4
000003786,4
000003792,4
000003798,4
000003804,4
000003810,4
000003816,4
000003822,4
000003828,4
000003834,4
000003840,4
000003846,4
000003852,4
000003858,4
000003864,4
000003870,4
000003876,4
000003882,4
000003888,4
000003894,4
000003900,4
000003906,4
000003912,4
000003918,4
000003924,4
000003930,4
000003936,4
000003942,4
000003948,4
000003954,4
000003960,4
000003966,4
000003972,4
000003978,4
000003984,4
000003990,4
000003996,4
000004002,4
000004008,4
000004014,4
000004020,4
000004026,4
000004032,4
000004038,4
000004044,4
000004050,4
000004056,4
000004062,4
000004068,4
000004074,4
000004080,4
000004086,4
000004092,4
000004098,4
000004104,4
000004110,4
000004116,4
000004122,4
000004128,4
000004134,4
000004140,4
000004146,2
000004152,2
000004158,2
000004164,2
000004170,2
000004176,2
000004182,2
000004188,2
000004194,2
000004200,2
000004206,2
000004212,2
000004218,2
000004224,2
000004230,2
000004236,2
000004242,2
000004248,2
000004254,2
000004260,2
000004266,2
000004272,2
000004278,2
000004284,2
000004290,2
000004296,2
000004302,2
000004308,2
000004314,2
000004320,2
000004326,2
000004332,2
000004338,2
000004344,2
000004350,2
000004356,2
000004362,2
000004368,2
000004374,2
000004380,2
000004386,2
000004392,2
000004398,2
000004404,2
000004410,2
000004416,2
000004422,2
000004428,2
000004434,2
000004440,2
000004446,2
000004452,2
000004458,2
000004464,2
000004470,2
000004476,2
000004482,2
000004488,2
000004494,2
000004500,2
000004506,2
000004512,3
000004518,3
000004524,3
000004530,3
000004536,3
000004542,3
000004548,3
000004554,3
000004560,3
000004566,3
000004572,3
000004578,3
000004584,3
000004590,3
000004596,3
000004602,3
000004608,3
000004614,3
000004620,3
000004626,3
000004632,3
000004638,3
000004644,3
000004650,3
000004656,3
000004662,3
000004668,3
000004674,3
000004680,3
000004686,3
000004692,3
000004698,3
000004704,3
000004710,3
000004716,3
000004722,3
000004728,3
000004734,3
000004740,3
000004746,3
000004752,3
000004758,3
000004764,3
000004770,3
000004776,3
000004782,3
000004788,3
000004794,3
000004800,3
000004806,3
000004812,3
000004818,3
000004824,3
000004830,3
000004836,3
000004842,3
000004848,3
000004854,3
000004860,3
000004866,3
000004872,3
000004878,3
000004884,3
000004890,3
000004896,3
000004902,3
000004908,3
000004914,4
000004920,4
000004926,4
000004932,4
000004938,4
000004944,4
000004950,4
000004956,4
000004962,4
000004968,4
000004974,4
000004980,4
000004986,4
000004992,4
000004998,4
000005004,4
000005010,4
000005016,4
000005022,4
000005028,4
000005034,4
000005040,4
000005046,4
000005052,4
000005058,4
000005064,4
000005070,4
000005076,4
000005082,4
000005088,4
000005094,4
000005100,4
000005106,4
000005112,4
000005118,4
000005124,4
000005130,4
000005136,4
000005142,4
000005148,4
000005154,4
000005160,4
000005166,4
000005172,4
000005178,4
000005184,4
000005190,4
000005196,4
000005202,4
000005208,4
000005214,4
000005220,4
000005226,4
000005232,4
000005238,4
000005244,4
000005250,4
000005256,4
000005262,4
000005268,4
000005274,4
000005280,4
000005286,4
000005292,4
000005298,4
000005304,4
000005310,4
000005316,4
000005322,4
000005328,4
000005334,4
000005340,4
000005346,4
000005352,4
000005358,4
000005364,4
000005370,4
000005376,4
000005382,4
000005388,4
000005394,4
000005400,4
000005406,4
000005412,4
000005418,4
000005424,4
000005430,4
000005436,4
000005442,4
000005448,4
000005454,4
000005460,4
000005466,4
000005472,4
000005478,4
000005484,4
000005490,4
000005496,4
000005502,4
000005508,4
000005514,4
000005520,4
000005526,4
000005532,4
000005538,4
000005544,4
000005550,4
000005556,4
000005562,4
000005568,4
000005574,4
000005580,4
000005586,4
000005592,4
000005598,4
000005604,4
000005610,4
000005616,4
000005622,2
000005628,2
000005634,2
000005640,2
000005646,2
000005652,2
000005658,2
000005664,2
000005670,2
000005676,2
000005682,2
000005688,2
000005694,2
000005700,2
000005706,2
000005712,2
000005718,2
000005724,2
000005730,2
000005736,2
000005742,2
000005748,2
000005754,2
000005760,2
000005766,2
000005772,2
000005778,2
000005784,2
000005790,2
000005796,2
000005802,2
000005808,2
000005814,2
000005820,2
000005826,2
000005832,2
000005838,2
000005844,2
000005850,2
000005856,2
000005862,2
000005868,2
000005874,2
000005880,2
000005886,2
000005892,2
000005898,2
000005904,2
000005910,2
000005916,2
000005922,2
000005928,2
000005934,2
000005940,2
000005946,2
000005952,2
000005958,2
000005964,2
000005970,2
000005976,2
000005982,2
000005988,2
000005994,2
000006000,3
000006006,3
000006012,3
000006018,3
000006024,3
000006030,3
000006036,3
000006042,3
000006048,3
000006054,3
000006060,3
000006066,3
000006072,3
000006078,3
000006084,3
000006090,3
000006096,3
000006102,3
000006108,3
000006114,3
000006120,3
000006126,3
000006132,3
000006138,3
000006144,3
000006150,3
000006156,3
000006162,3
000006168,3
000006174,3
000006180,3
000006186,3
000006192,3
000006198,3
000006204,3
000006210,3
000006216,3
000006222,3
000006228,3
000006234,3
000006240,3
000006246,3
000006252,3
000006258,3
000006264,3
000006270,3
000006276,3
000006282,3
000006288,3
000006294,3
000006300,3
000006306,3
000006312,3
000006318,3
000006324,3
000006330,3
000006336,3
000006342,3
000006348,3
000006354,3
000006360,3
000006366,3
000006372,3
000006378,3
000006384,3
000006390,3
000006396,3
000006402,3
000006408,2
000006414,2
000006420,2
000006426,2
000006432,2
000006438,2
000006444,2
000006450,2
000006456,2
000006462,2
000006468,2
000006474,2
000006480,2
000006486,2
000006492,2
000006498,2
000006504,2
000006510,2
000006516,2
000006522,2
000006528,2
000006534,3
000006540,3
000006546,3
000006552,3
000006558,3
000006564,3
000006570,3
000006576,3
000006582,3
000006588,3
000006594,3
000006600,3
000006606,3
000006612,3
000006618,3
000006624,3
000006630,3
000006636,3
000006642,3
000006648,3
000006654,3
000006660,3
000006666,3
000006672,3
000006678,3
000006684,3
000006690,3
000006696,3
000006702,3
000006708,3
000006714,3
000006720,3
000006726,3
000006732,3
000006738,3
000006744,3
000006750,3
000006756,3
000006762,3
000006768,3
000006774,3
000006780,3
000006786,3
000006792,3
000006798,3
000006804,3
000006810,3
000006816,3
000006822,3
000006828,3
000006834,3
000006840,3
000006846,3
000006852,3
000006858,3
000006864,3
000006870,3
000006876,3
000006882,3
000006888,3
000006894,3
000006900,3
000006906,3
000006912,3
000006918,3
000006924,3
000006930,3
000006936,3
000006942,3
000006948,3
000006954,3
000006960,3
000006966,3
000006972,3
000006978,3
000006984,3
000006990,3
000006996,3
000007002,3
000007008,3
000007014,3
000007020,3
000007026,3
000007032,3
000007038,3
000007044,3
000007050,3
000007056,3
000007062,3
000007068,3
000007074,3
000007080,3
000007086,3
000007092,3
000007098,3
000007104,3
000007110,3
000007116,3
000007122,3
000007128,3
000007134,3
000007140,3
000007146,3
000007152,3
000007158,3
000007164,3
000007170,3
000007176,3
000007182,3
000007188,3
000007194,3
000007200,3
000007206,3
000007212,3
000007218,3
000007224,3
000007230,3
000007236,3
000007242,3
000007248,3
000007254,3
000007260,3
000007266,4
000007272,4
000007278,4
000007284,4
000007290,4
000007296,4
000007302,4
000007308,4
000007314,4
000007320,4
000007326,4
000007332,4
000007338,4
000007344,4
000007350,4
000007356,4
000007362,4
000007368,4
000007374,4
000007380,4
000007386,4
000007392,4
000007398,4
000007404,4
000007410,4
000007416,4
000007422,4
000007428,4
000007434,4
000007440,4
000007446,4
000007452,4
000007458,4
000007464,4
000007470,4
000007476,4
000007482,4
000007488,4
000007494,4
000007500,4
000007506,4
000007512,4
000007518,4
000007524,4
000007530,4
000007536,4
000007542,4
000007548,4
000007554,4
000007560,4
000007566,4
000007572,4
000007578,4
000007584,4
000007590,4
000007596,4
000007602,4
000007608,4
000007614,4
000007620,4
000007626,4
000007632,4
000007638,4
000007644,4
000007650,4
000007656,4
000007662,4
000007668,4
000007674,4
000007680,4
000007686,4
000007692,4
000007698,4
000007704,4
000007710,4
000007716,4
000007722,4
000007728,4
000007734,4
000007740,4
000007746,4
000007752,4
000007758,4
000007764,4
000007770,4
000007776,4
000007782,4
000007788,4
000007794,4
000007800,4
000007806,4
000007812,4
000007818,4
000007824,4
000007830,1
000007836,1
000007842,1
000007848,1
000007854,1
000007860,1
000007866,1
000007872,1
000007878,1
000007884,1
000007890,1
000007896,1
000007902,1
000007908,1
000007914,1
000007920,1
000007926,1
000007932,1
000007938,1
000007944,1
000007950,1
000007956,1
000007962,1
000007968,1
000007974,1
000007980,1
000007986,1
000007992,1
000007998,1
000008004,2
000008010,2
000008016,2
000008022,2
000008028,2
000008034,2
000008040,2
000008046,2
000008052,2
000008058,2
000008064,2
000008070,2
000008076,2
000008082,2
000008088,2
000008094,2
000008100,2
000008106,2
000008112,2
000008118,2
000008124,2
000008130,2
000008136,2
000008142,2
000008148,2
000008154,2
000008160,2
000008166,2
000008172,2
000008178,2
000008184,2
000008190,2
000008196,2
000008202,2
000008208,2
000008214,2
000008220,2
000008226,2
000008232,3
000008238,3
000008244,3
000008250,3
000008256,3
000008262,3
000008268,3
000008274,3
000008280,3
000008286,3
000008292,3
000008298,3
000008304,3
000008310,3
000008316,3
000008322,3
000008328,3
000008334,3
000008340,3
000008346,3
000008352,3
000008358,3
000008364,3
000008370,3
000008376,3
000008382,3
000008388,3
000008394,3
000008400,3
000008406,3
000008412,3
000008418,3
000008424,3
000008430,3
000008436,3
000008442,3
000008448,3
000008454,3
000008460,3
000008466,3
000008472,3
000008478,3
000008484,3
000008490,3
000008496,3
000008502,3
000008508,3
000008514,3
000008520,3
000008526,3
000008532,3
000008538,3
000008544,3
000008550,3
000008556,3
000008562,3
000008568,3
000008574,3
000008580,3
000008586,3
000008592,3
000008598,3
000008604,3
000008610,3
000008616,3
000008622,3
000008628,3
000008634,3
000008640,3
000008646,3
000008652,3
000008658,3
000008664,3
000008670,3
000008676,3
000008682,3
000008688,3
000008694,3
000008700,3
000008706,3
000008712,3
000008718,3
000008724,3
000008730,3
000008736,3
000008742,3
000008748,3
000008754,3
000008760,3
000008766,3
000008772,3
000008778,3
000008784,3
000008790,3
000008796,3
000008802,3
000008808,3
000008814,3
000008820,3
000008826,3
000008832,3
000008838,3
000008844,3
000008850,3
000008856,3
000008862,3
000008868,3
000008874,3
000008880,3
000008886,3
000008892,3
000008898,3
000008904,3
000008910,3
000008916,3
000008922,3
000008928,3
000008934,3
000008940,3
000008946,3
000008952,4
000008958,4
000008964,4
000008970,4
000008976,4
000008982,4
000008988,4
000008994,4
000009000,4
000009006,4
000009012,4
000009018,4
000009024,4
000009030,4
000009036,4
000009042,4
000009048,4
000009054,4
000009060,4
000009066,4
000009072,4
000009078,4
000009084,4
000009090,4
000009096,4
000009102,4
000009108,4
000009114,4
000009120,4
000009126,4
000009132,4
000009138,4
000009144,4
000009150,4
000009156,4
000009162,4
000009168,4
000009174,4
000009180,4
000009186,4
000009192,4
000009198,4
000009204,4
000009210,4
000009216,4
000009222,4
000009228,4
000009234,4
000009240,4
000009246,4
000009252,4
000009258,4
000009264,4
000009270,4
000009276,2
000009282,2
000009288,2
000009294,2
000009300,2
000009306,2
000009312,2
000009318,2
000009324,2
000009330,2
000009336,2
000009342,2
000009348,2
000009354,2
000009360,2
000009366,2
000009372,2
000009378,2
000009384,2
000009390,2
000009396,2
000009402,2
000009408,2
000009414,2
000009420,2
000009426,2
000009432,2
000009438,2
000009444,2
000009450,2
000009456,2
000009462,2
000009468,2
000009474,2
000009480,2
000009486,2
000009492,2
000009498,2
000009504,2
000009510,2
000009516,2
000009522,2
000009528,2
000009534,2
000009540,2
000009546,2
000009552,2
000009558,2
000009564,2
000009570,2
000009576,2
000009582,2
000009588,2
000009594,3
000009600,3
000009606,3
000009612,3
000009618,3
000009624,3
000009630,3
000009636,3
000009642,3
000009648,3
000009654,3
000009660,3
000009666,3
000009672,3
000009678,3
000009684,3
000009690,3
000009696,3
000009702,3
000009708,3
000009714,3
000009720,3
000009726,3
000009732,3
000009738,3
000009744,3
000009750,3
000009756,3
000009762,3
000009768,3
000009774,3
000009780,3
000009786,3
000009792,3
000009798,3
000009804,3
000009810,3
000009816,3
000009822,3
000009828,3
000009834,3
000009840,3
000009846,3
000009852,3
000009858,3
000009864,3
000009870,3
000009876,3
000009882,3
000009888,3
000009894,3
000009900,3
000009906,3
000009912,3
000009918,3
000009924,3
000009930,3
000009936,3
000009942,3
000009948,3
000009954,3
000009960,3
000009966,3
000009972,3
000009978,3
000009984,3
000009990,3
000009996,3
000010002,3
000010008,3
000010014,3
000010020,3
000010026,3
000010032,3
000010038,3
000010044,3
000010050,3
000010056,3
000010062,3
000010068,3
000010074,3
000010080,3
000010086,3
000010092,3
000010098,3
000010104,3
000010110,3
000010116,3
000010122,3
000010128,3
000010134,3
000010140,3
000010146,3
000010152,3
000010158,3
000010164,3
000010170,3
000010176,3
000010182,3
000010188,3
000010194,3
000010200,3
000010206,3
000010212,3
000010218,3
000010224,3
000010230,3
000010236,3
000010242,3
000010248,3
000010254,4
000010260,4
000010266,4
000010272,4
000010278,4
000010284,4
000010290,4
000010296,4
000010302,4
000010308,4
000010314,4
000010320,4
000010326,4
000010332,4
000010338,4
000010344,4
000010350,4
000010356,4
000010362,4
000010368,4
000010374,4
000010380,4
000010386,4
000010392,4
000010398,4
000010404,4
000010410,4
000010416,4
000010422,4
000010428,4
000010434,4
000010440,4
000010446,4
000010452,4
000010458,4
000010464,4
000010470,4
000010476,4
000010482,4
000010488,4
000010494,4
000010500,4
000010506,4
000010512,4
000010518,4
000010524,4
000010530,2
000010536,2
000010542,2
000010548,2
000010554,2
000010560,2
000010566,2
000010572,2
000010578,2
000010584,2
000010590,2
000010596,2
000010602,2
000010608,2
000010614,2
000010620,2
000010626,2
000010632,2
000010638,2
000010644,2
000010650,2
000010656,2
000010662,2
000010668,2
000010674,2
000010680,2
000010686,2
000010692,2
000010698,2
000010704,2
000010710,2
000010716,2
000010722,2
000010728,2
000010734,2
000010740,2
000010746,2
000010752,2
000010758,2
000010764,2
000010770,2
000010776,2
000010782,2
000010788,2
000010794,2
000010800,2
000010806,2
000010812,2
000010818,2
000010824,2
000010830,2
000010836,2
000010842,2
000010848,2
000010854,2
000010860,2
000010866,2
000010872,2
000010878,2
000010884,2
000010890,1
000010896,1
000010902,1
000010908,1
000010914,1
000010920,1
000010926,1
000010932,1
000010938,1
000010944,1
000010950,1
000010956,1
000010962,1
000010968,1
000010974,1
000010980,1
000010986,1
000010992,1
000010998,1
000011004,1
000011010,1
000011016,1
000011022,1
000011028,2
000011034,2
000011040,2
000011046,2
000011052,2
000011058,2
000011064,2
000011070,2
000011076,2
000011082,2
000011088,2
000011094,2
000011100,2
000011106,2
000011112,2
000011118,2
000011124,2
000011130,2
000011136,2
000011142,2
000011148,2
000011154,2
000011160,2
000011166,2
000011172,2
000011178,2
000011184,2
000011190,2
000011196,3
000011202,3
000011208,3
000011214,3
000011220,3
000011226,3
000011232,3
000011238,3
000011244,3
000011250,3
000011256,3
000011262,3
000011268,3
000011274,3
000011280,3
000011286,3
000011292,3
000011298,3
000011304,3
000011310,3
000011316,3
000011322,3
000011328,3
000011334,3
000011340,3
000011346,3
000011352,3
000011358,3
000011364,3
000011370,3
000011376,3
000011382,3
000011388,3
000011394,3
000011400,3
000011406,3
000011412,3
000011418,3
000011424,3
000011430,3
000011436,3
000011442,3
000011448,3
000011454,3
000011460,3
000011466,3
000011472,3
000011478,3
000011484,3
000011490,3
000011496,3
000011502,3
000011508,3
000011514,3
000011520,3
000011526,3
000011532,3
000011538,3
000011544,3
000011550,3
000011556,3
000011562,3
000011568,3
000011574,3
000011580,3
000011586,3
000011592,3
000011598,3
000011604,3
000011610,3
000011616,3
000011622,3
000011628,3
000011634,3
000011640,3
000011646,3
000011652,3
000011658,3
000011664,3
000011670,3
000011676,3
000011682,3
000011688,3
000011694,3
000011700,3
000011706,3
000011712,3
000011718,3
000011724,3
000011730,3
000011736,3
000011742,3
000011748,3
000011754,3
000011760,3
000011766,3
000011772,3
000011778,3
000011784,3
000011790,3
000011796,3
000011802,3
000011808,3
000011814,3
000011820,3
000011826,3
000011832,3
000011838,3
000011844,3
000011850,3
000011856,3
000011862,3
000011868,3
000011874,3
000011880,3
000011886,3
000011892,3
000011898,3
000011904,3
000011910,3
000011916,3
000011922,3
000011928,3
000011934,3
000011940,3
000011946,3
000011952,3
000011958,3
000011964,4
000011970,4
000011976,4
000011982,4
000011988,4
000011994,4
000012000,4
000012006,4
000012012,4
000012018,4
000012024,4
000012030,4
000012036,4
000012042,4
000012048,4
000012054,4
000012060,4
000012066,4
000012072,4
000012078,4
000012084,4
000012090,4
000012096,4
000012102,4
000012108,4
000012114,4
000012120,4
000012126,4
000012132,4
000012138,4
000012144,4
000012150,4
000012156,4
000012162,4
000012168,4
000012174,4
000012180,4
000012186,4
000012192,4
000012198,4
000012204,4
000012210,4
000012216,4
000012222,4
000012228,4
000012234,4
000012240,4
000012246,4
000012252,4
000012258,4
000012264,4
000012270,4
000012276,4
000012282,4
000012288,2
000012294,2
000012300,2
000012306,2
000012312,2
000012318,2
000012324,2
000012330,2
000012336,2
000012342,2
000012348,2
000012354,2
000012360,2
000012366,2
000012372,2
000012378,2
000012384,2
000012390,2
000012396,2
000012402,2
000012408,2
000012414,2
000012420,2
000012426,2
000012432,2
000012438,2
000012444,2
000012450,2
000012456,2
000012462,2
000012468,2
000012474,2
000012480,2
000012486,2
000012492,2
000012498,2
000012504,2
000012510,2
000012516,2
000012522,2
000012528,2
000012534,2
000012540,2
000012546,2
000012552,2
000012558,2
000012564,2
000012570,2
000012576,2
000012582,2
000012588,2
000012594,2
000012600,2
000012606,2
000012612,2
000012618,2
000012624,2
000012630,2
000012636,3
000012642,3
000012648,3
000012654,3
000012660,3
000012666,3
000012672,3
000012678,3
000012684,3
000012690,3
000012696,3
000012702,3
000012708,3
000012714,3
000012720,3
000012726,3
000012732,3
000012738,3
000012744,3
000012750,3
000012756,3
000012762,3
000012768,3
000012774,3
000012780,3
000012786,3
000012792,3
000012798,3
000012804,3
000012810,3
000012816,3
000012822,3
000012828,3
000012834,3
000012840,3
000012846,3
000012852,3
000012858,3
000012864,3
000012870,3
000012876,3
000012882,3
000012888,3
000012894,3
000012900,3
000012906,3
000012912,3
000012918,3
000012924,3
000012930,3
000012936,3
000012942,3
000012948,3
000012954,3
000012960,3
000012966,3
000012972,3
000012978,3
000012984,3
000012990,3
000012996,3
000013002,3
000013008,3
000013014,3
000013020,3
000013026,3
000013032,3
000013038,3
000013044,3
000013050,3
000013056,3
000013062,3
000013068,3
000013074,3
000013080,3
000013086,3
000013092,3
000013098,3
000013104,3
000013110,3
000013116,3
000013122,3
000013128,3
000013134,3
000013140,3
000013146,3
000013152,3
000013158,3
000013164,3
000013170,3
000013176,3
000013182,3
000013188,3
000013194,3
000013200,3
000013206,3
000013212,3
000013218,3
000013224,3
000013230,3
000013236,3
000013242,3
000013248,3
000013254,3
000013260,3
000013266,3
000013272,3
000013278,3
000013284,3
000013290,3
000013296,3
000013302,3
000013308,3
000013314,3
000013320,3
000013326,3
000013332,3
000013338,3
000013344,3
000013350,3
000013356,3
000013362,3
000013368,3
000013374,3
000013380,3
000013386,3
000013392,3
000013398,3
000013404,3
000013410,3
000013416,3
000013422,3
000013428,3
000013434,3
000013440,3
000013446,3
000013452,3
000013458,3
000013464,3
000013470,3
000013476,3
000013482,3
000013488,3
000013494,3
000013500,3
000013506,3
000013512,3
000013518,3
000013524,3
000013530,3
000013536,3
000013542,3
000013548,3
000013554,3
000013560,3
000013566,3
000013572,3
000013578,3
000013584,3
000013590,3
000013596,3
000013602,3
000013608,4
000013614,4
000013620,4
000013626,4
000013632,4
000013638,4
000013644,4
000013650,4
000013656,4
000013662,4
000013668,4
000013674,4
000013680,4
000013686,4
000013692,4
000013698,4
000013704,4
000013710,4
000013716,4
000013722,4
000013728,4
000013734,4
000013740,4
000013746,4
000013752,4
000013758,4
000013764,4
000013770,4
000013776,4
000013782,4
000013788,4
000013794,4
000013800,4
000013806,4
000013812,4
000013818,4
000013824,4
000013830,4
000013836,4
000013842,4
000013848,4
000013854,4
000013860,4
000013866,4
000013872,4
000013878,4
000013884,4
000013890,2
000013896,2
000013902,2
000013908,2
000013914,2
000013920,2
000013926,2
000013932,2
000013938,2
000013944,2
000013950,2
000013956,2
000013962,2
000013968,2
000013974,2
000013980,2
000013986,2
000013992,2
000013998,2
000014004,2
000014010,2
000014016,2
000014022,2
000014028,2
000014034,2
000014040,2
000014046,2
000014052,2
000014058,2
000014064,2
000014070,2
000014076,2
000014082,2
000014088,2
000014094,2
000014100,2
000014106,2
000014112,2
000014118,2
000014124,2
000014130,2
000014136,2
000014142,2
000014148,2
000014154,2
000014160,2
000014166,2
000014172,2
000014178,2
000014184,2
000014190,2
000014196,2
000014202,2
000014208,2
000014214,2
000014220,2
000014226,2
000014232,2
000014238,2
000014244,2
000014250,2
000014256,2
000014262,2
000014268,2
000014274,2
000014280,2
000014286,2
000014292,2
000014298,2
000014304,2
000014310,2
000014316,2
000014322,2
000014328,2
000014334,2
000014340,2
000014346,2
000014352,2
000014358,2
000014364,2
000014370,2
000014376,2
000014382,2
000014388,2
000014394,2
000014400,2
000014406,2
000014412,2
000014418,2
000014424,3
000014430,3
000014436,3
000014442,3
000014448,3
000014454,3
000014460,3
000014466,3
000014472,3
000014478,3
000014484,3
000014490,3
000014496,3
000014502,3
000014508,3
000014514,3
000014520,3
000014526,3
000014532,3
000014538,3
000014544,3
000014550,3
000014556,3
000014562,3
000014568,3
000014574,3
000014580,3
000014586,3
000014592,3
000014598,3
000014604,3
000014610,3
000014616,3
000014622,3
000014628,3
000014634,3
000014640,3
000014646,3
000014652,3
000014658,3
000014664,3
000014670,3
000014676,3
000014682,3
000014688,3
000014694,3
000014700,3
000014706,3
000014712,3
000014718,3
000014724,3
000014730,3
000014736,3
000014742,3
000014748,3
000014754,3
000014760,3
000014766,3
000014772,3
000014778,3
000014784,3
000014790,3
000014796,3
000014802,3
000014808,3
000014814,3
000014820,3
000014826,3
000014832,3
000014838,3
000014844,3
000014850,4
000014856,4
000014862,4
000014868,4
000014874,4
000014880,4
000014886,4
000014892,4
000014898,4
000014904,4
000014910,4
000014916,4
000014922,4
000014928,4
000014934,4
000014940,4
000014946,4
000014952,4
000014958,4
000014964,4
000014970,4
000014976,4
000014982,4
000014988,4
000014994,4
000015000,4
000015006,4
000015012,4
000015018,4
000015024,4
000015030,4
000015036,4
000015042,4
000015048,4
000015054,4
000015060,4
000015066,4
000015072,4
000015078,4
000015084,4
000015090,4
000015096,2
000015102,2
000015108,2
000015114,2
000015120,2
000015126,2
000015132,2
000015138,2
000015144,2
000015150,2
000015156,2
000015162,2
000015168,2
000015174,2
000015180,2
000015186,2
000015192,2
000015198,2
000015204,2
000015210,2
000015216,2
000015222,2
000015228,2
000015234,2
000015240,2
000015246,2
000015252,2
000015258,2
000015264,2
000015270,2
000015276,2
000015282,2
000015288,2
000015294,2
000015300,2
000015306,2
000015312,2
000015318,2
000015324,2
000015330,2
000015336,2
000015342,2
000015348,2
000015354,2
000015360,2
000015366,2
000015372,2
000015378,2
000015384,2
000015390,2
000015396,2
000015402,2
000015408,2
000015414,2
000015420,2
000015426,2
000015432,2
000015438,2
000015444,2
000015450,2
000015456,2
000015462,2
000015468,2
000015474,2
000015480,2
000015486,2
000015492,2
000015498,2
000015504,2
000015510,2
000015516,2
000015522,2
000015528,2
000015534,2
000015540,2
000015546,2
000015552,2
000015558,2
000015564,2
000015570,2
000015576,2
000015582,2
000015588,2
000015594,2
000015600,2
000015606,2
000015612,2
000015618,2
000015624,2
000015630,2
000015636,2
000015642,2
000015648,2
000015654,2
000015660,2
000015666,2
000015672,2
000015678,2
000015684,2
000015690,2
000015696,2
000015702,2
000015708,2
000015714,2
000015720,2
000015726,2
000015732,2
000015738,2
000015744,2
000015750,2
000015756,2
000015762,2
000015768,2
000015774,2
000015780,2
000015786,2
000015792,2
000015798,2
000015804,2
000015810,2
000015816,2
000015822,2
000015828,2
000015834,2
000015840,2
000015846,2
000015852,2
000015858,2
000015864,2
000015870,2
000015876,2
000015882,2
000015888,2
000015894,2
000015900,2
000015906,2
000015912,2
000015918,2
000015924,2
000015930,2
000015936,2
000015942,2
000015948,2
000015954,2
000015960,2
000015966,2
000015972,2
000015978,2
000015984,2
000015990,2
000015996,2
000016002,2
000016008,2
000016014,2
000016020,2
000016026,3
000016032,3
000016038,3
000016044,3
000016050,3
000016056,3
000016062,3
000016068,3
000016074,3
000016080,3
000016086,3
000016092,3
000016098,3
000016104,3
000016110,3
000016116,3
000016122,3
000016128,3
000016134,3
000016140,3
000016146,3
000016152,3
000016158,3
000016164,3
000016170,3
000016176,3
000016182,3
000016188,3
000016194,3
000016200,3
000016206,3
000016212,3
000016218,3
000016224,3
000016230,3
000016236,3
000016242,3
000016248,3
000016254,3
000016260,3
000016266,3
000016272,3
000016278,3
000016284,3
000016290,3
000016296,3
000016302,3
000016308,3
000016314,3
000016320,3
000016326,3
000016332,3
000016338,3
000016344,3
000016350,3
000016356,3
000016362,3
000016368,3
000016374,3
000016380,3
000016386,3
000016392,3
000016398,3
000016404,3
000016410,3
000016416,3
000016422,3
000016428,3
000016434,3
000016440,3
000016446,3
000016452,3
000016458,3
000016464,3
000016470,3
000016476,3
000016482,3
000016488,3
000016494,3
000016500,3
000016506,3
000016512,3
000016518,3
000016524,3
000016530,3
000016536,3
000016542,3
000016548,3
000016554,3
000016560,3
000016566,3
000016572,3
000016578,3
000016584,3
000016590,3
000016596,3
000016602,3
000016608,3
000016614,3
000016620,3
000016626,3
000016632,3
000016638,3
000016644,3
000016650,3
000016656,3
000016662,3
000016668,3
000016674,3
000016680,3
000016686,3
000016692,3
000016698,3
000016704,3
000016710,3
000016716,3
000016722,3
000016728,3
000016734,3
000016740,3
000016746,3
000016752,3
000016758,3
000016764,3
000016770,3
000016776,3
000016782,3
000016788,3
000016794,3
000016800,3
000016806,3
000016812,3
000016818,3
000016824,3
000016830,3
000016836,3
000016842,3
000016848,3
000016854,3
000016860,4
000016866,4
000016872,4
000016878,4
000016884,4
000016890,4
000016896,4
000016902,4
000016908,4
000016914,4
000016920,4
000016926,4
000016932,4
000016938,4
000016944,4
000016950,4
000016956,4
000016962,4
000016968,4
000016974,4
000016980,4
000016986,4
000016992,4
000016998,4
000017004,4
000017010,4
000017016,4
000017022,4
000017028,4
000017034,4
000017040,4
000017046,4
000017052,4
000017058,4
000017064,4
000017070,4
000017076,4
000017082,4
000017088,4
000017094,4
000017100,4
000017106,4
000017112,4
000017118,4
000017124,4
000017130,4
000017136,4
000017142,4
000017148,4
000017154,4
000017160,4
000017166,4
000017172,4
000017178,4
000017184,4
000017190,4
000017196,4
000017202,4
000017208,4
000017214,4
000017220,4
000017226,4
000017232,2
000017238,2
000017244,2
000017250,2
000017256,2
000017262,2
000017268,2
000017274,2
000017280,2
000017286,2
000017292,2
000017298,2
000017304,2
000017310,2
000017316,2
000017322,2
000017328,2
000017334,2
000017340,2
000017346,2
000017352,2
000017358,2
000017364,2
000017370,2
000017376,2
000017382,2
000017388,2
000017394,2
000017400,2
000017406,2
000017412,2
000017418,2
000017424,2
000017430,2
000017436,2
000017442,2
000017448,2
000017454,2
000017460,2
000017466,2
000017472,2
000017478,2
000017484,2
000017490,2
000017496,2
000017502,2
000017508,2
000017514,2
000017520,2
000017526,2
000017532,2
000017538,2
000017544,2
000017550,2
000017556,2
000017562,2
000017568,2
000017574,2
000017580,2
000017586,2
000017592,2
000017598,2
000017604,2
000017610,2
000017616,2
000017622,2
000017628,2
000017634,2
000017640,2
000017646,2
000017652,2
000017658,2
000017664,2
000017670,2
000017676,2
000017682,2
000017688,2
000017694,2
000017700,2
000017706,2
000017712,2
000017718,3
000017724,3
000017730,3
000017736,3
000017742,3
000017748,3
000017754,3
000017760,3
000017766,3
000017772,3
000017778,3
000017784,3
000017790,3
000017796,3
000017802,3
000017808,3
000017814,3
000017820,3
000017826,3
000017832,3
000017838,3
000017844,3
000017850,3
000017856,3
000017862,3
000017868,3
000017874,3
000017880,3
000017886,3
000017892,3
000017898,3
000017904,3
000017910,3
000017916,3
000017922,3
000017928,3
000017934,3
000017940,3
000017946,3
000017952,3
000017958,3
000017964,3
000017970,3
000017976,3
000017982,3
000017988,3
000017994,3
000018000,3
000018006,3
000018012,3
000018018,3
000018024,3
000018030,3
000018036,3
000018042,3
000018048,3
000018054,3
000018060,3
000018066,3
000018072,3
000018078,3
000018084,3
000018090,3
000018096,3
000018102,3
000018108,3
000018114,3
000018120,3
000018126,3
000018132,3
000018138,3
000018144,3
000018150,3
000018156,3
000018162,3
000018168,3
000018174,3
000018180,3
000018186,3
000018192,3
000018198,3
000018204,3
000018210,4
000018216,4
000018222,4
000018228,4
000018234,4
000018240,4
000018246,4
000018252,4
000018258,4
000018264,4
000018270,4
000018276,4
000018282,4
000018288,4
000018294,4
000018300,4
000018306,4
000018312,4
000018318,4
000018324,4
000018330,4
000018336,4
000018342,4
000018348,4
000018354,4
000018360,4
000018366,4
000018372,4
000018378,4
000018384,4
000018390,4
000018396,4
000018402,4
000018408,4
000018414,4
000018420,4
000018426,4
000018432,4
000018438,4
000018444,4
000018450,4
000018456,4
000018462,4
000018468,4
000018474,4
000018480,4
000018486,4
000018492,4
000018498,4
000018504,4
000018510,2
000018516,2
000018522,2
000018528,2
000018534,2
000018540,2
000018546,2
000018552,2
000018558,2
000018564,2
000018570,2
000018576,2
000018582,2
000018588,2
000018594,2
000018600,2
000018606,2
000018612,2
000018618,2
000018624,2
000018630,2
000018636,2
000018642,2
000018648,2
000018654,2
000018660,2
000018666,2
000018672,2
000018678,2
000018684,2
000018690,2
000018696,2
000018702,2
000018708,2
000018714,2
000018720,2
000018726,2
000018732,2
000018738,2
000018744,2
000018750,2
000018756,2
000018762,2
000018768,2
000018774,2
000018780,2
000018786,2
000018792,2
000018798,2
000018804,2
000018810,2
000018816,2
000018822,2
000018828,2
000018834,2
000018840,2
000018846,2
000018852,2
000018858,2
000018864,2
000018870,2
000018876,2
000018882,2
000018888,2
000018894,2
000018900,2
000018906,2
000018912,2
000018918,2
000018924,2
000018930,2
000018936,2
000018942,2
000018948,2
000018954,2
000018960,2
000018966,2
000018972,2
000018978,2
000018984,2
000018990,2
000018996,2
000019002,2
000019008,2
000019014,2
000019020,2
000019026,2
000019032,2
000019038,2
000019044,2
000019050,2
000019056,3
000019062,3
000019068,3
000019074,3
000019080,3
000019086,3
000019092,3
000019098,3
000019104,3
000019110,3
000019116,3
000019122,3
000019128,3
000019134,3
000019140,3
000019146,3
000019152,3
000019158,3
000019164,3
000019170,3
000019176,3
000019182,3
000019188,3
000019194,3
000019200,3
000019206,3
000019212,3
000019218,3
000019224,3
000019230,3
000019236,3
000019242,3
000019248,3
000019254,3
000019260,3
000019266,3
000019272,3
000019278,3
000019284,3
000019290,3
000019296,3
000019302,3
000019308,3
000019314,3
000019320,3
000019326,3
000019332,3
000019338,3
000019344,3
000019350,3
000019356,3
000019362,3
000019368,3
000019374,3
000019380,3
000019386,3
000019392,3
000019398,3
000019404,3
000019410,3
000019416,3
000019422,3
000019428,3
000019434,3
000019440,3
000019446,3
000019452,3
000019458,3
000019464,3
000019470,3
000019476,3
000019482,3
000019488,3
000019494,3
000019500,3
000019506,3
000019512,3
000019518,3
000019524,3
000019530,3
000019536,3
000019542,3
000019548,3
000019554,3
000019560,3
000019566,3
000019572,3
000019578,3
000019584,3
000019590,3
000019596,3
000019602,3
000019608,3
000019614,3
000019620,3
000019626,3
000019632,3
000019638,3
000019644,3
000019650,3
000019656,3
000019662,3
000019668,3
000019674,3
000019680,3
000019686,3
000019692,3
000019698,3
000019704,3
000019710,3
000019716,3
000019722,3
000019728,3
000019734,3
000019740,3
000019746,3
000019752,3
000019758,3
000019764,3
000019770,3
000019776,3
000019782,3
000019788,3
000019794,3
000019800,3
000019806,3
000019812,3
000019818,3
000019824,3
000019830,3
000019836,3
000019842,3
000019848,3
000019854,3
000019860,3
000019866,3
000019872,3
000019878,3
000019884,3
000019890,3
000019896,3
000019902,3
000019908,3
000019914,3
000019920,3
000019926,3
000019932,3
000019938,3
000019944,3
000019950,3
000019956,3
000019962,3
000019968,3
000019974,3
000019980,3
000019986,3
000019992,3
000019998,3
000020004,3
000020010,3
000020016,3
000020022,3
000020028,3
000020034,3
000020040,3
000020046,3
000020052,3
000020058,3
000020064,3
000020070,3
000020076,3
000020082,3
000020088,3
000020094,3
000020100,3
000020106,3
000020112,3
000020118,3
000020124,3
000020130,3
000020136,3
000020142,3
000020148,3
000020154,3
000020160,3
000020166,3
000020172,3
000020178,3
000020184,3
000020190,3
000020196,3
000020202,3
000020208,3
000020214,3
000020220,3
000020226,3
000020232,3
000020238,3
000020244,3
000020250,3
000020256,3
000020262,3
000020268,3
000020274,3
000020280,3
000020286,3
000020292,3
000020298,3
000020304,3
000020310,4
000020316,4
000020322,4
000020328,4
000020334,4
000020340,4
000020346,4
000020352,4
000020358,4
000020364,4
000020370,4
000020376,4
000020382,4
000020388,4
000020394,4
000020400,4
000020406,4
000020412,4
000020418,4
000020424,4
000020430,4
000020436,4
000020442,4
000020448,4
000020454,4
000020460,4
000020466,4
000020472,4
000020478,4
000020484,4
000020490,4
000020496,4
000020502,4
000020508,4
000020514,4
000020520,4
000020526,4
000020532,4
000020538,4
000020544,4
000020550,4
000020556,4
000020562,4
000020568,4
000020574,4
000020580,4
000020586,4
000020592,4
000020598,4
000020604,4
000020610,4
000020616,4
000020622,4
000020628,4
000020634,4
000020640,4
000020646,4
000020652,4
000020658,4
000020664,4
000020670,4
000020676,4
000020682,4
000020688,4
000020694,4
000020700,4
000020706,4
000020712,4
000020718,4
000020724,4
000020730,4
000020736,4
000020742,4
000020748,4
000020754,4
000020760,4
000020766,4
000020772,4
000020778,4
000020784,4
000020790,4
000020796,4
000020802,4
000020808,4
000020814,4
000020820,4
000020826,4
000020832,4
000020838,4
000020844,4
000020850,4
000020856,4
000020862,4
000020868,4
000020874,4
000020880,4
000020886,4
000020892,4
000020898,4
000020904,4
000020910,4
000020916,4
000020922,4
000020928,4
000020934,2
000020940,2
000020946,2
000020952,2
000020958,2
000020964,2
000020970,2
000020976,2
000020982,2
000020988,2
000020994,2
000021000,2
000021006,2
000021012,2
000021018,2
000021024,2
000021030,2
000021036,2
000021042,2
000021048,2
000021054,2
000021060,2
000021066,2
000021072,2
000021078,2
000021084,2
000021090,2
000021096,2
000021102,2
000021108,2
000021114,2
000021120,2
000021126,2
000021132,2
000021138,2
000021144,2
000021150,2
000021156,2
000021162,2
000021168,2
000021174,2
000021180,2
000021186,2
000021192,2
000021198,2
000021204,2
000021210,2
000021216,2
000021222,2
000021228,2
000021234,2
000021240,2
000021246,2
000021252,2
000021258,2
000021264,2
000021270,2
000021276,2
000021282,2
000021288,2
000021294,2
000021300,2
000021306,2
000021312,2
000021318,2
000021324,2
000021330,2
000021336,2
000021342,2
000021348,2
000021354,2
000021360,2
000021366,2
000021372,2
000021378,2
000021384,2
000021390,2
000021396,2
000021402,2
000021408,2
000021414,2
000021420,2
000021426,2
000021432,2
000021438,2
000021444,2
000021450,2
000021456,2
000021462,2
000021468,2
000021474,2
000021480,2
000021486,2
000021492,2
000021498,2
000021504,2
000021510,2
000021516,2
000021522,2
000021528,2
000021534,2
000021540,2
000021546,2
000021552,2
000021558,2
000021564,2
000021570,2
000021576,2
000021582,2
000021588,2
000021594,2
000021600,2
000021606,2
000021612,2
000021618,2
000021624,2
000021630,2
000021636,2
000021642,2
000021648,2
000021654,2
000021660,2
000021666,2
000021672,2
000021678,2
000021684,2
000021690,2
000021696,2
000021702,2
000021708,2
000021714,3
000021720,3
000021726,3
000021732,3
000021738,3
000021744,3
000021750,3
000021756,3
000021762,3
000021768,3
000021774,3
000021780,3
000021786,3
000021792,3
000021798,3
000021804,3
000021810,3
000021816,3
000021822,3
000021828,3
000021834,3
000021840,3
000021846,3
000021852,3
000021858,3
000021864,3
000021870,3
000021876,3
000021882,3
000021888,3
000021894,3
000021900,3
000021906,3
000021912,3
000021918,3
000021924,3
000021930,3
000021936,3
000021942,3
000021948,3
000021954,3
000021960,3
000021966,3
000021972,3
000021978,3
000021984,3
000021990,3
000021996,3
000022002,3
000022008,3
000022014,3
000022020,3
000022026,3
000022032,3
000022038,3
000022044,3
000022050,3
000022056,3
000022062,3
000022068,3
000022074,3
000022080,3
000022086,3
000022092,3
000022098,3
000022104,3
000022110,3
000022116,3
000022122,3
000022128,3
000022134,3
000022140,3
000022146,3
000022152,3
000022158,4
000022164,4
000022170,4
000022176,4
000022182,4
000022188,4
000022194,4
000022200,4
000022206,4
000022212,4
000022218,4
000022224,4
000022230,4
000022236,4
000022242,4
000022248,4
000022254,4
000022260,4
000022266,4
000022272,4
000022278,4
000022284,4
000022290,4
000022296,4
000022302,4
000022308,4
000022314,4
000022320,4
000022326,4
000022332,4
000022338,4
000022344,4
000022350,4
000022356,4
000022362,4
000022368,4
000022374,4
000022380,4
000022386,4
000022392,4
000022398,4
000022404,4
000022410,4
000022416,7
000022422,7
000022428,7
000022434,7
000022440,7
000022446,7
000022452,7
000022458,7
000022464,7
000022470,7
000022476,7
000022482,7
000022488,7
000022494,7
000022500,7
000022506,7
000022512,7
000022518,7
000022524,7
000022530,7
000022536,7
000022542,7
000022548,7
000022554,7
000022560,7
000022566,7
000022572,7
000022578,7
000022584,7
000022590,7
000022596,7
000022602,7
000022608,7
000022614,7
000022620,7
000022626,7
000022632,7
000022638,7
000022644,7
000022650,7
000022656,7
000022662,7
000022668,7
000022674,7
000022680,7
000022686,7
000022692,7
000022698,7
000022704,7
000022710,7
000022716,7
000022722,7
000022728,7
000022734,7
000022740,7
000022746,7
000022752,7
000022758,7
000022764,7
000022770,7
000022776,7
000022782,7
000022788,7
000022794,7
000022800,7
000022806,7
000022812,7
000022818,7
000022824,7
000022830,7
000022836,7
000022842,7
000022848,7
000022854,7
000022860,7
000022866,0
000022872,0
000022878,0
000022884,0
000022890,0
000022896,0
000022902,0
000022908,0
000022914,0
000022920,0
000022926,0
000022932,0
000022938,0
