000000000,0
000000006,0
000000012,0
000000018,0
000000024,0
000000030,0
000000036,1
000000042,1
000000048,1
000000054,1
000000060,1
000000066,1
000000072,1
000000078,1
000000084,1
000000090,1
000000096,1
000000102,1
000000108,1
000000114,1
000000120,1
000000126,2
000000132,2
000000138,2
000000144,2
000000150,2
000000156,2
000000162,2
000000168,2
000000174,2
000000180,2
000000186,2
000000192,2
000000198,2
000000204,2
000000210,2
000000216,2
000000222,2
000000228,2
000000234,2
000000240,2
000000246,2
000000252,2
000000258,2
000000264,2
000000270,2
000000276,2
000000282,2
000000288,2
000000294,2
000000300,2
000000306,2
000000312,2
000000318,2
000000324,2
000000330,2
000000336,2
000000342,2
000000348,2
000000354,2
000000360,2
000000366,2
000000372,2
000000378,2
000000384,2
000000390,2
000000396,2
000000402,2
000000408,2
000000414,2
000000420,2
000000426,2
000000432,2
000000438,2
000000444,2
000000450,2
000000456,2
000000462,2
000000468,2
000000474,2
000000480,2
000000486,2
000000492,2
000000498,2
000000504,2
000000510,2
000000516,2
000000522,2
000000528,2
000000534,2
000000540,2
000000546,2
000000552,2
000000558,2
000000564,2
000000570,2
000000576,2
000000582,2
000000588,2
000000594,2
000000600,2
000000606,2
000000612,2
000000618,2
000000624,2
000000630,2
000000636,2
000000642,2
000000648,2
000000654,2
000000660,2
000000666,3
000000672,3
000000678,3
000000684,3
000000690,3
000000696,3
000000702,3
000000708,3
000000714,3
000000720,3
000000726,3
000000732,3
000000738,3
000000744,3
000000750,3
000000756,3
000000762,3
000000768,3
000000774,3
000000780,3
000000786,3
000000792,3
000000798,3
000000804,3
000000810,3
000000816,3
000000822,3
000000828,3
000000834,3
000000840,3
000000846,3
000000852,3
000000858,3
000000864,3
000000870,3
000000876,3
000000882,3
000000888,3
000000894,3
000000900,3
000000906,3
000000912,3
000000918,3
000000924,3
000000930,3
000000936,3
000000942,3
000000948,3
000000954,3
000000960,3
000000966,3
000000972,3
000000978,3
000000984,3
000000990,3
000000996,3
000001002,3
000001008,3
000001014,3
000001020,4
000001026,4
000001032,4
000001038,4
000001044,4
000001050,4
000001056,4
000001062,4
000001068,4
000001074,4
000001080,4
000001086,4
000001092,4
000001098,4
000001104,4
000001110,4
000001116,4
000001122,4
000001128,4
000001134,4
000001140,4
000001146,4
000001152,4
000001158,4
000001164,4
000001170,4
000001176,4
000001182,4
000001188,4
000001194,4
000001200,4
000001206,4
000001212,4
000001218,4
000001224,4
000001230,4
000001236,4
000001242,4
000001248,4
000001254,4
000001260,4
000001266,5
000001272,5
000001278,5
000001284,5
000001290,5
000001296,5
000001302,5
000001308,5
000001314,5
000001320,5
000001326,5
000001332,5
000001338,5
000001344,5
000001350,5
000001356,5
000001362,5
000001368,5
000001374,5
000001380,5
000001386,5
000001392,5
000001398,5
000001404,5
000001410,5
000001416,5
000001422,5
000001428,5
000001434,5
000001440,5
000001446,5
000001452,5
000001458,5
000001464,5
000001470,5
000001476,5
000001482,5
000001488,5
000001494,5
000001500,5
000001506,5
000001512,5
000001518,5
000001524,5
000001530,5
000001536,5
000001542,5
000001548,5
000001554,5
000001560,5
000001566,5
000001572,5
000001578,5
000001584,5
000001590,5
000001596,5
000001602,5
000001608,5
000001614,5
000001620,5
000001626,5
000001632,5
000001638,5
000001644,5
000001650,5
000001656,5
000001662,5
000001668,5
000001674,5
000001680,5
000001686,5
000001692,5
000001698,5
000001704,5
000001710,5
000001716,5
000001722,5
000001728,5
000001734,5
000001740,5
000001746,5
000001752,5
000001758,5
000001764,5
000001770,5
000001776,5
000001782,5
000001788,5
000001794,5
000001800,5
000001806,5
000001812,5
000001818,5
000001824,5
000001830,5
000001836,5
000001842,5
000001848,5
000001854,5
000001860,5
000001866,5
000001872,5
000001878,5
000001884,5
000001890,5
000001896,5
000001902,5
000001908,5
000001914,5
000001920,5
000001926,5
000001932,5
000001938,5
000001944,5
000001950,5
000001956,5
000001962,1
000001968,1
000001974,1
000001980,1
000001986,1
000001992,1
000001998,1
000002004,1
000002010,1
000002016,1
000002022,1
000002028,1
000002034,1
000002040,1
000002046,1
000002052,1
000002058,1
000002064,1
000002070,1
000002076,1
000002082,1
000002088,1
000002094,1
000002100,1
000002106,1
000002112,1
000002118,1
000002124,1
000002130,1
000002136,1
000002142,1
000002148,1
000002154,1
000002160,1
000002166,1
000002172,1
000002178,1
000002184,1
000002190,1
000002196,1
000002202,2
000002208,2
000002214,2
000002220,2
000002226,2
000002232,2
000002238,2
000002244,2
000002250,2
000002256,2
000002262,2
000002268,2
000002274,2
000002280,2
000002286,2
000002292,2
000002298,2
000002304,2
000002310,2
000002316,2
000002322,2
000002328,2
000002334,2
000002340,2
000002346,2
000002352,2
000002358,2
000002364,2
000002370,2
000002376,2
000002382,2
000002388,2
000002394,2
000002400,2
000002406,2
000002412,2
000002418,2
000002424,2
000002430,2
000002436,2
000002442,2
000002448,2
000002454,2
000002460,2
000002466,2
000002472,2
000002478,2
000002484,2
000002490,2
000002496,2
000002502,2
000002508,2
000002514,2
000002520,2
000002526,2
000002532,2
000002538,2
000002544,3
000002550,3
000002556,3
000002562,3
000002568,3
000002574,3
000002580,3
000002586,3
000002592,3
000002598,3
000002604,3
000002610,3
000002616,3
000002622,3
000002628,3
000002634,3
000002640,3
000002646,3
000002652,3
000002658,3
000002664,3
000002670,3
000002676,3
000002682,3
000002688,3
000002694,3
000002700,3
000002706,3
000002712,3
000002718,3
000002724,3
000002730,3
000002736,3
000002742,3
000002748,3
000002754,3
000002760,3
000002766,3
000002772,3
000002778,3
000002784,3
000002790,3
000002796,3
000002802,3
000002808,3
000002814,3
000002820,3
000002826,3
000002832,3
000002838,3
000002844,3
000002850,3
000002856,3
000002862,3
000002868,3
000002874,3
000002880,3
000002886,3
000002892,3
000002898,3
000002904,3
000002910,3
000002916,3
000002922,3
000002928,3
000002934,3
000002940,3
000002946,3
000002952,3
000002958,3
000002964,3
000002970,3
000002976,3
000002982,3
000002988,3
000002994,3
000003000,3
000003006,3
000003012,3
000003018,3
000003024,3
000003030,3
000003036,3
000003042,3
000003048,3
000003054,3
000003060,3
000003066,3
000003072,3
000003078,3
000003084,3
000003090,3
000003096,3
000003102,3
000003108,3
000003114,3
000003120,3
000003126,3
000003132,3
000003138,3
000003144,3
000003150,3
000003156,3
000003162,3
000003168,3
000003174,3
000003180,3
000003186,3
000003192,3
000003198,3
000003204,3
000003210,3
000003216,3
000003222,4
000003228,4
000003234,4
000003240,4
000003246,4
000003252,4
000003258,4
000003264,4
000003270,4
000003276,4
000003282,4
000003288,4
000003294,4
000003300,4
000003306,4
000003312,4
000003318,4
000003324,4
000003330,4
000003336,4
000003342,4
000003348,4
000003354,4
000003360,4
000003366,4
000003372,4
000003378,4
000003384,4
000003390,4
000003396,4
000003402,4
000003408,4
000003414,4
000003420,4
000003426,4
000003432,2
000003438,2
000003444,2
000003450,2
000003456,2
000003462,2
000003468,2
000003474,2
000003480,2
000003486,2
000003492,2
000003498,2
000003504,2
000003510,2
000003516,2
000003522,2
000003528,2
000003534,2
000003540,2
000003546,2
000003552,2
000003558,2
000003564,2
000003570,2
000003576,2
000003582,2
000003588,2
000003594,2
000003600,2
000003606,2
000003612,2
000003618,2
000003624,2
000003630,2
000003636,2
000003642,2
000003648,2
000003654,2
000003660,2
000003666,2
000003672,2
000003678,2
000003684,2
000003690,3
000003696,3
000003702,3
000003708,3
000003714,3
000003720,3
000003726,3
000003732,3
000003738,3
000003744,3
000003750,3
000003756,3
000003762,3
000003768,3
000003774,3
000003780,3
000003786,3
000003792,3
000003798,3
000003804,3
000003810,3
000003816,3
000003822,3
000003828,3
000003834,3
000003840,3
000003846,3
000003852,3
000003858,3
000003864,3
000003870,3
000003876,3
000003882,3
000003888,3
000003894,3
000003900,3
000003906,3
000003912,3
000003918,3
000003924,3
000003930,3
000003936,3
000003942,3
000003948,3
000003954,3
000003960,3
000003966,3
000003972,3
000003978,3
000003984,3
000003990,3
000003996,3
000004002,3
000004008,3
000004014,3
000004020,3
000004026,3
000004032,3
000004038,4
000004044,4
000004050,4
000004056,4
000004062,4
000004068,4
000004074,4
000004080,4
000004086,4
000004092,4
000004098,4
000004104,4
000004110,4
000004116,4
000004122,4
000004128,4
000004134,4
000004140,4
000004146,4
000004152,4
000004158,4
000004164,4
000004170,4
000004176,4
000004182,4
000004188,4
000004194,4
000004200,4
000004206,4
000004212,4
000004218,4
000004224,0
000004230,0
000004236,0
000004242,0
000004248,0
000004254,0
000004260,0
000004266,0
000004272,0
000004278,0
000004284,0
000004290,0
000004296,0
000004302,0
000004308,0
000004314,0
000004320,0
000004326,0
000004332,0
000004338,0
000004344,0
000004350,0
000004356,0
000004362,0
000004368,0
000004374,0
000004380,0
000004386,0
000004392,0
000004398,0
000004404,0
000004410,0
000004416,0
000004422,0
000004428,0
000004434,0
000004440,0
000004446,0
000004452,0
000004458,0
000004464,0
000004470,0
000004476,0
000004482,0
000004488,0
000004494,0
000004500,0
000004506,0
000004512,0
000004518,0
000004524,0
000004530,0
000004536,0
000004542,0
000004548,0
000004554,0
000004560,0
000004566,0
000004572,0
000004578,0
000004584,0
000004590,0
000004596,0
000004602,0
000004608,0
000004614,0
000004620,0
000004626,0
000004632,0
000004638,0
000004644,0
000004650,0
000004656,0
000004662,0
000004668,0
000004674,0
000004680,0
000004686,0
000004692,0
000004698,0
000004704,0
000004710,0
000004716,0
000004722,0
000004728,0
000004734,0
000004740,0
000004746,0
000004752,0
000004758,0
000004764,0
000004770,0
000004776,0
000004782,0
000004788,0
000004794,0
000004800,0
000004806,0
000004812,0
000004818,0
000004824,0
000004830,0
000004836,0
000004842,0
000004848,0
000004854,0
000004860,0
000004866,0
000004872,0
000004878,0
000004884,0
000004890,0
000004896,0
000004902,0
000004908,0
000004914,2
000004920,2
000004926,2
000004932,2
000004938,2
000004944,2
000004950,2
000004956,2
000004962,2
000004968,2
000004974,2
000004980,2
000004986,2
000004992,2
000004998,2
000005004,2
000005010,2
000005016,2
000005022,2
000005028,2
000005034,2
000005040,2
000005046,2
000005052,2
000005058,2
000005064,2
000005070,2
000005076,2
000005082,2
000005088,2
000005094,2
000005100,2
000005106,2
000005112,2
000005118,2
000005124,2
000005130,2
000005136,2
000005142,2
000005148,2
000005154,2
000005160,2
000005166,2
000005172,2
000005178,2
000005184,2
000005190,2
000005196,2
000005202,2
000005208,2
000005214,2
000005220,2
000005226,2
000005232,2
000005238,2
000005244,2
000005250,3
000005256,3
000005262,3
000005268,3
000005274,3
000005280,3
000005286,3
000005292,3
000005298,3
000005304,3
000005310,3
000005316,3
000005322,3
000005328,3
000005334,3
000005340,3
000005346,3
000005352,3
000005358,3
000005364,3
000005370,3
000005376,3
000005382,3
000005388,3
000005394,3
000005400,3
000005406,3
000005412,3
000005418,3
000005424,3
000005430,3
000005436,3
000005442,3
000005448,3
000005454,3
000005460,3
000005466,3
000005472,3
000005478,3
000005484,3
000005490,3
000005496,3
000005502,3
000005508,3
000005514,3
000005520,3
000005526,3
000005532,3
000005538,3
000005544,3
000005550,3
000005556,3
000005562,3
000005568,3
000005574,3
000005580,3
000005586,3
000005592,3
000005598,3
000005604,4
000005610,4
000005616,4
000005622,4
000005628,4
000005634,4
000005640,4
000005646,4
000005652,4
000005658,4
000005664,4
000005670,4
000005676,4
000005682,4
000005688,4
000005694,4
000005700,4
000005706,4
000005712,4
000005718,4
000005724,4
000005730,4
000005736,4
000005742,4
000005748,4
000005754,4
000005760,4
000005766,4
000005772,4
000005778,4
000005784,4
000005790,4
000005796,4
000005802,4
000005808,4
000005814,4
000005820,4
000005826,4
000005832,4
000005838,4
000005844,4
000005850,4
000005856,4
000005862,4
000005868,4
000005874,0
000005880,0
000005886,0
000005892,0
000005898,0
000005904,0
000005910,0
000005916,0
000005922,0
000005928,0
000005934,0
000005940,0
000005946,0
000005952,0
000005958,0
000005964,0
000005970,0
000005976,0
000005982,0
000005988,0
000005994,0
000006000,0
000006006,0
000006012,0
000006018,0
000006024,0
000006030,0
000006036,0
000006042,0
000006048,0
000006054,0
000006060,0
000006066,0
000006072,0
000006078,4
000006084,4
000006090,4
000006096,4
000006102,4
000006108,4
000006114,4
000006120,4
000006126,4
000006132,4
000006138,4
000006144,4
000006150,4
000006156,4
000006162,4
000006168,4
000006174,4
000006180,4
000006186,4
000006192,4
000006198,4
000006204,4
000006210,4
000006216,4
000006222,4
000006228,4
000006234,4
000006240,4
000006246,4
000006252,4
000006258,4
000006264,4
000006270,4
000006276,4
000006282,4
000006288,4
000006294,4
000006300,4
000006306,4
000006312,4
000006318,4
000006324,4
000006330,4
000006336,4
000006342,4
000006348,4
000006354,4
000006360,4
000006366,4
000006372,4
000006378,4
000006384,4
000006390,4
000006396,4
000006402,4
000006408,4
000006414,4
000006420,4
000006426,4
000006432,4
000006438,4
000006444,4
000006450,4
000006456,4
000006462,4
000006468,4
000006474,4
000006480,4
000006486,4
000006492,4
000006498,4
000006504,4
000006510,4
000006516,4
000006522,4
000006528,4
000006534,4
000006540,4
000006546,4
000006552,4
000006558,4
000006564,4
000006570,4
000006576,4
000006582,4
000006588,4
000006594,4
000006600,4
000006606,4
000006612,4
000006618,4
000006624,4
000006630,4
000006636,4
000006642,4
000006648,6
000006654,6
000006660,6
000006666,6
000006672,6
000006678,6
000006684,6
000006690,6
000006696,6
000006702,6
000006708,6
000006714,6
000006720,6
000006726,6
000006732,6
000006738,6
000006744,6
000006750,6
000006756,6
000006762,6
000006768,6
000006774,6
000006780,6
000006786,6
000006792,6
000006798,6
000006804,6
000006810,6
000006816,6
000006822,6
000006828,6
000006834,6
000006840,6
000006846,6
000006852,6
000006858,6
000006864,6
000006870,6
000006876,6
000006882,6
000006888,6
000006894,6
000006900,6
000006906,6
000006912,6
000006918,6
000006924,6
000006930,6
000006936,6
000006942,6
000006948,6
000006954,6
000006960,6
000006966,6
000006972,6
000006978,6
000006984,6
000006990,6
000006996,6
000007002,6
000007008,6
000007014,6
000007020,6
000007026,6
000007032,6
000007038,6
000007044,6
000007050,6
000007056,6
000007062,6
000007068,6
000007074,6
000007080,6
000007086,6
000007092,6
000007098,6
000007104,6
000007110,6
000007116,6
000007122,6
000007128,6
000007134,6
000007140,6
000007146,6
000007152,6
000007158,6
000007164,6
000007170,6
000007176,6
000007182,6
000007188,6
000007194,6
000007200,6
000007206,6
000007212,6
000007218,6
000007224,6
000007230,6
000007236,6
000007242,6
000007248,6
000007254,6
000007260,6
000007266,1
000007272,1
000007278,1
000007284,1
000007290,1
000007296,1
000007302,1
000007308,1
000007314,1
000007320,1
000007326,1
000007332,1
000007338,1
000007344,1
000007350,1
000007356,1
000007362,1
000007368,1
000007374,1
000007380,1
000007386,1
000007392,1
000007398,1
000007404,1
000007410,1
000007416,1
000007422,1
000007428,1
000007434,1
000007440,7
000007446,7
000007452,7
000007458,7
000007464,7
000007470,7
000007476,7
000007482,7
000007488,7
000007494,7
000007500,7
000007506,7
000007512,7
000007518,7
000007524,7
000007530,7
000007536,7
000007542,7
000007548,7
000007554,7
000007560,7
000007566,7
000007572,7
000007578,7
000007584,7
000007590,7
000007596,7
000007602,7
000007608,7
000007614,7
000007620,7
000007626,7
000007632,7
000007638,7
000007644,7
000007650,7
000007656,7
000007662,7
000007668,7
000007674,7
000007680,7
000007686,7
000007692,7
000007698,7
000007704,7
000007710,7
000007716,7
000007722,7
000007728,7
000007734,7
000007740,7
000007746,7
000007752,7
000007758,7
000007764,7
000007770,7
000007776,7
000007782,7
000007788,0
000007794,0
000007800,0
000007806,0
000007812,0
000007818,0
000007824,0
000007830,0
000007836,0
000007842,0
000007848,0
000007854,0
000007860,0
000007866,0
