00000 01689 0 
01690 01773 1 
01774 02150 2 
02151 02464 3 
02465 02945 4 
02946 04390 5 
04391 04909 1 
04910 05535 2 
05536 05995 3 
05996 06771 4 
06772 07017 2 
07018 07237 3 
07238 07854 4 
07855 08202 0 
08203 08328 2 
08329 08561 3 
08562 09071 4 
09072 09622 0 
09623 09984 2 
09985 10302 3 
10303 10642 4 
10643 10857 2 
10858 11413 3 
11414 11436 4 
11437 11538 0 
11539 12093 4 
12094 12310 2 
12311 12770 3 
12771 12960 4 
12961 13283 0 
13284 13509 3 
13510 13903 0 
13904 14128 3 
14129 14408 4 
14409 14592 2 
14593 14762 3 
14763 14916 4 
14917 15124 2 
15125 15299 3 
15300 15483 4 
15484 15559 2 
15560 16004 3 
16005 16576 4 
16577 18568 5 
18569 19381 0 
19382 19813 6 
19814 19965 1 
19966 20222 7 
20223 20297 0 
