000000000,0
000000006,0
000000012,0
000000018,0
000000024,0
000000030,0
000000036,0
000000042,0
000000048,0
000000054,0
000000060,0
000000066,0
000000072,0
000000078,0
000000084,0
000000090,0
000000096,0
000000102,0
000000108,0
000000114,0
000000120,0
000000126,0
000000132,0
000000138,0
000000144,0
000000150,0
000000156,0
000000162,0
000000168,0
000000174,0
000000180,0
000000186,0
000000192,0
000000198,0
000000204,0
000000210,0
000000216,0
000000222,0
000000228,0
000000234,0
000000240,0
000000246,0
000000252,0
000000258,0
000000264,0
000000270,0
000000276,0
000000282,0
000000288,0
000000294,0
000000300,0
000000306,0
000000312,0
000000318,0
000000324,0
000000330,0
000000336,0
000000342,0
000000348,0
000000354,0
000000360,0
000000366,0
000000372,0
000000378,0
000000384,0
000000390,0
000000396,0
000000402,0
000000408,0
000000414,0
000000420,0
000000426,0
000000432,0
000000438,0
000000444,0
000000450,0
000000456,0
000000462,0
000000468,0
000000474,0
000000480,0
000000486,0
000000492,0
000000498,0
000000504,0
000000510,0
000000516,0
000000522,0
000000528,0
000000534,0
000000540,0
000000546,0
000000552,0
000000558,0
000000564,0
000000570,0
000000576,0
000000582,0
000000588,0
000000594,0
000000600,0
000000606,0
000000612,0
000000618,0
000000624,0
000000630,0
000000636,0
000000642,0
000000648,0
000000654,0
000000660,0
000000666,0
000000672,0
000000678,0
000000684,0
000000690,0
000000696,0
000000702,0
000000708,0
000000714,0
000000720,0
000000726,0
000000732,0
000000738,0
000000744,0
000000750,0
000000756,0
000000762,0
000000768,0
000000774,0
000000780,0
000000786,0
000000792,0
000000798,0
000000804,0
000000810,0
000000816,0
000000822,0
000000828,0
000000834,0
000000840,0
000000846,0
000000852,0
000000858,0
000000864,0
000000870,0
000000876,0
000000882,0
000000888,0
000000894,0
000000900,0
000000906,0
000000912,0
000000918,0
000000924,0
000000930,0
000000936,0
000000942,0
000000948,0
000000954,0
000000960,0
000000966,0
000000972,0
000000978,0
000000984,0
000000990,0
000000996,0
000001002,0
000001008,0
000001014,0
000001020,0
000001026,0
000001032,0
000001038,0
000001044,0
000001050,0
000001056,0
000001062,0
000001068,0
000001074,0
000001080,0
000001086,0
000001092,0
000001098,0
000001104,0
000001110,0
000001116,0
000001122,0
000001128,0
000001134,0
000001140,0
000001146,0
000001152,0
000001158,0
000001164,0
000001170,0
000001176,0
000001182,0
000001188,0
000001194,0
000001200,0
000001206,0
000001212,0
000001218,0
000001224,0
000001230,0
000001236,0
000001242,0
000001248,0
000001254,0
000001260,0
000001266,0
000001272,0
000001278,0
000001284,0
000001290,0
000001296,0
000001302,0
000001308,0
000001314,0
000001320,0
000001326,0
000001332,0
000001338,0
000001344,0
000001350,0
000001356,0
000001362,0
000001368,0
000001374,0
000001380,0
000001386,0
000001392,0
000001398,0
000001404,0
000001410,0
000001416,0
000001422,0
000001428,0
000001434,0
000001440,0
000001446,0
000001452,0
000001458,0
000001464,0
000001470,0
000001476,0
000001482,0
000001488,0
000001494,0
000001500,0
000001506,0
000001512,0
000001518,0
000001524,0
000001530,0
000001536,0
000001542,0
000001548,0
000001554,0
000001560,0
000001566,0
000001572,0
000001578,0
000001584,0
000001590,0
000001596,0
000001602,0
000001608,0
000001614,0
000001620,0
000001626,0
000001632,0
000001638,0
000001644,0
000001650,0
000001656,0
000001662,0
000001668,0
000001674,0
000001680,0
000001686,1
000001692,1
000001698,1
000001704,1
000001710,1
000001716,1
000001722,1
000001728,1
000001734,1
000001740,1
000001746,1
000001752,1
000001758,1
000001764,1
000001770,2
000001776,2
000001782,2
000001788,2
000001794,2
000001800,2
000001806,2
000001812,2
000001818,2
000001824,2
000001830,2
000001836,2
000001842,2
000001848,2
000001854,2
000001860,2
000001866,2
000001872,2
000001878,2
000001884,2
000001890,2
000001896,2
000001902,2
000001908,2
000001914,2
000001920,2
000001926,2
000001932,2
000001938,2
000001944,2
000001950,2
000001956,2
000001962,2
000001968,2
000001974,2
000001980,2
000001986,2
000001992,2
000001998,2
000002004,2
000002010,2
000002016,2
000002022,2
000002028,2
000002034,2
000002040,2
000002046,2
000002052,2
000002058,2
000002064,2
000002070,2
000002076,2
000002082,2
000002088,2
000002094,2
000002100,2
000002106,2
000002112,2
000002118,2
000002124,2
000002130,2
000002136,2
000002142,2
000002148,3
000002154,3
000002160,3
000002166,3
000002172,3
000002178,3
000002184,3
000002190,3
000002196,3
000002202,3
000002208,3
000002214,3
000002220,3
000002226,3
000002232,3
000002238,3
000002244,3
000002250,3
000002256,3
000002262,3
000002268,3
000002274,3
000002280,3
000002286,3
000002292,3
000002298,3
000002304,3
000002310,3
000002316,3
000002322,3
000002328,3
000002334,3
000002340,3
000002346,3
000002352,3
000002358,3
000002364,3
000002370,3
000002376,3
000002382,3
000002388,3
000002394,3
000002400,3
000002406,3
000002412,3
000002418,3
000002424,3
000002430,3
000002436,3
000002442,3
000002448,3
000002454,3
000002460,4
000002466,4
000002472,4
000002478,4
000002484,4
000002490,4
000002496,4
000002502,4
000002508,4
000002514,4
000002520,4
000002526,4
000002532,4
000002538,4
000002544,4
000002550,4
000002556,4
000002562,4
000002568,4
000002574,4
000002580,4
000002586,4
000002592,4
000002598,4
000002604,4
000002610,4
000002616,4
000002622,4
000002628,4
000002634,4
000002640,4
000002646,4
000002652,4
000002658,4
000002664,4
000002670,4
000002676,4
000002682,4
000002688,4
000002694,4
000002700,4
000002706,4
000002712,4
000002718,4
000002724,4
000002730,4
000002736,4
000002742,4
000002748,4
000002754,4
000002760,4
000002766,4
000002772,4
000002778,4
000002784,4
000002790,4
000002796,4
000002802,4
000002808,4
000002814,4
000002820,4
000002826,4
000002832,4
000002838,4
000002844,4
000002850,4
000002856,4
000002862,4
000002868,4
000002874,4
000002880,4
000002886,4
000002892,4
000002898,4
000002904,4
000002910,4
000002916,4
000002922,4
000002928,4
000002934,4
000002940,4
000002946,5
000002952,5
000002958,5
000002964,5
000002970,5
000002976,5
000002982,5
000002988,5
000002994,5
000003000,5
000003006,5
000003012,5
000003018,5
000003024,5
000003030,5
000003036,5
000003042,5
000003048,5
000003054,5
000003060,5
000003066,5
000003072,5
000003078,5
000003084,5
000003090,5
000003096,5
000003102,5
000003108,5
000003114,5
000003120,5
000003126,5
000003132,5
000003138,5
000003144,5
000003150,5
000003156,5
000003162,5
000003168,5
000003174,5
000003180,5
000003186,5
000003192,5
000003198,5
000003204,5
000003210,5
000003216,5
000003222,5
000003228,5
000003234,5
000003240,5
000003246,5
000003252,5
000003258,5
000003264,5
000003270,5
000003276,5
000003282,5
000003288,5
000003294,5
000003300,5
000003306,5
000003312,5
000003318,5
000003324,5
000003330,5
000003336,5
000003342,5
000003348,5
000003354,5
000003360,5
000003366,5
000003372,5
000003378,5
000003384,5
000003390,5
000003396,5
000003402,5
000003408,5
000003414,5
000003420,5
000003426,5
000003432,5
000003438,5
000003444,5
000003450,5
000003456,5
000003462,5
000003468,5
000003474,5
000003480,5
000003486,5
000003492,5
000003498,5
000003504,5
000003510,5
000003516,5
000003522,5
000003528,5
000003534,5
000003540,5
000003546,5
000003552,5
000003558,5
000003564,5
000003570,5
000003576,5
000003582,5
000003588,5
000003594,5
000003600,5
000003606,5
000003612,5
000003618,5
000003624,5
000003630,5
000003636,5
000003642,5
000003648,5
000003654,5
000003660,5
000003666,5
000003672,5
000003678,5
000003684,5
000003690,5
000003696,5
000003702,5
000003708,5
000003714,5
000003720,5
000003726,5
000003732,5
000003738,5
000003744,5
000003750,5
000003756,5
000003762,5
000003768,5
000003774,5
000003780,5
000003786,5
000003792,5
000003798,5
000003804,5
000003810,5
000003816,5
000003822,5
000003828,5
000003834,5
000003840,5
000003846,5
000003852,5
000003858,5
000003864,5
000003870,5
000003876,5
000003882,5
000003888,5
000003894,5
000003900,5
000003906,5
000003912,5
000003918,5
000003924,5
000003930,5
000003936,5
000003942,5
000003948,5
000003954,5
000003960,5
000003966,5
000003972,5
000003978,5
000003984,5
000003990,5
000003996,5
000004002,5
000004008,5
000004014,5
000004020,5
000004026,5
000004032,5
000004038,5
000004044,5
000004050,5
000004056,5
000004062,5
000004068,5
000004074,5
000004080,5
000004086,5
000004092,5
000004098,5
000004104,5
000004110,5
000004116,5
000004122,5
000004128,5
000004134,5
000004140,5
000004146,5
000004152,5
000004158,5
000004164,5
000004170,5
000004176,5
000004182,5
000004188,5
000004194,5
000004200,5
000004206,5
000004212,5
000004218,5
000004224,5
000004230,5
000004236,5
000004242,5
000004248,5
000004254,5
000004260,5
000004266,5
000004272,5
000004278,5
000004284,5
000004290,5
000004296,5
000004302,5
000004308,5
000004314,5
000004320,5
000004326,5
000004332,5
000004338,5
000004344,5
000004350,5
000004356,5
000004362,5
000004368,5
000004374,5
000004380,5
000004386,1
000004392,1
000004398,1
000004404,1
000004410,1
000004416,1
000004422,1
000004428,1
000004434,1
000004440,1
000004446,1
000004452,1
000004458,1
000004464,1
000004470,1
000004476,1
000004482,1
000004488,1
000004494,1
000004500,1
000004506,1
000004512,1
000004518,1
000004524,1
000004530,1
000004536,1
000004542,1
000004548,1
000004554,1
000004560,1
000004566,1
000004572,1
000004578,1
000004584,1
000004590,1
000004596,1
000004602,1
000004608,1
000004614,1
000004620,1
000004626,1
000004632,1
000004638,1
000004644,1
000004650,1
000004656,1
000004662,1
000004668,1
000004674,1
000004680,1
000004686,1
000004692,1
000004698,1
000004704,1
000004710,1
000004716,1
000004722,1
000004728,1
000004734,1
000004740,1
000004746,1
000004752,1
000004758,1
000004764,1
000004770,1
000004776,1
000004782,1
000004788,1
000004794,1
000004800,1
000004806,1
000004812,1
000004818,1
000004824,1
000004830,1
000004836,1
000004842,1
000004848,1
000004854,1
000004860,1
000004866,1
000004872,1
000004878,1
000004884,1
000004890,1
000004896,1
000004902,1
000004908,2
000004914,2
000004920,2
000004926,2
000004932,2
000004938,2
000004944,2
000004950,2
000004956,2
000004962,2
000004968,2
000004974,2
000004980,2
000004986,2
000004992,2
000004998,2
000005004,2
000005010,2
000005016,2
000005022,2
000005028,2
000005034,2
000005040,2
000005046,2
000005052,2
000005058,2
000005064,2
000005070,2
000005076,2
000005082,2
000005088,2
000005094,2
000005100,2
000005106,2
000005112,2
000005118,2
000005124,2
000005130,2
000005136,2
000005142,2
000005148,2
000005154,2
000005160,2
000005166,2
000005172,2
000005178,2
000005184,2
000005190,2
000005196,2
000005202,2
000005208,2
000005214,2
000005220,2
000005226,2
000005232,2
000005238,2
000005244,2
000005250,2
000005256,2
000005262,2
000005268,2
000005274,2
000005280,2
000005286,2
000005292,2
000005298,2
000005304,2
000005310,2
000005316,2
000005322,2
000005328,2
000005334,2
000005340,2
000005346,2
000005352,2
000005358,2
000005364,2
000005370,2
000005376,2
000005382,2
000005388,2
000005394,2
000005400,2
000005406,2
000005412,2
000005418,2
000005424,2
000005430,2
000005436,2
000005442,2
000005448,2
000005454,2
000005460,2
000005466,2
000005472,2
000005478,2
000005484,2
000005490,2
000005496,2
000005502,2
000005508,2
000005514,2
000005520,2
000005526,2
000005532,3
000005538,3
000005544,3
000005550,3
000005556,3
000005562,3
000005568,3
000005574,3
000005580,3
000005586,3
000005592,3
000005598,3
000005604,3
000005610,3
000005616,3
000005622,3
000005628,3
000005634,3
000005640,3
000005646,3
000005652,3
000005658,3
000005664,3
000005670,3
000005676,3
000005682,3
000005688,3
000005694,3
000005700,3
000005706,3
000005712,3
000005718,3
000005724,3
000005730,3
000005736,3
000005742,3
000005748,3
000005754,3
000005760,3
000005766,3
000005772,3
000005778,3
000005784,3
000005790,3
000005796,3
000005802,3
000005808,3
000005814,3
000005820,3
000005826,3
000005832,3
000005838,3
000005844,3
000005850,3
000005856,3
000005862,3
000005868,3
000005874,3
000005880,3
000005886,3
000005892,3
000005898,3
000005904,3
000005910,3
000005916,3
000005922,3
000005928,3
000005934,3
000005940,3
000005946,3
000005952,3
000005958,3
000005964,3
000005970,3
000005976,3
000005982,3
000005988,3
000005994,4
000006000,4
000006006,4
000006012,4
000006018,4
000006024,4
000006030,4
000006036,4
000006042,4
000006048,4
000006054,4
000006060,4
000006066,4
000006072,4
000006078,4
000006084,4
000006090,4
000006096,4
000006102,4
000006108,4
000006114,4
000006120,4
000006126,4
000006132,4
000006138,4
000006144,4
000006150,4
000006156,4
000006162,4
000006168,4
000006174,4
000006180,4
000006186,4
000006192,4
000006198,4
000006204,4
000006210,4
000006216,4
000006222,4
000006228,4
000006234,4
000006240,4
000006246,4
000006252,4
000006258,4
000006264,4
000006270,4
000006276,4
000006282,4
000006288,4
000006294,4
000006300,4
000006306,4
000006312,4
000006318,4
000006324,4
000006330,4
000006336,4
000006342,4
000006348,4
000006354,4
000006360,4
000006366,4
000006372,4
000006378,4
000006384,4
000006390,4
000006396,4
000006402,4
000006408,4
000006414,4
000006420,4
000006426,4
000006432,4
000006438,4
000006444,4
000006450,4
000006456,4
000006462,4
000006468,4
000006474,4
000006480,4
000006486,4
000006492,4
000006498,4
000006504,4
000006510,4
000006516,4
000006522,4
000006528,4
000006534,4
000006540,4
000006546,4
000006552,4
000006558,4
000006564,4
000006570,4
000006576,4
000006582,4
000006588,4
000006594,4
000006600,4
000006606,4
000006612,4
000006618,4
000006624,4
000006630,4
000006636,4
000006642,4
000006648,4
000006654,4
000006660,4
000006666,4
000006672,4
000006678,4
000006684,4
000006690,4
000006696,4
000006702,4
000006708,4
000006714,4
000006720,4
000006726,4
000006732,4
000006738,4
000006744,4
000006750,4
000006756,4
000006762,4
000006768,2
000006774,2
000006780,2
000006786,2
000006792,2
000006798,2
000006804,2
000006810,2
000006816,2
000006822,2
000006828,2
000006834,2
000006840,2
000006846,2
000006852,2
000006858,2
000006864,2
000006870,2
000006876,2
000006882,2
000006888,2
000006894,2
000006900,2
000006906,2
000006912,2
000006918,2
000006924,2
000006930,2
000006936,2
000006942,2
000006948,2
000006954,2
000006960,2
000006966,2
000006972,2
000006978,2
000006984,2
000006990,2
000006996,2
000007002,2
000007008,2
000007014,3
000007020,3
000007026,3
000007032,3
000007038,3
000007044,3
000007050,3
000007056,3
000007062,3
000007068,3
000007074,3
000007080,3
000007086,3
000007092,3
000007098,3
000007104,3
000007110,3
000007116,3
000007122,3
000007128,3
000007134,3
000007140,3
000007146,3
000007152,3
000007158,3
000007164,3
000007170,3
000007176,3
000007182,3
000007188,3
000007194,3
000007200,3
000007206,3
000007212,3
000007218,3
000007224,3
000007230,3
000007236,4
000007242,4
000007248,4
000007254,4
000007260,4
000007266,4
000007272,4
000007278,4
000007284,4
000007290,4
000007296,4
000007302,4
000007308,4
000007314,4
000007320,4
000007326,4
000007332,4
000007338,4
000007344,4
000007350,4
000007356,4
000007362,4
000007368,4
000007374,4
000007380,4
000007386,4
000007392,4
000007398,4
000007404,4
000007410,4
000007416,4
000007422,4
000007428,4
000007434,4
000007440,4
000007446,4
000007452,4
000007458,4
000007464,4
000007470,4
000007476,4
000007482,4
000007488,4
000007494,4
000007500,4
000007506,4
000007512,4
000007518,4
000007524,4
000007530,4
000007536,4
000007542,4
000007548,4
000007554,4
000007560,4
000007566,4
000007572,4
000007578,4
000007584,4
000007590,4
000007596,4
000007602,4
000007608,4
000007614,4
000007620,4
000007626,4
000007632,4
000007638,4
000007644,4
000007650,4
000007656,4
000007662,4
000007668,4
000007674,4
000007680,4
000007686,4
000007692,4
000007698,4
000007704,4
000007710,4
000007716,4
000007722,4
000007728,4
000007734,4
000007740,4
000007746,4
000007752,4
000007758,4
000007764,4
000007770,4
000007776,4
000007782,4
000007788,4
000007794,4
000007800,4
000007806,4
000007812,4
000007818,4
000007824,4
000007830,4
000007836,4
000007842,4
000007848,4
000007854,0
000007860,0
000007866,0
000007872,0
000007878,0
000007884,0
000007890,0
000007896,0
000007902,0
000007908,0
000007914,0
000007920,0
000007926,0
000007932,0
000007938,0
000007944,0
000007950,0
000007956,0
000007962,0
000007968,0
000007974,0
000007980,0
000007986,0
000007992,0
000007998,0
000008004,0
000008010,0
000008016,0
000008022,0
000008028,0
000008034,0
000008040,0
000008046,0
000008052,0
000008058,0
000008064,0
000008070,0
000008076,0
000008082,0
000008088,0
000008094,0
000008100,0
000008106,0
000008112,0
000008118,0
000008124,0
000008130,0
000008136,0
000008142,0
000008148,0
000008154,0
000008160,0
000008166,0
000008172,0
000008178,0
000008184,0
000008190,0
000008196,0
000008202,2
000008208,2
000008214,2
000008220,2
000008226,2
000008232,2
000008238,2
000008244,2
000008250,2
000008256,2
000008262,2
000008268,2
000008274,2
000008280,2
000008286,2
000008292,2
000008298,2
000008304,2
000008310,2
000008316,2
000008322,2
000008328,3
000008334,3
000008340,3
000008346,3
000008352,3
000008358,3
000008364,3
000008370,3
000008376,3
000008382,3
000008388,3
000008394,3
000008400,3
000008406,3
000008412,3
000008418,3
000008424,3
000008430,3
000008436,3
000008442,3
000008448,3
000008454,3
000008460,3
000008466,3
000008472,3
000008478,3
000008484,3
000008490,3
000008496,3
000008502,3
000008508,3
000008514,3
000008520,3
000008526,3
000008532,3
000008538,3
000008544,3
000008550,3
000008556,3
000008562,4
000008568,4
000008574,4
000008580,4
000008586,4
000008592,4
000008598,4
000008604,4
000008610,4
000008616,4
000008622,4
000008628,4
000008634,4
000008640,4
000008646,4
000008652,4
000008658,4
000008664,4
000008670,4
000008676,4
000008682,4
000008688,4
000008694,4
000008700,4
000008706,4
000008712,4
000008718,4
000008724,4
000008730,4
000008736,4
000008742,4
000008748,4
000008754,4
000008760,4
000008766,4
000008772,4
000008778,4
000008784,4
000008790,4
000008796,4
000008802,4
000008808,4
000008814,4
000008820,4
000008826,4
000008832,4
000008838,4
000008844,4
000008850,4
000008856,4
000008862,4
000008868,4
000008874,4
000008880,4
000008886,4
000008892,4
000008898,4
000008904,4
000008910,4
000008916,4
000008922,4
000008928,4
000008934,4
000008940,4
000008946,4
000008952,4
000008958,4
000008964,4
000008970,4
000008976,4
000008982,4
000008988,4
000008994,4
000009000,4
000009006,4
000009012,4
000009018,4
000009024,4
000009030,4
000009036,4
000009042,4
000009048,4
000009054,4
000009060,4
000009066,4
000009072,0
000009078,0
000009084,0
000009090,0
000009096,0
000009102,0
000009108,0
000009114,0
000009120,0
000009126,0
000009132,0
000009138,0
000009144,0
000009150,0
000009156,0
000009162,0
000009168,0
000009174,0
000009180,0
000009186,0
000009192,0
000009198,0
000009204,0
000009210,0
000009216,0
000009222,0
000009228,0
000009234,0
000009240,0
000009246,0
000009252,0
000009258,0
000009264,0
000009270,0
000009276,0
000009282,0
000009288,0
000009294,0
000009300,0
000009306,0
000009312,0
000009318,0
000009324,0
000009330,0
000009336,0
000009342,0
000009348,0
000009354,0
000009360,0
000009366,0
000009372,0
000009378,0
000009384,0
000009390,0
000009396,0
000009402,0
000009408,0
000009414,0
000009420,0
000009426,0
000009432,0
000009438,0
000009444,0
000009450,0
000009456,0
000009462,0
000009468,0
000009474,0
000009480,0
000009486,0
000009492,0
000009498,0
000009504,0
000009510,0
000009516,0
000009522,0
000009528,0
000009534,0
000009540,0
000009546,0
000009552,0
000009558,0
000009564,0
000009570,0
000009576,0
000009582,0
000009588,0
000009594,0
000009600,0
000009606,0
000009612,0
000009618,2
000009624,2
000009630,2
000009636,2
000009642,2
000009648,2
000009654,2
000009660,2
000009666,2
000009672,2
000009678,2
000009684,2
000009690,2
000009696,2
000009702,2
000009708,2
000009714,2
000009720,2
000009726,2
000009732,2
000009738,2
000009744,2
000009750,2
000009756,2
000009762,2
000009768,2
000009774,2
000009780,2
000009786,2
000009792,2
000009798,2
000009804,2
000009810,2
000009816,2
000009822,2
000009828,2
000009834,2
000009840,2
000009846,2
000009852,2
000009858,2
000009864,2
000009870,2
000009876,2
000009882,2
000009888,2
000009894,2
000009900,2
000009906,2
000009912,2
000009918,2
000009924,2
000009930,2
000009936,2
000009942,2
000009948,2
000009954,2
000009960,2
000009966,2
000009972,2
000009978,2
000009984,3
000009990,3
000009996,3
000010002,3
000010008,3
000010014,3
000010020,3
000010026,3
000010032,3
000010038,3
000010044,3
000010050,3
000010056,3
000010062,3
000010068,3
000010074,3
000010080,3
000010086,3
000010092,3
000010098,3
000010104,3
000010110,3
000010116,3
000010122,3
000010128,3
000010134,3
000010140,3
000010146,3
000010152,3
000010158,3
000010164,3
000010170,3
000010176,3
000010182,3
000010188,3
000010194,3
000010200,3
000010206,3
000010212,3
000010218,3
000010224,3
000010230,3
000010236,3
000010242,3
000010248,3
000010254,3
000010260,3
000010266,3
000010272,3
000010278,3
000010284,3
000010290,3
000010296,3
000010302,4
000010308,4
000010314,4
000010320,4
000010326,4
000010332,4
000010338,4
000010344,4
000010350,4
000010356,4
000010362,4
000010368,4
000010374,4
000010380,4
000010386,4
000010392,4
000010398,4
000010404,4
000010410,4
000010416,4
000010422,4
000010428,4
000010434,4
000010440,4
000010446,4
000010452,4
000010458,4
000010464,4
000010470,4
000010476,4
000010482,4
000010488,4
000010494,4
000010500,4
000010506,4
000010512,4
000010518,4
000010524,4
000010530,4
000010536,4
000010542,4
000010548,4
000010554,4
000010560,4
000010566,4
000010572,4
000010578,4
000010584,4
000010590,4
000010596,4
000010602,4
000010608,4
000010614,4
000010620,4
000010626,4
000010632,4
000010638,2
000010644,2
000010650,2
000010656,2
000010662,2
000010668,2
000010674,2
000010680,2
000010686,2
000010692,2
000010698,2
000010704,2
000010710,2
000010716,2
000010722,2
000010728,2
000010734,2
000010740,2
000010746,2
000010752,2
000010758,2
000010764,2
000010770,2
000010776,2
000010782,2
000010788,2
000010794,2
000010800,2
000010806,2
000010812,2
000010818,2
000010824,2
000010830,2
000010836,2
000010842,2
000010848,2
000010854,3
000010860,3
000010866,3
000010872,3
000010878,3
000010884,3
000010890,3
000010896,3
000010902,3
000010908,3
000010914,3
000010920,3
000010926,3
000010932,3
000010938,3
000010944,3
000010950,3
000010956,3
000010962,3
000010968,3
000010974,3
000010980,3
000010986,3
000010992,3
000010998,3
000011004,3
000011010,3
000011016,3
000011022,3
000011028,3
000011034,3
000011040,3
000011046,3
000011052,3
000011058,3
000011064,3
000011070,3
000011076,3
000011082,3
000011088,3
000011094,3
000011100,3
000011106,3
000011112,3
000011118,3
000011124,3
000011130,3
000011136,3
000011142,3
000011148,3
000011154,3
000011160,3
000011166,3
000011172,3
000011178,3
000011184,3
000011190,3
000011196,3
000011202,3
000011208,3
000011214,3
000011220,3
000011226,3
000011232,3
000011238,3
000011244,3
000011250,3
000011256,3
000011262,3
000011268,3
000011274,3
000011280,3
000011286,3
000011292,3
000011298,3
000011304,3
000011310,3
000011316,3
000011322,3
000011328,3
000011334,3
000011340,3
000011346,3
000011352,3
000011358,3
000011364,3
000011370,3
000011376,3
000011382,3
000011388,3
000011394,3
000011400,3
000011406,3
000011412,4
000011418,4
000011424,4
000011430,4
000011436,0
000011442,0
000011448,0
000011454,0
000011460,0
000011466,0
000011472,0
000011478,0
000011484,0
000011490,0
000011496,0
000011502,0
000011508,0
000011514,0
000011520,0
000011526,0
000011532,0
000011538,4
000011544,4
000011550,4
000011556,4
000011562,4
000011568,4
000011574,4
000011580,4
000011586,4
000011592,4
000011598,4
000011604,4
000011610,4
000011616,4
000011622,4
000011628,4
000011634,4
000011640,4
000011646,4
000011652,4
000011658,4
000011664,4
000011670,4
000011676,4
000011682,4
000011688,4
000011694,4
000011700,4
000011706,4
000011712,4
000011718,4
000011724,4
000011730,4
000011736,4
000011742,4
000011748,4
000011754,4
000011760,4
000011766,4
000011772,4
000011778,4
000011784,4
000011790,4
000011796,4
000011802,4
000011808,4
000011814,4
000011820,4
000011826,4
000011832,4
000011838,4
000011844,4
000011850,4
000011856,4
000011862,4
000011868,4
000011874,4
000011880,4
000011886,4
000011892,4
000011898,4
000011904,4
000011910,4
000011916,4
000011922,4
000011928,4
000011934,4
000011940,4
000011946,4
000011952,4
000011958,4
000011964,4
000011970,4
000011976,4
000011982,4
000011988,4
000011994,4
000012000,4
000012006,4
000012012,4
000012018,4
000012024,4
000012030,4
000012036,4
000012042,4
000012048,4
000012054,4
000012060,4
000012066,4
000012072,4
000012078,4
000012084,4
000012090,2
000012096,2
000012102,2
000012108,2
000012114,2
000012120,2
000012126,2
000012132,2
000012138,2
000012144,2
000012150,2
000012156,2
000012162,2
000012168,2
000012174,2
000012180,2
000012186,2
000012192,2
000012198,2
000012204,2
000012210,2
000012216,2
000012222,2
000012228,2
000012234,2
000012240,2
000012246,2
000012252,2
000012258,2
000012264,2
000012270,2
000012276,2
000012282,2
000012288,2
000012294,2
000012300,2
000012306,3
000012312,3
000012318,3
000012324,3
000012330,3
000012336,3
000012342,3
000012348,3
000012354,3
000012360,3
000012366,3
000012372,3
000012378,3
000012384,3
000012390,3
000012396,3
000012402,3
000012408,3
000012414,3
000012420,3
000012426,3
000012432,3
000012438,3
000012444,3
000012450,3
000012456,3
000012462,3
000012468,3
000012474,3
000012480,3
000012486,3
000012492,3
000012498,3
000012504,3
000012510,3
000012516,3
000012522,3
000012528,3
000012534,3
000012540,3
000012546,3
000012552,3
000012558,3
000012564,3
000012570,3
000012576,3
000012582,3
000012588,3
000012594,3
000012600,3
000012606,3
000012612,3
000012618,3
000012624,3
000012630,3
000012636,3
000012642,3
000012648,3
000012654,3
000012660,3
000012666,3
000012672,3
000012678,3
000012684,3
000012690,3
000012696,3
000012702,3
000012708,3
000012714,3
000012720,3
000012726,3
000012732,3
000012738,3
000012744,3
000012750,3
000012756,3
000012762,3
000012768,4
000012774,4
000012780,4
000012786,4
000012792,4
000012798,4
000012804,4
000012810,4
000012816,4
000012822,4
000012828,4
000012834,4
000012840,4
000012846,4
000012852,4
000012858,4
000012864,4
000012870,4
000012876,4
000012882,4
000012888,4
000012894,4
000012900,4
000012906,4
000012912,4
000012918,4
000012924,4
000012930,4
000012936,4
000012942,4
000012948,4
000012954,4
000012960,0
000012966,0
000012972,0
000012978,0
000012984,0
000012990,0
000012996,0
000013002,0
000013008,0
000013014,0
000013020,0
000013026,0
000013032,0
000013038,0
000013044,0
000013050,0
000013056,0
000013062,0
000013068,0
000013074,0
000013080,0
000013086,0
000013092,0
000013098,0
000013104,0
000013110,0
000013116,0
000013122,0
000013128,0
000013134,0
000013140,0
000013146,0
000013152,0
000013158,0
000013164,0
000013170,0
000013176,0
000013182,0
000013188,0
000013194,0
000013200,0
000013206,0
000013212,0
000013218,0
000013224,0
000013230,0
000013236,0
000013242,0
000013248,0
000013254,0
000013260,0
000013266,0
000013272,0
000013278,0
000013284,3
000013290,3
000013296,3
000013302,3
000013308,3
000013314,3
000013320,3
000013326,3
000013332,3
000013338,3
000013344,3
000013350,3
000013356,3
000013362,3
000013368,3
000013374,3
000013380,3
000013386,3
000013392,3
000013398,3
000013404,3
000013410,3
000013416,3
000013422,3
000013428,3
000013434,3
000013440,3
000013446,3
000013452,3
000013458,3
000013464,3
000013470,3
000013476,3
000013482,3
000013488,3
000013494,3
000013500,3
000013506,0
000013512,0
000013518,0
000013524,0
000013530,0
000013536,0
000013542,0
000013548,0
000013554,0
000013560,0
000013566,0
000013572,0
000013578,0
000013584,0
000013590,0
000013596,0
000013602,0
000013608,0
000013614,0
000013620,0
000013626,0
000013632,0
000013638,0
000013644,0
000013650,0
000013656,0
000013662,0
000013668,0
000013674,0
000013680,0
000013686,0
000013692,0
000013698,0
000013704,0
000013710,0
000013716,0
000013722,0
000013728,0
000013734,0
000013740,0
000013746,0
000013752,0
000013758,0
000013764,0
000013770,0
000013776,0
000013782,0
000013788,0
000013794,0
000013800,0
000013806,0
000013812,0
000013818,0
000013824,0
000013830,0
000013836,0
000013842,0
000013848,0
000013854,0
000013860,0
000013866,0
000013872,0
000013878,0
000013884,0
000013890,0
000013896,0
000013902,3
000013908,3
000013914,3
000013920,3
000013926,3
000013932,3
000013938,3
000013944,3
000013950,3
000013956,3
000013962,3
000013968,3
000013974,3
000013980,3
000013986,3
000013992,3
000013998,3
000014004,3
000014010,3
000014016,3
000014022,3
000014028,3
000014034,3
000014040,3
000014046,3
000014052,3
000014058,3
000014064,3
000014070,3
000014076,3
000014082,3
000014088,3
000014094,3
000014100,3
000014106,3
000014112,3
000014118,3
000014124,4
000014130,4
000014136,4
000014142,4
000014148,4
000014154,4
000014160,4
000014166,4
000014172,4
000014178,4
000014184,4
000014190,4
000014196,4
000014202,4
000014208,4
000014214,4
000014220,4
000014226,4
000014232,4
000014238,4
000014244,4
000014250,4
000014256,4
000014262,4
000014268,4
000014274,4
000014280,4
000014286,4
000014292,4
000014298,4
000014304,4
000014310,4
000014316,4
000014322,4
000014328,4
000014334,4
000014340,4
000014346,4
000014352,4
000014358,4
000014364,4
000014370,4
000014376,4
000014382,4
000014388,4
000014394,4
000014400,4
000014406,2
000014412,2
000014418,2
000014424,2
000014430,2
000014436,2
000014442,2
000014448,2
000014454,2
000014460,2
000014466,2
000014472,2
000014478,2
000014484,2
000014490,2
000014496,2
000014502,2
000014508,2
000014514,2
000014520,2
000014526,2
000014532,2
000014538,2
000014544,2
000014550,2
000014556,2
000014562,2
000014568,2
000014574,2
000014580,2
000014586,2
000014592,3
000014598,3
000014604,3
000014610,3
000014616,3
000014622,3
000014628,3
000014634,3
000014640,3
000014646,3
000014652,3
000014658,3
000014664,3
000014670,3
000014676,3
000014682,3
000014688,3
000014694,3
000014700,3
000014706,3
000014712,3
000014718,3
000014724,3
000014730,3
000014736,3
000014742,3
000014748,3
000014754,3
000014760,4
000014766,4
000014772,4
000014778,4
000014784,4
000014790,4
000014796,4
000014802,4
000014808,4
000014814,4
000014820,4
000014826,4
000014832,4
000014838,4
000014844,4
000014850,4
000014856,4
000014862,4
000014868,4
000014874,4
000014880,4
000014886,4
000014892,4
000014898,4
000014904,4
000014910,4
000014916,2
000014922,2
000014928,2
000014934,2
000014940,2
000014946,2
000014952,2
000014958,2
000014964,2
000014970,2
000014976,2
000014982,2
000014988,2
000014994,2
000015000,2
000015006,2
000015012,2
000015018,2
000015024,2
000015030,2
000015036,2
000015042,2
000015048,2
000015054,2
000015060,2
000015066,2
000015072,2
000015078,2
000015084,2
000015090,2
000015096,2
000015102,2
000015108,2
000015114,2
000015120,3
000015126,3
000015132,3
000015138,3
000015144,3
000015150,3
000015156,3
000015162,3
000015168,3
000015174,3
000015180,3
000015186,3
000015192,3
000015198,3
000015204,3
000015210,3
000015216,3
000015222,3
000015228,3
000015234,3
000015240,3
000015246,3
000015252,3
000015258,3
000015264,3
000015270,3
000015276,3
000015282,3
000015288,3
000015294,3
000015300,4
000015306,4
000015312,4
000015318,4
000015324,4
000015330,4
000015336,4
000015342,4
000015348,4
000015354,4
000015360,4
000015366,4
000015372,4
000015378,4
000015384,4
000015390,4
000015396,4
000015402,4
000015408,4
000015414,4
000015420,4
000015426,4
000015432,4
000015438,4
000015444,4
000015450,4
000015456,4
000015462,4
000015468,4
000015474,4
000015480,2
000015486,2
000015492,2
000015498,2
000015504,2
000015510,2
000015516,2
000015522,2
000015528,2
000015534,2
000015540,2
000015546,2
000015552,2
000015558,3
000015564,3
000015570,3
000015576,3
000015582,3
000015588,3
000015594,3
000015600,3
000015606,3
000015612,3
000015618,3
000015624,3
000015630,3
000015636,3
000015642,3
000015648,3
000015654,3
000015660,3
000015666,3
000015672,3
000015678,3
000015684,3
000015690,3
000015696,3
000015702,3
000015708,3
000015714,3
000015720,3
000015726,3
000015732,3
000015738,3
000015744,3
000015750,3
000015756,3
000015762,3
000015768,3
000015774,3
000015780,3
000015786,3
000015792,3
000015798,3
000015804,3
000015810,3
000015816,3
000015822,3
000015828,3
000015834,3
000015840,3
000015846,3
000015852,3
000015858,3
000015864,3
000015870,3
000015876,3
000015882,3
000015888,3
000015894,3
000015900,3
000015906,3
000015912,3
000015918,3
000015924,3
000015930,3
000015936,3
000015942,3
000015948,3
000015954,3
000015960,3
000015966,3
000015972,3
000015978,3
000015984,3
000015990,3
000015996,3
000016002,4
000016008,4
000016014,4
000016020,4
000016026,4
000016032,4
000016038,4
000016044,4
000016050,4
000016056,4
000016062,4
000016068,4
000016074,4
000016080,4
000016086,4
000016092,4
000016098,4
000016104,4
000016110,4
000016116,4
000016122,4
000016128,4
000016134,4
000016140,4
000016146,4
000016152,4
000016158,4
000016164,4
000016170,4
000016176,4
000016182,4
000016188,4
000016194,4
000016200,4
000016206,4
000016212,4
000016218,4
000016224,4
000016230,4
000016236,4
000016242,4
000016248,4
000016254,4
000016260,4
000016266,4
000016272,4
000016278,4
000016284,4
000016290,4
000016296,4
000016302,4
000016308,4
000016314,4
000016320,4
000016326,4
000016332,4
000016338,4
000016344,4
000016350,4
000016356,4
000016362,4
000016368,4
000016374,4
000016380,4
000016386,4
000016392,4
000016398,4
000016404,4
000016410,4
000016416,4
000016422,4
000016428,4
000016434,4
000016440,4
000016446,4
000016452,4
000016458,4
000016464,4
000016470,4
000016476,4
000016482,4
000016488,4
000016494,4
000016500,4
000016506,4
000016512,4
000016518,4
000016524,4
000016530,4
000016536,4
000016542,4
000016548,4
000016554,4
000016560,4
000016566,4
000016572,5
000016578,5
000016584,5
000016590,5
000016596,5
000016602,5
000016608,5
000016614,5
000016620,5
000016626,5
000016632,5
000016638,5
000016644,5
000016650,5
000016656,5
000016662,5
000016668,5
000016674,5
000016680,5
000016686,5
000016692,5
000016698,5
000016704,5
000016710,5
000016716,5
000016722,5
000016728,5
000016734,5
000016740,5
000016746,5
000016752,5
000016758,5
000016764,5
000016770,5
000016776,5
000016782,5
000016788,5
000016794,5
000016800,5
000016806,5
000016812,5
000016818,5
000016824,5
000016830,5
000016836,5
000016842,5
000016848,5
000016854,5
000016860,5
000016866,5
000016872,5
000016878,5
000016884,5
000016890,5
000016896,5
000016902,5
000016908,5
000016914,5
000016920,5
000016926,5
000016932,5
000016938,5
000016944,5
000016950,5
000016956,5
000016962,5
000016968,5
000016974,5
000016980,5
000016986,5
000016992,5
000016998,5
000017004,5
000017010,5
000017016,5
000017022,5
000017028,5
000017034,5
000017040,5
000017046,5
000017052,5
000017058,5
000017064,5
000017070,5
000017076,5
000017082,5
000017088,5
000017094,5
000017100,5
000017106,5
000017112,5
000017118,5
000017124,5
000017130,5
000017136,5
000017142,5
000017148,5
000017154,5
000017160,5
000017166,5
000017172,5
000017178,5
000017184,5
000017190,5
000017196,5
000017202,5
000017208,5
000017214,5
000017220,5
000017226,5
000017232,5
000017238,5
000017244,5
000017250,5
000017256,5
000017262,5
000017268,5
000017274,5
000017280,5
000017286,5
000017292,5
000017298,5
000017304,5
000017310,5
000017316,5
000017322,5
000017328,5
000017334,5
000017340,5
000017346,5
000017352,5
000017358,5
000017364,5
000017370,5
000017376,5
000017382,5
000017388,5
000017394,5
000017400,5
000017406,5
000017412,5
000017418,5
000017424,5
000017430,5
000017436,5
000017442,5
000017448,5
000017454,5
000017460,5
000017466,5
000017472,5
000017478,5
000017484,5
000017490,5
000017496,5
000017502,5
000017508,5
000017514,5
000017520,5
000017526,5
000017532,5
000017538,5
000017544,5
000017550,5
000017556,5
000017562,5
000017568,5
000017574,5
000017580,5
000017586,5
000017592,5
000017598,5
000017604,5
000017610,5
000017616,5
000017622,5
000017628,5
000017634,5
000017640,5
000017646,5
000017652,5
000017658,5
000017664,5
000017670,5
000017676,5
000017682,5
000017688,5
000017694,5
000017700,5
000017706,5
000017712,5
000017718,5
000017724,5
000017730,5
000017736,5
000017742,5
000017748,5
000017754,5
000017760,5
000017766,5
000017772,5
000017778,5
000017784,5
000017790,5
000017796,5
000017802,5
000017808,5
000017814,5
000017820,5
000017826,5
000017832,5
000017838,5
000017844,5
000017850,5
000017856,5
000017862,5
000017868,5
000017874,5
000017880,5
000017886,5
000017892,5
000017898,5
000017904,5
000017910,5
000017916,5
000017922,5
000017928,5
000017934,5
000017940,5
000017946,5
000017952,5
000017958,5
000017964,5
000017970,5
000017976,5
000017982,5
000017988,5
000017994,5
000018000,5
000018006,5
000018012,5
000018018,5
000018024,5
000018030,5
000018036,5
000018042,5
000018048,5
000018054,5
000018060,5
000018066,5
000018072,5
000018078,5
000018084,5
000018090,5
000018096,5
000018102,5
000018108,5
000018114,5
000018120,5
000018126,5
000018132,5
000018138,5
000018144,5
000018150,5
000018156,5
000018162,5
000018168,5
000018174,5
000018180,5
000018186,5
000018192,5
000018198,5
000018204,5
000018210,5
000018216,5
000018222,5
000018228,5
000018234,5
000018240,5
000018246,5
000018252,5
000018258,5
000018264,5
000018270,5
000018276,5
000018282,5
000018288,5
000018294,5
000018300,5
000018306,5
000018312,5
000018318,5
000018324,5
000018330,5
000018336,5
000018342,5
000018348,5
000018354,5
000018360,5
000018366,5
000018372,5
000018378,5
000018384,5
000018390,5
000018396,5
000018402,5
000018408,5
000018414,5
000018420,5
000018426,5
000018432,5
000018438,5
000018444,5
000018450,5
000018456,5
000018462,5
000018468,5
000018474,5
000018480,5
000018486,5
000018492,5
000018498,5
000018504,5
000018510,5
000018516,5
000018522,5
000018528,5
000018534,5
000018540,5
000018546,5
000018552,5
000018558,5
000018564,0
000018570,0
000018576,0
000018582,0
000018588,0
000018594,0
000018600,0
000018606,0
000018612,0
000018618,0
000018624,0
000018630,0
000018636,0
000018642,0
000018648,0
000018654,0
000018660,0
000018666,0
000018672,0
000018678,0
000018684,0
000018690,0
000018696,0
000018702,0
000018708,0
000018714,0
000018720,0
000018726,0
000018732,0
000018738,0
000018744,0
000018750,0
000018756,0
000018762,0
000018768,0
000018774,0
000018780,0
000018786,0
000018792,0
000018798,0
000018804,0
000018810,0
000018816,0
000018822,0
000018828,0
000018834,0
000018840,0
000018846,0
000018852,0
000018858,0
000018864,0
000018870,0
000018876,0
000018882,0
000018888,0
000018894,0
000018900,0
000018906,0
000018912,0
000018918,0
000018924,0
000018930,0
000018936,0
000018942,0
000018948,0
000018954,0
000018960,0
000018966,0
000018972,0
000018978,0
000018984,0
000018990,0
000018996,0
000019002,0
000019008,0
000019014,0
000019020,0
000019026,0
000019032,0
000019038,0
000019044,0
000019050,0
000019056,0
000019062,0
000019068,0
000019074,0
000019080,0
000019086,0
000019092,0
000019098,0
000019104,0
000019110,0
000019116,0
000019122,0
000019128,0
000019134,0
000019140,0
000019146,0
000019152,0
000019158,0
000019164,0
000019170,0
000019176,0
000019182,0
000019188,0
000019194,0
000019200,0
000019206,0
000019212,0
000019218,0
000019224,0
000019230,0
000019236,0
000019242,0
000019248,0
000019254,0
000019260,0
000019266,0
000019272,0
000019278,0
000019284,0
000019290,0
000019296,0
000019302,0
000019308,0
000019314,0
000019320,0
000019326,0
000019332,0
000019338,0
000019344,0
000019350,0
000019356,0
000019362,0
000019368,0
000019374,0
000019380,6
000019386,6
000019392,6
000019398,6
000019404,6
000019410,6
000019416,6
000019422,6
000019428,6
000019434,6
000019440,6
000019446,6
000019452,6
000019458,6
000019464,6
000019470,6
000019476,6
000019482,6
000019488,6
000019494,6
000019500,6
000019506,6
000019512,6
000019518,6
000019524,6
000019530,6
000019536,6
000019542,6
000019548,6
000019554,6
000019560,6
000019566,6
000019572,6
000019578,6
000019584,6
000019590,6
000019596,6
000019602,6
000019608,6
000019614,6
000019620,6
000019626,6
000019632,6
000019638,6
000019644,6
000019650,6
000019656,6
000019662,6
000019668,6
000019674,6
000019680,6
000019686,6
000019692,6
000019698,6
000019704,6
000019710,6
000019716,6
000019722,6
000019728,6
000019734,6
000019740,6
000019746,6
000019752,6
000019758,6
000019764,6
000019770,6
000019776,6
000019782,6
000019788,6
000019794,6
000019800,6
000019806,6
000019812,1
000019818,1
000019824,1
000019830,1
000019836,1
000019842,1
000019848,1
000019854,1
000019860,1
000019866,1
000019872,1
000019878,1
000019884,1
000019890,1
000019896,1
000019902,1
000019908,1
000019914,1
000019920,1
000019926,1
000019932,1
000019938,1
000019944,1
000019950,1
000019956,1
000019962,7
000019968,7
000019974,7
000019980,7
000019986,7
000019992,7
000019998,7
000020004,7
000020010,7
000020016,7
000020022,7
000020028,7
000020034,7
000020040,7
000020046,7
000020052,7
000020058,7
000020064,7
000020070,7
000020076,7
000020082,7
000020088,7
000020094,7
000020100,7
000020106,7
000020112,7
000020118,7
000020124,7
000020130,7
000020136,7
000020142,7
000020148,7
000020154,7
000020160,7
000020166,7
000020172,7
000020178,7
000020184,7
000020190,7
000020196,7
000020202,7
000020208,7
000020214,7
000020220,0
000020226,0
000020232,0
000020238,0
000020244,0
000020250,0
000020256,0
000020262,0
000020268,0
000020274,0
000020280,0
000020286,0
000020292,0
