000000000,0
000000006,0
000000012,0
000000018,0
000000024,0
000000030,0
000000036,0
000000042,0
000000048,0
000000054,0
000000060,0
000000066,0
000000072,0
000000078,0
000000084,0
000000090,0
000000096,0
000000102,0
000000108,0
000000114,0
000000120,0
000000126,0
000000132,0
000000138,0
000000144,0
000000150,0
000000156,0
000000162,0
000000168,0
000000174,0
000000180,0
000000186,0
000000192,0
000000198,0
000000204,0
000000210,0
000000216,0
000000222,0
000000228,0
000000234,0
000000240,0
000000246,0
000000252,0
000000258,0
000000264,0
000000270,0
000000276,0
000000282,0
000000288,0
000000294,0
000000300,0
000000306,0
000000312,0
000000318,0
000000324,0
000000330,0
000000336,0
000000342,0
000000348,0
000000354,0
000000360,0
000000366,0
000000372,0
000000378,0
000000384,0
000000390,0
000000396,0
000000402,0
000000408,0
000000414,0
000000420,0
000000426,0
000000432,0
000000438,0
000000444,0
000000450,0
000000456,0
000000462,0
000000468,0
000000474,0
000000480,0
000000486,0
000000492,0
000000498,0
000000504,0
000000510,0
000000516,0
000000522,0
000000528,0
000000534,0
000000540,0
000000546,0
000000552,0
000000558,0
000000564,0
000000570,0
000000576,0
000000582,0
000000588,0
000000594,0
000000600,0
000000606,0
000000612,0
000000618,0
000000624,0
000000630,0
000000636,0
000000642,0
000000648,0
000000654,0
000000660,0
000000666,0
000000672,0
000000678,0
000000684,0
000000690,0
000000696,0
000000702,0
000000708,0
000000714,0
000000720,0
000000726,0
000000732,0
000000738,0
000000744,0
000000750,0
000000756,0
000000762,0
000000768,0
000000774,0
000000780,0
000000786,0
000000792,0
000000798,0
000000804,0
000000810,0
000000816,0
000000822,0
000000828,0
000000834,0
000000840,0
000000846,0
000000852,0
000000858,0
000000864,0
000000870,1
000000876,1
000000882,1
000000888,1
000000894,1
000000900,1
000000906,1
000000912,1
000000918,1
000000924,1
000000930,1
000000936,1
000000942,1
000000948,1
000000954,1
000000960,1
000000966,1
000000972,1
000000978,2
000000984,2
000000990,2
000000996,2
000001002,2
000001008,2
000001014,2
000001020,2
000001026,2
000001032,2
000001038,2
000001044,2
000001050,2
000001056,2
000001062,2
000001068,2
000001074,2
000001080,2
000001086,2
000001092,2
000001098,2
000001104,2
000001110,2
000001116,2
000001122,2
000001128,2
000001134,2
000001140,2
000001146,2
000001152,2
000001158,2
000001164,2
000001170,2
000001176,2
000001182,2
000001188,2
000001194,2
000001200,2
000001206,2
000001212,2
000001218,2
000001224,2
000001230,2
000001236,2
000001242,2
000001248,2
000001254,2
000001260,2
000001266,2
000001272,2
000001278,2
000001284,2
000001290,2
000001296,2
000001302,2
000001308,2
000001314,2
000001320,2
000001326,0
000001332,0
000001338,0
000001344,0
000001350,0
000001356,0
000001362,0
000001368,0
000001374,0
000001380,0
000001386,0
000001392,0
000001398,0
000001404,0
000001410,0
000001416,0
000001422,0
000001428,0
000001434,0
000001440,0
000001446,0
000001452,0
000001458,0
000001464,0
000001470,0
000001476,0
000001482,0
000001488,0
000001494,0
000001500,0
000001506,0
000001512,0
000001518,0
000001524,0
000001530,0
000001536,0
000001542,0
000001548,0
000001554,0
000001560,0
000001566,0
000001572,0
000001578,0
000001584,0
000001590,0
000001596,0
000001602,0
000001608,0
000001614,0
000001620,0
000001626,0
000001632,0
000001638,0
000001644,0
000001650,0
000001656,0
000001662,0
000001668,0
000001674,0
000001680,0
000001686,0
000001692,0
000001698,0
000001704,0
000001710,0
000001716,0
000001722,0
000001728,0
000001734,0
000001740,0
000001746,0
000001752,0
000001758,0
000001764,0
000001770,0
000001776,0
000001782,0
000001788,0
000001794,0
000001800,0
000001806,0
000001812,0
000001818,0
000001824,0
000001830,0
000001836,0
000001842,0
000001848,0
000001854,0
000001860,0
000001866,0
000001872,0
000001878,0
000001884,0
000001890,0
000001896,0
000001902,0
000001908,0
000001914,0
000001920,0
000001926,0
000001932,0
000001938,0
000001944,0
000001950,0
000001956,0
000001962,0
000001968,0
000001974,0
000001980,0
000001986,0
000001992,0
000001998,0
000002004,0
000002010,0
000002016,0
000002022,0
000002028,0
000002034,0
000002040,0
000002046,0
000002052,0
000002058,0
000002064,0
000002070,0
000002076,0
000002082,0
000002088,0
000002094,0
000002100,0
000002106,0
000002112,0
000002118,0
000002124,0
000002130,0
000002136,0
000002142,0
000002148,0
000002154,0
000002160,0
000002166,0
000002172,0
000002178,0
000002184,0
000002190,0
000002196,0
000002202,0
000002208,0
000002214,0
000002220,0
000002226,0
000002232,0
000002238,0
000002244,0
000002250,0
000002256,0
000002262,0
000002268,0
000002274,0
000002280,0
000002286,0
000002292,0
000002298,0
000002304,0
000002310,0
000002316,0
000002322,0
000002328,0
000002334,0
000002340,0
000002346,0
000002352,0
000002358,0
000002364,0
000002370,0
000002376,0
000002382,0
000002388,0
000002394,0
000002400,0
000002406,0
000002412,0
000002418,0
000002424,0
000002430,0
000002436,0
000002442,0
000002448,0
000002454,0
000002460,0
000002466,0
000002472,0
000002478,0
000002484,0
000002490,0
000002496,0
000002502,0
000002508,0
000002514,0
000002520,0
000002526,0
000002532,0
000002538,0
000002544,0
000002550,0
000002556,0
000002562,0
000002568,0
000002574,0
000002580,0
000002586,0
000002592,0
000002598,0
000002604,0
000002610,0
000002616,0
000002622,0
000002628,0
000002634,0
000002640,0
000002646,0
000002652,0
000002658,0
000002664,0
000002670,0
000002676,0
000002682,0
000002688,0
000002694,0
000002700,0
000002706,0
000002712,0
000002718,0
000002724,0
000002730,0
000002736,0
000002742,0
000002748,0
000002754,0
000002760,0
000002766,0
000002772,0
000002778,0
000002784,0
000002790,0
000002796,0
000002802,0
000002808,0
000002814,0
000002820,0
000002826,0
000002832,0
000002838,0
000002844,0
000002850,0
000002856,0
000002862,0
000002868,0
000002874,0
000002880,0
000002886,0
000002892,0
000002898,0
000002904,0
000002910,0
000002916,0
000002922,0
000002928,0
000002934,0
000002940,0
000002946,0
000002952,0
000002958,0
000002964,2
000002970,2
000002976,2
000002982,2
000002988,2
000002994,2
000003000,2
000003006,2
000003012,2
000003018,2
000003024,2
000003030,2
000003036,2
000003042,2
000003048,2
000003054,2
000003060,2
000003066,2
000003072,2
000003078,2
000003084,2
000003090,2
000003096,2
000003102,2
000003108,2
000003114,2
000003120,2
000003126,2
000003132,2
000003138,2
000003144,2
000003150,2
000003156,2
000003162,2
000003168,2
000003174,2
000003180,2
000003186,2
000003192,2
000003198,2
000003204,2
000003210,2
000003216,2
000003222,2
000003228,2
000003234,2
000003240,2
000003246,2
000003252,2
000003258,2
000003264,2
000003270,2
000003276,2
000003282,2
000003288,2
000003294,2
000003300,2
000003306,2
000003312,2
000003318,2
000003324,2
000003330,2
000003336,2
000003342,2
000003348,2
000003354,2
000003360,2
000003366,2
000003372,2
000003378,2
000003384,2
000003390,2
000003396,2
000003402,2
000003408,2
000003414,2
000003420,2
000003426,2
000003432,2
000003438,2
000003444,2
000003450,2
000003456,2
000003462,2
000003468,2
000003474,2
000003480,2
000003486,3
000003492,3
000003498,3
000003504,3
000003510,3
000003516,3
000003522,3
000003528,3
000003534,3
000003540,3
000003546,3
000003552,3
000003558,3
000003564,3
000003570,3
000003576,3
000003582,3
000003588,3
000003594,3
000003600,3
000003606,3
000003612,3
000003618,3
000003624,3
000003630,3
000003636,3
000003642,3
000003648,3
000003654,3
000003660,3
000003666,3
000003672,3
000003678,3
000003684,3
000003690,3
000003696,3
000003702,3
000003708,3
000003714,3
000003720,3
000003726,3
000003732,3
000003738,3
000003744,3
000003750,3
000003756,4
000003762,4
000003768,4
000003774,4
000003780,4
000003786,4
000003792,4
000003798,4
000003804,4
000003810,4
000003816,4
000003822,4
000003828,4
000003834,4
000003840,4
000003846,4
000003852,4
000003858,4
000003864,4
000003870,4
000003876,4
000003882,4
000003888,4
000003894,4
000003900,4
000003906,4
000003912,4
000003918,4
000003924,4
000003930,4
000003936,4
000003942,4
000003948,4
000003954,4
000003960,4
000003966,4
000003972,4
000003978,4
000003984,4
000003990,4
000003996,4
000004002,4
000004008,4
000004014,4
000004020,4
000004026,4
000004032,4
000004038,4
000004044,4
000004050,4
000004056,4
000004062,4
000004068,4
000004074,4
000004080,4
000004086,4
000004092,4
000004098,4
000004104,4
000004110,4
000004116,4
000004122,4
000004128,4
000004134,4
000004140,4
000004146,4
000004152,4
000004158,4
000004164,4
000004170,4
000004176,4
000004182,4
000004188,4
000004194,4
000004200,4
000004206,4
000004212,4
000004218,4
000004224,4
000004230,4
000004236,4
000004242,4
000004248,4
000004254,4
000004260,4
000004266,4
000004272,4
000004278,4
000004284,4
000004290,4
000004296,4
000004302,4
000004308,4
000004314,4
000004320,4
000004326,4
000004332,4
000004338,4
000004344,4
000004350,4
000004356,4
000004362,4
000004368,4
000004374,4
000004380,4
000004386,4
000004392,4
000004398,4
000004404,4
000004410,4
000004416,4
000004422,4
000004428,4
000004434,4
000004440,4
000004446,4
000004452,4
000004458,4
000004464,4
000004470,4
000004476,4
000004482,4
000004488,4
000004494,4
000004500,4
000004506,4
000004512,4
000004518,4
000004524,4
000004530,4
000004536,4
000004542,4
000004548,4
000004554,4
000004560,4
000004566,4
000004572,4
000004578,4
000004584,4
000004590,4
000004596,4
000004602,4
000004608,4
000004614,4
000004620,1
000004626,1
000004632,1
000004638,1
000004644,1
000004650,1
000004656,1
000004662,1
000004668,1
000004674,1
000004680,1
000004686,1
000004692,1
000004698,1
000004704,1
000004710,1
000004716,1
000004722,1
000004728,1
000004734,1
000004740,1
000004746,1
000004752,1
000004758,1
000004764,1
000004770,1
000004776,1
000004782,1
000004788,1
000004794,1
000004800,1
000004806,1
000004812,1
000004818,1
000004824,1
000004830,1
000004836,1
000004842,1
000004848,1
000004854,1
000004860,1
000004866,1
000004872,1
000004878,1
000004884,1
000004890,1
000004896,1
000004902,1
000004908,1
000004914,1
000004920,1
000004926,1
000004932,1
000004938,1
000004944,1
000004950,1
000004956,1
000004962,1
000004968,1
000004974,1
000004980,1
000004986,1
000004992,2
000004998,2
000005004,2
000005010,2
000005016,2
000005022,2
000005028,2
000005034,2
000005040,2
000005046,2
000005052,2
000005058,2
000005064,2
000005070,2
000005076,2
000005082,2
000005088,2
000005094,2
000005100,2
000005106,2
000005112,2
000005118,2
000005124,2
000005130,2
000005136,2
000005142,2
000005148,2
000005154,2
000005160,2
000005166,2
000005172,2
000005178,2
000005184,2
000005190,2
000005196,2
000005202,2
000005208,2
000005214,2
000005220,2
000005226,2
000005232,2
000005238,2
000005244,2
000005250,2
000005256,2
000005262,2
000005268,2
000005274,2
000005280,2
000005286,2
000005292,2
000005298,2
000005304,2
000005310,2
000005316,2
000005322,2
000005328,2
000005334,2
000005340,2
000005346,2
000005352,2
000005358,2
000005364,2
000005370,2
000005376,2
000005382,2
000005388,2
000005394,2
000005400,2
000005406,2
000005412,2
000005418,2
000005424,2
000005430,2
000005436,2
000005442,2
000005448,2
000005454,2
000005460,2
000005466,2
000005472,2
000005478,2
000005484,2
000005490,2
000005496,2
000005502,2
000005508,2
000005514,2
000005520,2
000005526,2
000005532,2
000005538,2
000005544,2
000005550,2
000005556,2
000005562,2
000005568,2
000005574,2
000005580,2
000005586,2
000005592,2
000005598,2
000005604,2
000005610,2
000005616,2
000005622,2
000005628,2
000005634,2
000005640,2
000005646,2
000005652,2
000005658,2
000005664,2
000005670,2
000005676,2
000005682,2
000005688,2
000005694,2
000005700,2
000005706,2
000005712,2
000005718,2
000005724,2
000005730,2
000005736,2
000005742,2
000005748,2
000005754,2
000005760,2
000005766,2
000005772,2
000005778,2
000005784,2
000005790,2
000005796,2
000005802,3
000005808,3
000005814,3
000005820,3
000005826,3
000005832,3
000005838,3
000005844,3
000005850,3
000005856,3
000005862,3
000005868,3
000005874,3
000005880,3
000005886,3
000005892,3
000005898,3
000005904,3
000005910,3
000005916,3
000005922,3
000005928,3
000005934,3
000005940,3
000005946,3
000005952,3
000005958,3
000005964,3
000005970,3
000005976,3
000005982,3
000005988,3
000005994,3
000006000,3
000006006,3
000006012,3
000006018,3
000006024,3
000006030,3
000006036,3
000006042,3
000006048,3
000006054,3
000006060,3
000006066,3
000006072,3
000006078,3
000006084,3
000006090,3
000006096,3
000006102,3
000006108,3
000006114,3
000006120,3
000006126,3
000006132,3
000006138,3
000006144,3
000006150,3
000006156,3
000006162,3
000006168,3
000006174,3
000006180,3
000006186,3
000006192,3
000006198,3
000006204,4
000006210,4
000006216,4
000006222,4
000006228,4
000006234,4
000006240,4
000006246,4
000006252,4
000006258,4
000006264,4
000006270,4
000006276,4
000006282,4
000006288,4
000006294,4
000006300,4
000006306,4
000006312,4
000006318,4
000006324,4
000006330,4
000006336,4
000006342,4
000006348,4
000006354,4
000006360,4
000006366,4
000006372,4
000006378,4
000006384,4
000006390,4
000006396,4
000006402,4
000006408,4
000006414,4
000006420,4
000006426,4
000006432,4
000006438,4
000006444,4
000006450,4
000006456,4
000006462,4
000006468,4
000006474,4
000006480,4
000006486,4
000006492,4
000006498,4
000006504,4
000006510,4
000006516,4
000006522,4
000006528,4
000006534,4
000006540,4
000006546,4
000006552,4
000006558,4
000006564,4
000006570,4
000006576,4
000006582,4
000006588,4
000006594,4
000006600,4
000006606,4
000006612,4
000006618,4
000006624,4
000006630,4
000006636,4
000006642,4
000006648,4
000006654,4
000006660,4
000006666,4
000006672,4
000006678,4
000006684,4
000006690,4
000006696,4
000006702,4
000006708,4
000006714,4
000006720,4
000006726,4
000006732,4
000006738,4
000006744,4
000006750,4
000006756,4
000006762,4
000006768,4
000006774,4
000006780,4
000006786,4
000006792,4
000006798,4
000006804,4
000006810,4
000006816,4
000006822,4
000006828,4
000006834,4
000006840,4
000006846,4
000006852,4
000006858,4
000006864,4
000006870,4
000006876,4
000006882,4
000006888,4
000006894,4
000006900,4
000006906,4
000006912,4
000006918,4
000006924,4
000006930,4
000006936,4
000006942,4
000006948,4
000006954,4
000006960,4
000006966,4
000006972,4
000006978,4
000006984,4
000006990,4
000006996,4
000007002,4
000007008,4
000007014,4
000007020,4
000007026,4
000007032,4
000007038,1
000007044,1
000007050,1
000007056,1
000007062,1
000007068,1
000007074,1
000007080,1
000007086,1
000007092,1
000007098,1
000007104,1
000007110,1
000007116,1
000007122,1
000007128,1
000007134,1
000007140,1
000007146,1
000007152,1
000007158,1
000007164,1
000007170,1
000007176,1
000007182,1
000007188,1
000007194,1
000007200,1
000007206,1
000007212,1
000007218,1
000007224,1
000007230,1
000007236,1
000007242,1
000007248,1
000007254,1
000007260,1
000007266,1
000007272,1
000007278,1
000007284,1
000007290,1
000007296,1
000007302,1
000007308,2
000007314,2
000007320,2
000007326,2
000007332,2
000007338,2
000007344,2
000007350,2
000007356,2
000007362,2
000007368,2
000007374,2
000007380,2
000007386,2
000007392,2
000007398,2
000007404,2
000007410,2
000007416,2
000007422,2
000007428,2
000007434,2
000007440,2
000007446,2
000007452,2
000007458,2
000007464,2
000007470,2
000007476,2
000007482,2
000007488,2
000007494,2
000007500,2
000007506,2
000007512,2
000007518,2
000007524,2
000007530,2
000007536,2
000007542,2
000007548,2
000007554,2
000007560,2
000007566,2
000007572,2
000007578,2
000007584,2
000007590,2
000007596,2
000007602,2
000007608,2
000007614,2
000007620,2
000007626,2
000007632,2
000007638,2
000007644,2
000007650,2
000007656,2
000007662,2
000007668,2
000007674,2
000007680,3
000007686,3
000007692,3
000007698,3
000007704,3
000007710,3
000007716,3
000007722,3
000007728,3
000007734,3
000007740,3
000007746,3
000007752,3
000007758,3
000007764,3
000007770,3
000007776,3
000007782,3
000007788,3
000007794,3
000007800,3
000007806,3
000007812,3
000007818,3
000007824,3
000007830,3
000007836,3
000007842,3
000007848,3
000007854,3
000007860,3
000007866,3
000007872,3
000007878,3
000007884,3
000007890,3
000007896,3
000007902,3
000007908,3
000007914,3
000007920,3
000007926,3
000007932,3
000007938,3
000007944,3
000007950,3
000007956,3
000007962,3
000007968,3
000007974,3
000007980,3
000007986,3
000007992,3
000007998,3
000008004,3
000008010,3
000008016,3
000008022,3
000008028,3
000008034,3
000008040,3
000008046,3
000008052,3
000008058,3
000008064,3
000008070,3
000008076,3
000008082,3
000008088,3
000008094,3
000008100,3
000008106,3
000008112,3
000008118,3
000008124,3
000008130,3
000008136,3
000008142,3
000008148,3
000008154,3
000008160,3
000008166,3
000008172,3
000008178,3
000008184,3
000008190,3
000008196,3
000008202,3
000008208,3
000008214,3
000008220,3
000008226,3
000008232,3
000008238,3
000008244,3
000008250,3
000008256,3
000008262,3
000008268,3
000008274,3
000008280,3
000008286,3
000008292,3
000008298,3
000008304,3
000008310,3
000008316,3
000008322,3
000008328,3
000008334,3
000008340,3
000008346,3
000008352,3
000008358,3
000008364,3
000008370,3
000008376,3
000008382,3
000008388,3
000008394,3
000008400,3
000008406,3
000008412,3
000008418,3
000008424,3
000008430,3
000008436,3
000008442,3
000008448,3
000008454,3
000008460,4
000008466,4
000008472,4
000008478,4
000008484,4
000008490,4
000008496,4
000008502,4
000008508,4
000008514,4
000008520,4
000008526,4
000008532,4
000008538,4
000008544,4
000008550,4
000008556,4
000008562,4
000008568,4
000008574,4
000008580,4
000008586,4
000008592,4
000008598,4
000008604,4
000008610,4
000008616,4
000008622,4
000008628,4
000008634,4
000008640,4
000008646,4
000008652,4
000008658,4
000008664,4
000008670,4
000008676,4
000008682,4
000008688,4
000008694,4
000008700,4
000008706,4
000008712,4
000008718,4
000008724,4
000008730,4
000008736,4
000008742,4
000008748,4
000008754,4
000008760,4
000008766,4
000008772,4
000008778,4
000008784,4
000008790,4
000008796,4
000008802,4
000008808,4
000008814,4
000008820,4
000008826,4
000008832,4
000008838,4
000008844,4
000008850,4
000008856,4
000008862,4
000008868,4
000008874,4
000008880,4
000008886,4
000008892,4
000008898,4
000008904,4
000008910,4
000008916,4
000008922,4
000008928,4
000008934,4
000008940,4
000008946,4
000008952,4
000008958,4
000008964,4
000008970,4
000008976,4
000008982,4
000008988,4
000008994,4
000009000,4
000009006,4
000009012,4
000009018,4
000009024,4
000009030,4
000009036,4
000009042,4
000009048,4
000009054,4
000009060,1
000009066,1
000009072,1
000009078,1
000009084,1
000009090,1
000009096,1
000009102,1
000009108,1
000009114,1
000009120,1
000009126,1
000009132,1
000009138,1
000009144,1
000009150,1
000009156,1
000009162,1
000009168,1
000009174,1
000009180,1
000009186,1
000009192,1
000009198,1
000009204,1
000009210,1
000009216,1
000009222,1
000009228,1
000009234,1
000009240,1
000009246,1
000009252,1
000009258,2
000009264,2
000009270,2
000009276,2
000009282,2
000009288,2
000009294,2
000009300,2
000009306,2
000009312,2
000009318,2
000009324,2
000009330,2
000009336,2
000009342,2
000009348,2
000009354,2
000009360,2
000009366,2
000009372,2
000009378,2
000009384,2
000009390,2
000009396,2
000009402,2
000009408,2
000009414,2
000009420,2
000009426,2
000009432,2
000009438,2
000009444,2
000009450,2
000009456,2
000009462,2
000009468,2
000009474,2
000009480,2
000009486,2
000009492,2
000009498,2
000009504,2
000009510,2
000009516,2
000009522,2
000009528,2
000009534,2
000009540,2
000009546,2
000009552,2
000009558,2
000009564,2
000009570,2
000009576,2
000009582,2
000009588,2
000009594,2
000009600,2
000009606,2
000009612,2
000009618,2
000009624,2
000009630,2
000009636,2
000009642,2
000009648,2
000009654,2
000009660,2
000009666,2
000009672,2
000009678,2
000009684,2
000009690,2
000009696,2
000009702,2
000009708,2
000009714,2
000009720,2
000009726,2
000009732,2
000009738,2
000009744,2
000009750,2
000009756,2
000009762,2
000009768,2
000009774,2
000009780,2
000009786,2
000009792,2
000009798,2
000009804,2
000009810,2
000009816,2
000009822,2
000009828,2
000009834,2
000009840,2
000009846,2
000009852,2
000009858,2
000009864,2
000009870,2
000009876,2
000009882,2
000009888,2
000009894,2
000009900,2
000009906,2
000009912,2
000009918,2
000009924,2
000009930,2
000009936,2
000009942,2
000009948,2
000009954,2
000009960,2
000009966,2
000009972,2
000009978,2
000009984,2
000009990,2
000009996,2
000010002,2
000010008,2
000010014,2
000010020,2
000010026,2
000010032,2
000010038,2
000010044,2
000010050,2
000010056,2
000010062,2
000010068,2
000010074,2
000010080,2
000010086,2
000010092,2
000010098,2
000010104,2
000010110,2
000010116,2
000010122,2
000010128,2
000010134,2
000010140,2
000010146,2
000010152,2
000010158,2
000010164,2
000010170,2
000010176,2
000010182,2
000010188,2
000010194,2
000010200,2
000010206,2
000010212,2
000010218,2
000010224,2
000010230,2
000010236,2
000010242,2
000010248,2
000010254,2
000010260,2
000010266,2
000010272,2
000010278,2
000010284,2
000010290,2
000010296,2
000010302,2
000010308,2
000010314,2
000010320,2
000010326,2
000010332,2
000010338,2
000010344,2
000010350,2
000010356,2
000010362,2
000010368,2
000010374,2
000010380,2
000010386,2
000010392,2
000010398,2
000010404,2
000010410,2
000010416,2
000010422,2
000010428,2
000010434,2
000010440,2
000010446,2
000010452,2
000010458,2
000010464,2
000010470,2
000010476,2
000010482,2
000010488,2
000010494,2
000010500,2
000010506,2
000010512,2
000010518,2
000010524,2
000010530,2
000010536,2
000010542,2
000010548,2
000010554,2
000010560,2
000010566,2
000010572,2
000010578,2
000010584,2
000010590,2
000010596,2
000010602,2
000010608,2
000010614,2
000010620,2
000010626,2
000010632,2
000010638,2
000010644,2
000010650,2
000010656,2
000010662,2
000010668,2
000010674,2
000010680,2
000010686,2
000010692,2
000010698,2
000010704,2
000010710,2
000010716,2
000010722,2
000010728,2
000010734,2
000010740,2
000010746,2
000010752,2
000010758,2
000010764,2
000010770,2
000010776,2
000010782,2
000010788,2
000010794,2
000010800,2
000010806,2
000010812,2
000010818,2
000010824,2
000010830,2
000010836,2
000010842,2
000010848,2
000010854,2
000010860,2
000010866,2
000010872,2
000010878,2
000010884,2
000010890,2
000010896,2
000010902,2
000010908,2
000010914,2
000010920,2
000010926,2
000010932,2
000010938,2
000010944,2
000010950,2
000010956,2
000010962,2
000010968,2
000010974,2
000010980,2
000010986,2
000010992,2
000010998,2
000011004,2
000011010,2
000011016,2
000011022,2
000011028,2
000011034,2
000011040,2
000011046,2
000011052,2
000011058,2
000011064,2
000011070,2
000011076,2
000011082,2
000011088,2
000011094,2
000011100,2
000011106,2
000011112,2
000011118,2
000011124,2
000011130,2
000011136,2
000011142,2
000011148,2
000011154,2
000011160,2
000011166,2
000011172,2
000011178,2
000011184,2
000011190,2
000011196,2
000011202,2
000011208,2
000011214,2
000011220,2
000011226,2
000011232,2
000011238,2
000011244,2
000011250,2
000011256,2
000011262,2
000011268,2
000011274,2
000011280,2
000011286,2
000011292,2
000011298,2
000011304,2
000011310,2
000011316,2
000011322,2
000011328,2
000011334,2
000011340,2
000011346,2
000011352,2
000011358,2
000011364,2
000011370,2
000011376,2
000011382,2
000011388,2
000011394,2
000011400,2
000011406,2
000011412,2
000011418,2
000011424,2
000011430,2
000011436,2
000011442,2
000011448,3
000011454,3
000011460,3
000011466,3
000011472,3
000011478,3
000011484,3
000011490,3
000011496,3
000011502,3
000011508,3
000011514,3
000011520,3
000011526,3
000011532,3
000011538,3
000011544,3
000011550,3
000011556,3
000011562,3
000011568,3
000011574,3
000011580,3
000011586,3
000011592,3
000011598,3
000011604,3
000011610,3
000011616,3
000011622,3
000011628,3
000011634,3
000011640,3
000011646,3
000011652,3
000011658,3
000011664,3
000011670,3
000011676,3
000011682,3
000011688,3
000011694,3
000011700,3
000011706,3
000011712,3
000011718,3
000011724,3
000011730,3
000011736,3
000011742,3
000011748,3
000011754,3
000011760,3
000011766,3
000011772,3
000011778,3
000011784,3
000011790,4
000011796,4
000011802,4
000011808,4
000011814,4
000011820,4
000011826,4
000011832,4
000011838,4
000011844,4
000011850,4
000011856,4
000011862,4
000011868,4
000011874,4
000011880,4
000011886,4
000011892,4
000011898,4
000011904,4
000011910,4
000011916,4
000011922,4
000011928,4
000011934,4
000011940,4
000011946,4
000011952,4
000011958,4
000011964,4
000011970,4
000011976,4
000011982,4
000011988,4
000011994,4
000012000,4
000012006,4
000012012,4
000012018,4
000012024,4
000012030,4
000012036,4
000012042,4
000012048,4
000012054,4
000012060,4
000012066,4
000012072,4
000012078,4
000012084,4
000012090,4
000012096,4
000012102,4
000012108,4
000012114,4
000012120,4
000012126,4
000012132,4
000012138,4
000012144,4
000012150,4
000012156,4
000012162,4
000012168,4
000012174,4
000012180,4
000012186,4
000012192,4
000012198,4
000012204,4
000012210,4
000012216,4
000012222,4
000012228,4
000012234,4
000012240,4
000012246,4
000012252,4
000012258,4
000012264,4
000012270,4
000012276,4
000012282,4
000012288,4
000012294,4
000012300,4
000012306,4
000012312,4
000012318,4
000012324,4
000012330,4
000012336,4
000012342,4
000012348,4
000012354,4
000012360,4
000012366,4
000012372,4
000012378,4
000012384,4
000012390,4
000012396,4
000012402,4
000012408,4
000012414,4
000012420,4
000012426,4
000012432,4
000012438,4
000012444,4
000012450,4
000012456,4
000012462,4
000012468,4
000012474,4
000012480,4
000012486,4
000012492,4
000012498,4
000012504,4
000012510,4
000012516,4
000012522,4
000012528,4
000012534,4
000012540,1
000012546,1
000012552,1
000012558,1
000012564,1
000012570,1
000012576,1
000012582,1
000012588,1
000012594,1
000012600,1
000012606,1
000012612,1
000012618,1
000012624,1
000012630,1
000012636,1
000012642,1
000012648,1
000012654,1
000012660,1
000012666,1
000012672,1
000012678,1
000012684,1
000012690,1
000012696,2
000012702,2
000012708,2
000012714,2
000012720,2
000012726,2
000012732,2
000012738,2
000012744,2
000012750,2
000012756,2
000012762,2
000012768,2
000012774,2
000012780,2
000012786,2
000012792,2
000012798,2
000012804,2
000012810,2
000012816,2
000012822,2
000012828,2
000012834,2
000012840,2
000012846,2
000012852,2
000012858,2
000012864,2
000012870,2
000012876,2
000012882,2
000012888,2
000012894,2
000012900,2
000012906,2
000012912,2
000012918,2
000012924,2
000012930,2
000012936,2
000012942,2
000012948,2
000012954,2
000012960,2
000012966,2
000012972,2
000012978,2
000012984,2
000012990,2
000012996,2
000013002,2
000013008,2
000013014,2
000013020,2
000013026,2
000013032,2
000013038,2
000013044,2
000013050,2
000013056,2
000013062,2
000013068,2
000013074,2
000013080,2
000013086,2
000013092,2
000013098,2
000013104,2
000013110,2
000013116,2
000013122,2
000013128,2
000013134,2
000013140,2
000013146,2
000013152,2
000013158,2
000013164,2
000013170,2
000013176,2
000013182,2
000013188,2
000013194,2
000013200,2
000013206,2
000013212,2
000013218,2
000013224,2
000013230,2
000013236,2
000013242,2
000013248,2
000013254,2
000013260,2
000013266,2
000013272,2
000013278,2
000013284,2
000013290,2
000013296,2
000013302,2
000013308,2
000013314,2
000013320,2
000013326,2
000013332,2
000013338,2
000013344,2
000013350,2
000013356,2
000013362,2
000013368,2
000013374,2
000013380,2
000013386,2
000013392,2
000013398,2
000013404,2
000013410,2
000013416,2
000013422,2
000013428,2
000013434,2
000013440,2
000013446,2
000013452,2
000013458,2
000013464,2
000013470,2
000013476,2
000013482,2
000013488,2
000013494,2
000013500,2
000013506,2
000013512,2
000013518,2
000013524,2
000013530,2
000013536,2
000013542,2
000013548,2
000013554,2
000013560,2
000013566,2
000013572,2
000013578,2
000013584,2
000013590,2
000013596,2
000013602,2
000013608,2
000013614,2
000013620,2
000013626,2
000013632,2
000013638,2
000013644,2
000013650,2
000013656,2
000013662,2
000013668,2
000013674,2
000013680,2
000013686,2
000013692,2
000013698,2
000013704,2
000013710,2
000013716,2
000013722,2
000013728,2
000013734,2
000013740,2
000013746,2
000013752,2
000013758,2
000013764,2
000013770,2
000013776,2
000013782,2
000013788,2
000013794,2
000013800,2
000013806,2
000013812,2
000013818,2
000013824,2
000013830,2
000013836,2
000013842,2
000013848,2
000013854,2
000013860,2
000013866,2
000013872,2
000013878,2
000013884,2
000013890,2
000013896,2
000013902,2
000013908,2
000013914,2
000013920,2
000013926,2
000013932,2
000013938,2
000013944,2
000013950,2
000013956,2
000013962,2
000013968,2
000013974,2
000013980,2
000013986,2
000013992,2
000013998,2
000014004,2
000014010,2
000014016,2
000014022,3
000014028,3
000014034,3
000014040,3
000014046,3
000014052,3
000014058,3
000014064,3
000014070,3
000014076,3
000014082,3
000014088,3
000014094,3
000014100,3
000014106,3
000014112,3
000014118,3
000014124,3
000014130,3
000014136,3
000014142,3
000014148,3
000014154,3
000014160,3
000014166,3
000014172,3
000014178,3
000014184,3
000014190,3
000014196,3
000014202,3
000014208,3
000014214,3
000014220,3
000014226,3
000014232,3
000014238,3
000014244,3
000014250,3
000014256,3
000014262,3
000014268,3
000014274,3
000014280,3
000014286,3
000014292,3
000014298,3
000014304,3
000014310,3
000014316,3
000014322,3
000014328,3
000014334,3
000014340,4
000014346,4
000014352,4
000014358,4
000014364,4
000014370,4
000014376,4
000014382,4
000014388,4
000014394,4
000014400,4
000014406,4
000014412,4
000014418,4
000014424,4
000014430,4
000014436,4
000014442,4
000014448,4
000014454,4
000014460,4
000014466,4
000014472,4
000014478,4
000014484,4
000014490,4
000014496,4
000014502,4
000014508,4
000014514,4
000014520,4
000014526,4
000014532,4
000014538,4
000014544,4
000014550,4
000014556,4
000014562,4
000014568,4
000014574,4
000014580,4
000014586,4
000014592,4
000014598,4
000014604,4
000014610,4
000014616,4
000014622,4
000014628,4
000014634,4
000014640,4
000014646,4
000014652,4
000014658,4
000014664,4
000014670,4
000014676,4
000014682,4
000014688,4
000014694,4
000014700,4
000014706,4
000014712,4
000014718,4
000014724,4
000014730,4
000014736,4
000014742,4
000014748,4
000014754,4
000014760,4
000014766,4
000014772,4
000014778,4
000014784,4
000014790,4
000014796,4
000014802,4
000014808,4
000014814,4
000014820,4
000014826,4
000014832,4
000014838,4
000014844,4
000014850,4
000014856,4
000014862,4
000014868,4
000014874,4
000014880,4
000014886,4
000014892,4
000014898,4
000014904,4
000014910,4
000014916,4
000014922,4
000014928,4
000014934,4
000014940,4
000014946,4
000014952,4
000014958,1
000014964,1
000014970,1
000014976,1
000014982,1
000014988,1
000014994,1
000015000,1
000015006,1
000015012,1
000015018,1
000015024,1
000015030,1
000015036,1
000015042,1
000015048,1
000015054,1
000015060,1
000015066,1
000015072,1
000015078,1
000015084,1
000015090,1
000015096,1
000015102,1
000015108,1
000015114,1
000015120,1
000015126,1
000015132,1
000015138,4
000015144,4
000015150,4
000015156,4
000015162,4
000015168,4
000015174,4
000015180,4
000015186,4
000015192,4
000015198,4
000015204,4
000015210,4
000015216,4
000015222,4
000015228,4
000015234,4
000015240,4
000015246,4
000015252,4
000015258,4
000015264,4
000015270,4
000015276,4
000015282,4
000015288,4
000015294,4
000015300,4
000015306,4
000015312,4
000015318,4
000015324,4
000015330,4
000015336,4
000015342,4
000015348,4
000015354,4
000015360,4
000015366,4
000015372,4
000015378,4
000015384,4
000015390,4
000015396,4
000015402,4
000015408,4
000015414,4
000015420,4
000015426,4
000015432,4
000015438,4
000015444,4
000015450,4
000015456,4
000015462,4
000015468,4
000015474,4
000015480,4
000015486,4
000015492,4
000015498,4
000015504,4
000015510,4
000015516,4
000015522,4
000015528,4
000015534,4
000015540,4
000015546,4
000015552,4
000015558,4
000015564,4
000015570,4
000015576,4
000015582,4
000015588,4
000015594,4
000015600,4
000015606,4
000015612,4
000015618,4
000015624,4
000015630,4
000015636,2
000015642,2
000015648,2
000015654,2
000015660,2
000015666,2
000015672,2
000015678,2
000015684,2
000015690,2
000015696,2
000015702,2
000015708,2
000015714,2
000015720,2
000015726,2
000015732,2
000015738,2
000015744,2
000015750,2
000015756,2
000015762,2
000015768,2
000015774,2
000015780,2
000015786,2
000015792,2
000015798,2
000015804,2
000015810,2
000015816,2
000015822,2
000015828,2
000015834,2
000015840,2
000015846,2
000015852,2
000015858,2
000015864,2
000015870,2
000015876,2
000015882,2
000015888,2
000015894,2
000015900,2
000015906,2
000015912,2
000015918,2
000015924,2
000015930,2
000015936,2
000015942,2
000015948,2
000015954,2
000015960,2
000015966,2
000015972,2
000015978,2
000015984,2
000015990,2
000015996,2
000016002,2
000016008,2
000016014,2
000016020,2
000016026,2
000016032,2
000016038,2
000016044,2
000016050,2
000016056,2
000016062,2
000016068,2
000016074,2
000016080,2
000016086,2
000016092,2
000016098,2
000016104,2
000016110,2
000016116,2
000016122,2
000016128,2
000016134,2
000016140,2
000016146,2
000016152,2
000016158,2
000016164,2
000016170,2
000016176,2
000016182,2
000016188,2
000016194,2
000016200,2
000016206,2
000016212,2
000016218,2
000016224,2
000016230,2
000016236,2
000016242,2
000016248,2
000016254,2
000016260,2
000016266,2
000016272,2
000016278,2
000016284,2
000016290,2
000016296,2
000016302,2
000016308,2
000016314,2
000016320,2
000016326,2
000016332,2
000016338,2
000016344,2
000016350,2
000016356,2
000016362,2
000016368,2
000016374,2
000016380,2
000016386,2
000016392,2
000016398,2
000016404,2
000016410,2
000016416,2
000016422,2
000016428,2
000016434,2
000016440,2
000016446,2
000016452,2
000016458,2
000016464,2
000016470,2
000016476,2
000016482,2
000016488,2
000016494,2
000016500,2
000016506,2
000016512,2
000016518,2
000016524,2
000016530,2
000016536,2
000016542,2
000016548,2
000016554,2
000016560,2
000016566,2
000016572,2
000016578,2
000016584,2
000016590,2
000016596,2
000016602,2
000016608,2
000016614,2
000016620,2
000016626,2
000016632,2
000016638,2
000016644,2
000016650,2
000016656,2
000016662,2
000016668,2
000016674,2
000016680,2
000016686,3
000016692,3
000016698,3
000016704,3
000016710,3
000016716,3
000016722,3
000016728,3
000016734,3
000016740,3
000016746,3
000016752,3
000016758,3
000016764,3
000016770,3
000016776,3
000016782,3
000016788,3
000016794,3
000016800,3
000016806,3
000016812,3
000016818,3
000016824,3
000016830,3
000016836,3
000016842,3
000016848,3
000016854,3
000016860,3
000016866,3
000016872,3
000016878,3
000016884,3
000016890,3
000016896,3
000016902,3
000016908,3
000016914,3
000016920,3
000016926,3
000016932,3
000016938,3
000016944,3
000016950,3
000016956,3
000016962,3
000016968,3
000016974,3
000016980,3
000016986,3
000016992,3
000016998,3
000017004,3
000017010,3
000017016,3
000017022,3
000017028,3
000017034,3
000017040,3
000017046,3
000017052,3
000017058,3
000017064,3
000017070,3
000017076,3
000017082,3
000017088,3
000017094,3
000017100,3
000017106,3
000017112,3
000017118,3
000017124,3
000017130,3
000017136,3
000017142,3
000017148,3
000017154,3
000017160,3
000017166,3
000017172,3
000017178,3
000017184,3
000017190,3
000017196,3
000017202,3
000017208,3
000017214,3
000017220,3
000017226,3
000017232,3
000017238,3
000017244,3
000017250,3
000017256,3
000017262,3
000017268,3
000017274,3
000017280,4
000017286,4
000017292,4
000017298,4
000017304,4
000017310,4
000017316,4
000017322,4
000017328,4
000017334,4
000017340,4
000017346,4
000017352,4
000017358,4
000017364,4
000017370,4
000017376,4
000017382,4
000017388,4
000017394,4
000017400,4
000017406,4
000017412,4
000017418,4
000017424,4
000017430,4
000017436,4
000017442,4
000017448,4
000017454,4
000017460,4
000017466,4
000017472,4
000017478,4
000017484,4
000017490,4
000017496,4
000017502,4
000017508,4
000017514,4
000017520,4
000017526,4
000017532,4
000017538,4
000017544,4
000017550,4
000017556,4
000017562,4
000017568,4
000017574,4
000017580,4
000017586,4
000017592,4
000017598,4
000017604,4
000017610,4
000017616,4
000017622,4
000017628,4
000017634,4
000017640,4
000017646,4
000017652,4
000017658,4
000017664,4
000017670,4
000017676,4
000017682,4
000017688,4
000017694,4
000017700,4
000017706,4
000017712,4
000017718,4
000017724,4
000017730,4
000017736,4
000017742,4
000017748,4
000017754,4
000017760,4
000017766,4
000017772,4
000017778,4
000017784,4
000017790,4
000017796,4
000017802,4
000017808,4
000017814,4
000017820,4
000017826,4
000017832,4
000017838,4
000017844,4
000017850,4
000017856,4
000017862,4
000017868,4
000017874,4
000017880,4
000017886,4
000017892,4
000017898,4
000017904,4
000017910,4
000017916,4
000017922,4
000017928,4
000017934,4
000017940,4
000017946,4
000017952,4
000017958,4
000017964,4
000017970,4
000017976,4
000017982,4
000017988,4
000017994,4
000018000,4
000018006,4
000018012,4
000018018,4
000018024,4
000018030,1
000018036,1
000018042,1
000018048,1
000018054,1
000018060,1
000018066,1
000018072,1
000018078,1
000018084,1
000018090,1
000018096,1
000018102,1
000018108,1
000018114,1
000018120,1
000018126,1
000018132,1
000018138,1
000018144,1
000018150,1
000018156,1
000018162,1
000018168,1
000018174,1
000018180,1
000018186,1
000018192,1
000018198,1
000018204,1
000018210,1
000018216,1
000018222,1
000018228,1
000018234,1
000018240,1
000018246,1
000018252,1
000018258,1
000018264,1
000018270,2
000018276,2
000018282,2
000018288,2
000018294,2
000018300,2
000018306,2
000018312,2
000018318,2
000018324,2
000018330,2
000018336,2
000018342,2
000018348,2
000018354,2
000018360,2
000018366,2
000018372,2
000018378,2
000018384,2
000018390,2
000018396,2
000018402,2
000018408,2
000018414,2
000018420,2
000018426,2
000018432,2
000018438,2
000018444,2
000018450,2
000018456,2
000018462,2
000018468,2
000018474,2
000018480,2
000018486,2
000018492,2
000018498,2
000018504,2
000018510,2
000018516,2
000018522,2
000018528,2
000018534,2
000018540,2
000018546,2
000018552,2
000018558,2
000018564,2
000018570,2
000018576,2
000018582,2
000018588,2
000018594,2
000018600,2
000018606,2
000018612,2
000018618,2
000018624,2
000018630,2
000018636,2
000018642,2
000018648,2
000018654,2
000018660,2
000018666,2
000018672,2
000018678,2
000018684,2
000018690,2
000018696,2
000018702,2
000018708,2
000018714,2
000018720,2
000018726,2
000018732,2
000018738,2
000018744,2
000018750,2
000018756,2
000018762,2
000018768,2
000018774,2
000018780,2
000018786,2
000018792,2
000018798,2
000018804,2
000018810,2
000018816,2
000018822,2
000018828,2
000018834,2
000018840,2
000018846,2
000018852,2
000018858,2
000018864,2
000018870,2
000018876,2
000018882,2
000018888,2
000018894,2
000018900,2
000018906,2
000018912,2
000018918,2
000018924,2
000018930,2
000018936,2
000018942,2
000018948,2
000018954,2
000018960,2
000018966,2
000018972,2
000018978,2
000018984,2
000018990,2
000018996,2
000019002,2
000019008,2
000019014,2
000019020,2
000019026,2
000019032,2
000019038,2
000019044,2
000019050,2
000019056,2
000019062,2
000019068,2
000019074,2
000019080,2
000019086,2
000019092,2
000019098,2
000019104,2
000019110,2
000019116,2
000019122,2
000019128,2
000019134,2
000019140,2
000019146,2
000019152,2
000019158,2
000019164,2
000019170,2
000019176,2
000019182,2
000019188,2
000019194,3
000019200,3
000019206,3
000019212,3
000019218,3
000019224,3
000019230,3
000019236,3
000019242,3
000019248,3
000019254,3
000019260,3
000019266,3
000019272,3
000019278,3
000019284,3
000019290,3
000019296,3
000019302,3
000019308,3
000019314,3
000019320,3
000019326,3
000019332,3
000019338,3
000019344,3
000019350,3
000019356,3
000019362,3
000019368,3
000019374,3
000019380,3
000019386,3
000019392,3
000019398,3
000019404,3
000019410,3
000019416,3
000019422,3
000019428,3
000019434,3
000019440,3
000019446,3
000019452,3
000019458,3
000019464,3
000019470,3
000019476,3
000019482,3
000019488,3
000019494,2
000019500,2
000019506,2
000019512,2
000019518,2
000019524,2
000019530,2
000019536,2
000019542,2
000019548,2
000019554,2
000019560,2
000019566,2
000019572,2
000019578,2
000019584,2
000019590,2
000019596,2
000019602,2
000019608,3
000019614,3
000019620,3
000019626,3
000019632,3
000019638,3
000019644,3
000019650,3
000019656,3
000019662,3
000019668,3
000019674,3
000019680,3
000019686,3
000019692,3
000019698,3
000019704,3
000019710,3
000019716,3
000019722,3
000019728,3
000019734,3
000019740,3
000019746,3
000019752,3
000019758,3
000019764,3
000019770,3
000019776,3
000019782,3
000019788,3
000019794,3
000019800,3
000019806,3
000019812,3
000019818,3
000019824,3
000019830,3
000019836,3
000019842,3
000019848,3
000019854,3
000019860,3
000019866,3
000019872,3
000019878,3
000019884,3
000019890,3
000019896,3
000019902,3
000019908,3
000019914,3
000019920,3
000019926,3
000019932,3
000019938,3
000019944,3
000019950,3
000019956,3
000019962,3
000019968,3
000019974,3
000019980,4
000019986,4
000019992,4
000019998,4
000020004,4
000020010,4
000020016,4
000020022,4
000020028,4
000020034,4
000020040,4
000020046,4
000020052,4
000020058,4
000020064,4
000020070,4
000020076,4
000020082,4
000020088,4
000020094,4
000020100,4
000020106,4
000020112,4
000020118,4
000020124,4
000020130,4
000020136,4
000020142,4
000020148,4
000020154,4
000020160,4
000020166,4
000020172,4
000020178,4
000020184,4
000020190,4
000020196,4
000020202,4
000020208,4
000020214,4
000020220,4
000020226,4
000020232,4
000020238,4
000020244,4
000020250,4
000020256,4
000020262,4
000020268,4
000020274,4
000020280,4
000020286,4
000020292,4
000020298,4
000020304,4
000020310,4
000020316,4
000020322,4
000020328,4
000020334,4
000020340,4
000020346,4
000020352,4
000020358,4
000020364,4
000020370,4
000020376,4
000020382,4
000020388,4
000020394,4
000020400,4
000020406,4
000020412,4
000020418,4
000020424,4
000020430,4
000020436,4
000020442,4
000020448,4
000020454,4
000020460,4
000020466,4
000020472,4
000020478,4
000020484,4
000020490,4
000020496,4
000020502,4
000020508,4
000020514,4
000020520,4
000020526,4
000020532,4
000020538,4
000020544,4
000020550,4
000020556,4
000020562,4
000020568,4
000020574,4
000020580,4
000020586,4
000020592,4
000020598,4
000020604,4
000020610,4
000020616,4
000020622,4
000020628,4
000020634,4
000020640,1
000020646,1
000020652,1
000020658,1
000020664,1
000020670,1
000020676,1
000020682,1
000020688,1
000020694,1
000020700,1
000020706,1
000020712,1
000020718,1
000020724,1
000020730,1
000020736,1
000020742,1
000020748,1
000020754,1
000020760,1
000020766,1
000020772,1
000020778,1
000020784,1
000020790,1
000020796,1
000020802,1
000020808,1
000020814,1
000020820,1
000020826,1
000020832,1
000020838,1
000020844,1
000020850,1
000020856,1
000020862,1
000020868,1
000020874,1
000020880,1
000020886,1
000020892,1
000020898,1
000020904,1
000020910,1
000020916,1
000020922,1
000020928,1
000020934,1
000020940,1
000020946,1
000020952,1
000020958,1
000020964,1
000020970,1
000020976,1
000020982,1
000020988,1
000020994,1
000021000,1
000021006,1
000021012,1
000021018,1
000021024,1
000021030,1
000021036,1
000021042,1
000021048,1
000021054,1
000021060,1
000021066,1
000021072,1
000021078,1
000021084,1
000021090,1
000021096,1
000021102,1
000021108,1
000021114,1
000021120,1
000021126,1
000021132,1
000021138,1
000021144,1
000021150,1
000021156,1
000021162,1
000021168,1
000021174,1
000021180,1
000021186,1
000021192,1
000021198,1
000021204,1
000021210,1
000021216,1
000021222,1
000021228,1
000021234,1
000021240,1
000021246,1
000021252,1
000021258,1
000021264,1
000021270,1
000021276,1
000021282,1
000021288,1
000021294,1
000021300,1
000021306,1
000021312,1
000021318,1
000021324,1
000021330,1
000021336,1
000021342,1
000021348,1
000021354,1
000021360,1
000021366,1
000021372,1
000021378,1
000021384,1
000021390,1
000021396,1
000021402,1
000021408,1
000021414,1
000021420,1
000021426,1
000021432,1
000021438,1
000021444,1
000021450,1
000021456,1
000021462,1
000021468,1
000021474,1
000021480,1
000021486,1
000021492,1
000021498,1
000021504,1
000021510,1
000021516,1
000021522,1
000021528,1
000021534,1
000021540,1
000021546,1
000021552,1
000021558,1
000021564,1
000021570,1
000021576,1
000021582,1
000021588,1
000021594,1
000021600,1
000021606,1
000021612,1
000021618,1
000021624,1
000021630,1
000021636,1
000021642,1
000021648,1
000021654,1
000021660,1
000021666,2
000021672,2
000021678,2
000021684,2
000021690,2
000021696,2
000021702,2
000021708,2
000021714,2
000021720,2
000021726,2
000021732,2
000021738,2
000021744,2
000021750,2
000021756,2
000021762,2
000021768,2
000021774,2
000021780,2
000021786,2
000021792,2
000021798,2
000021804,2
000021810,2
000021816,2
000021822,2
000021828,2
000021834,2
000021840,2
000021846,2
000021852,2
000021858,2
000021864,2
000021870,2
000021876,2
000021882,2
000021888,2
000021894,2
000021900,2
000021906,2
000021912,2
000021918,2
000021924,2
000021930,2
000021936,2
000021942,2
000021948,2
000021954,2
000021960,2
000021966,2
000021972,2
000021978,2
000021984,2
000021990,2
000021996,2
000022002,2
000022008,2
000022014,2
000022020,3
000022026,3
000022032,3
000022038,3
000022044,3
000022050,3
000022056,3
000022062,3
000022068,3
000022074,3
000022080,3
000022086,3
000022092,3
000022098,3
000022104,3
000022110,3
000022116,3
000022122,3
000022128,3
000022134,3
000022140,3
000022146,3
000022152,3
000022158,3
000022164,3
000022170,3
000022176,3
000022182,3
000022188,3
000022194,3
000022200,3
000022206,3
000022212,3
000022218,3
000022224,3
000022230,3
000022236,3
000022242,3
000022248,3
000022254,3
000022260,3
000022266,3
000022272,3
000022278,3
000022284,3
000022290,3
000022296,3
000022302,3
000022308,3
000022314,3
000022320,3
000022326,3
000022332,3
000022338,3
000022344,3
000022350,3
000022356,3
000022362,3
000022368,3
000022374,3
000022380,3
000022386,3
000022392,3
000022398,3
000022404,3
000022410,3
000022416,3
000022422,3
000022428,3
000022434,3
000022440,3
000022446,3
000022452,3
000022458,3
000022464,3
000022470,3
000022476,3
000022482,3
000022488,3
000022494,3
000022500,3
000022506,3
000022512,3
000022518,3
000022524,3
000022530,3
000022536,3
000022542,3
000022548,3
000022554,3
000022560,3
000022566,3
000022572,3
000022578,3
000022584,3
000022590,3
000022596,3
000022602,3
000022608,3
000022614,3
000022620,3
000022626,3
000022632,3
000022638,3
000022644,3
000022650,3
000022656,3
000022662,3
000022668,3
000022674,3
000022680,3
000022686,3
000022692,3
000022698,3
000022704,3
000022710,3
000022716,3
000022722,3
000022728,3
000022734,3
000022740,3
000022746,3
000022752,3
000022758,3
000022764,3
000022770,3
000022776,3
000022782,3
000022788,3
000022794,3
000022800,3
000022806,3
000022812,3
000022818,3
000022824,3
000022830,3
000022836,3
000022842,3
000022848,3
000022854,3
000022860,3
000022866,3
000022872,3
000022878,3
000022884,3
000022890,3
000022896,3
000022902,3
000022908,3
000022914,3
000022920,3
000022926,3
000022932,3
000022938,3
000022944,3
000022950,3
000022956,3
000022962,3
000022968,3
000022974,3
000022980,3
000022986,3
000022992,3
000022998,3
000023004,3
000023010,3
000023016,3
000023022,3
000023028,3
000023034,3
000023040,3
000023046,3
000023052,3
000023058,3
000023064,3
000023070,3
000023076,3
000023082,3
000023088,3
000023094,3
000023100,3
000023106,3
000023112,3
000023118,4
000023124,4
000023130,4
000023136,4
000023142,4
000023148,4
000023154,4
000023160,4
000023166,4
000023172,4
000023178,4
000023184,4
000023190,4
000023196,4
000023202,4
000023208,4
000023214,4
000023220,4
000023226,4
000023232,4
000023238,4
000023244,4
000023250,4
000023256,4
000023262,4
000023268,4
000023274,4
000023280,4
000023286,4
000023292,4
000023298,4
000023304,4
000023310,4
000023316,4
000023322,4
000023328,4
000023334,4
000023340,4
000023346,4
000023352,4
000023358,4
000023364,4
000023370,4
000023376,4
000023382,4
000023388,4
000023394,4
000023400,4
000023406,4
000023412,4
000023418,4
000023424,4
000023430,4
000023436,4
000023442,4
000023448,4
000023454,4
000023460,4
000023466,4
000023472,4
000023478,4
000023484,4
000023490,4
000023496,4
000023502,4
000023508,4
000023514,4
000023520,4
000023526,4
000023532,4
000023538,4
000023544,4
000023550,4
000023556,4
000023562,4
000023568,4
000023574,4
000023580,4
000023586,4
000023592,4
000023598,4
000023604,4
000023610,4
000023616,4
000023622,4
000023628,4
000023634,4
000023640,4
000023646,4
000023652,4
000023658,1
000023664,1
000023670,1
000023676,1
000023682,1
000023688,1
000023694,1
000023700,1
000023706,1
000023712,1
000023718,1
000023724,1
000023730,1
000023736,1
000023742,1
000023748,1
000023754,1
000023760,1
000023766,1
000023772,1
000023778,1
000023784,1
000023790,1
000023796,1
000023802,1
000023808,1
000023814,1
000023820,1
000023826,1
000023832,1
000023838,1
000023844,1
000023850,1
000023856,1
000023862,1
000023868,1
000023874,1
000023880,1
000023886,1
000023892,1
000023898,1
000023904,1
000023910,1
000023916,1
000023922,1
000023928,1
000023934,1
000023940,1
000023946,1
000023952,1
000023958,1
000023964,1
000023970,1
000023976,1
000023982,1
000023988,1
000023994,2
000024000,2
000024006,2
000024012,2
000024018,2
000024024,2
000024030,2
000024036,2
000024042,2
000024048,2
000024054,2
000024060,2
000024066,2
000024072,2
000024078,2
000024084,2
000024090,2
000024096,2
000024102,2
000024108,2
000024114,2
000024120,2
000024126,2
000024132,2
000024138,2
000024144,2
000024150,2
000024156,2
000024162,2
000024168,2
000024174,2
000024180,2
000024186,2
000024192,2
000024198,2
000024204,2
000024210,2
000024216,2
000024222,2
000024228,2
000024234,2
000024240,2
000024246,2
000024252,2
000024258,2
000024264,2
000024270,2
000024276,2
000024282,2
000024288,2
000024294,2
000024300,2
000024306,2
000024312,2
000024318,2
000024324,2
000024330,2
000024336,2
000024342,2
000024348,2
000024354,2
000024360,2
000024366,2
000024372,2
000024378,2
000024384,2
000024390,2
000024396,2
000024402,2
000024408,2
000024414,2
000024420,2
000024426,2
000024432,2
000024438,2
000024444,2
000024450,2
000024456,2
000024462,2
000024468,2
000024474,2
000024480,2
000024486,2
000024492,2
000024498,2
000024504,2
000024510,2
000024516,2
000024522,2
000024528,2
000024534,2
000024540,2
000024546,2
000024552,2
000024558,2
000024564,2
000024570,2
000024576,2
000024582,2
000024588,2
000024594,2
000024600,2
000024606,2
000024612,2
000024618,2
000024624,2
000024630,2
000024636,2
000024642,2
000024648,2
000024654,2
000024660,2
000024666,2
000024672,2
000024678,2
000024684,2
000024690,2
000024696,2
000024702,2
000024708,2
000024714,2
000024720,2
000024726,2
000024732,2
000024738,2
000024744,2
000024750,2
000024756,2
000024762,2
000024768,2
000024774,2
000024780,2
000024786,2
000024792,2
000024798,2
000024804,2
000024810,2
000024816,2
000024822,2
000024828,2
000024834,2
000024840,2
000024846,2
000024852,2
000024858,2
000024864,2
000024870,2
000024876,2
000024882,2
000024888,2
000024894,2
000024900,2
000024906,2
000024912,2
000024918,2
000024924,2
000024930,2
000024936,2
000024942,2
000024948,2
000024954,2
000024960,2
000024966,2
000024972,2
000024978,2
000024984,2
000024990,2
000024996,2
000025002,2
000025008,2
000025014,2
000025020,2
000025026,2
000025032,2
000025038,2
000025044,2
000025050,2
000025056,2
000025062,2
000025068,2
000025074,2
000025080,2
000025086,2
000025092,2
000025098,2
000025104,2
000025110,2
000025116,2
000025122,2
000025128,2
000025134,2
000025140,2
000025146,2
000025152,2
000025158,2
000025164,2
000025170,2
000025176,2
000025182,2
000025188,2
000025194,2
000025200,2
000025206,2
000025212,2
000025218,2
000025224,2
000025230,2
000025236,2
000025242,2
000025248,2
000025254,2
000025260,2
000025266,2
000025272,2
000025278,2
000025284,2
000025290,2
000025296,2
000025302,2
000025308,2
000025314,2
000025320,2
000025326,2
000025332,2
000025338,2
000025344,2
000025350,3
000025356,3
000025362,3
000025368,3
000025374,3
000025380,3
000025386,3
000025392,3
000025398,3
000025404,3
000025410,3
000025416,3
000025422,3
000025428,3
000025434,3
000025440,3
000025446,3
000025452,3
000025458,3
000025464,3
000025470,3
000025476,3
000025482,3
000025488,3
000025494,3
000025500,3
000025506,3
000025512,3
000025518,3
000025524,3
000025530,3
000025536,3
000025542,3
000025548,3
000025554,3
000025560,3
000025566,3
000025572,3
000025578,3
000025584,3
000025590,3
000025596,3
000025602,3
000025608,3
000025614,3
000025620,3
000025626,3
000025632,3
000025638,3
000025644,3
000025650,3
000025656,3
000025662,3
000025668,3
000025674,3
000025680,3
000025686,3
000025692,3
000025698,3
000025704,3
000025710,3
000025716,3
000025722,3
000025728,3
000025734,3
000025740,3
000025746,3
000025752,3
000025758,3
000025764,3
000025770,3
000025776,3
000025782,4
000025788,4
000025794,4
000025800,4
000025806,4
000025812,4
000025818,4
000025824,4
000025830,4
000025836,4
000025842,4
000025848,4
000025854,4
000025860,4
000025866,4
000025872,4
000025878,4
000025884,4
000025890,4
000025896,4
000025902,4
000025908,4
000025914,4
000025920,4
000025926,4
000025932,4
000025938,4
000025944,4
000025950,4
000025956,4
000025962,4
000025968,4
000025974,4
000025980,4
000025986,4
000025992,4
000025998,4
000026004,4
000026010,4
000026016,4
000026022,4
000026028,4
000026034,4
000026040,4
000026046,4
000026052,4
000026058,4
000026064,4
000026070,4
000026076,4
000026082,4
000026088,4
000026094,4
000026100,4
000026106,4
000026112,4
000026118,4
000026124,4
000026130,4
000026136,4
000026142,4
000026148,4
000026154,4
000026160,4
000026166,4
000026172,4
000026178,4
000026184,4
000026190,4
000026196,4
000026202,4
000026208,4
000026214,4
000026220,4
000026226,4
000026232,4
000026238,4
000026244,4
000026250,4
000026256,4
000026262,4
000026268,4
000026274,4
000026280,4
000026286,4
000026292,4
000026298,4
000026304,4
000026310,4
000026316,4
000026322,4
000026328,4
000026334,4
000026340,4
000026346,4
000026352,4
000026358,4
000026364,4
000026370,4
000026376,4
000026382,4
000026388,4
000026394,4
000026400,4
000026406,4
000026412,4
000026418,4
000026424,4
000026430,4
000026436,4
000026442,4
000026448,4
000026454,4
000026460,4
000026466,4
000026472,4
000026478,4
000026484,4
000026490,4
000026496,4
000026502,4
000026508,4
000026514,4
000026520,4
000026526,4
000026532,4
000026538,4
000026544,4
000026550,4
000026556,4
000026562,4
000026568,4
000026574,4
000026580,4
000026586,4
000026592,4
000026598,4
000026604,4
000026610,4
000026616,4
000026622,4
000026628,4
000026634,4
000026640,4
000026646,1
000026652,1
000026658,1
000026664,1
000026670,1
000026676,1
000026682,1
000026688,1
000026694,1
000026700,1
000026706,1
000026712,1
000026718,1
000026724,1
000026730,1
000026736,1
000026742,1
000026748,1
000026754,1
000026760,1
000026766,1
000026772,1
000026778,1
000026784,1
000026790,1
000026796,1
000026802,1
000026808,1
000026814,1
000026820,1
000026826,1
000026832,1
000026838,1
000026844,1
000026850,1
000026856,1
000026862,1
000026868,1
000026874,1
000026880,1
000026886,1
000026892,2
000026898,2
000026904,2
000026910,2
000026916,2
000026922,2
000026928,2
000026934,2
000026940,2
000026946,2
000026952,2
000026958,2
000026964,2
000026970,2
000026976,2
000026982,2
000026988,2
000026994,2
000027000,2
000027006,2
000027012,2
000027018,2
000027024,2
000027030,2
000027036,2
000027042,2
000027048,2
000027054,2
000027060,2
000027066,2
000027072,2
000027078,2
000027084,2
000027090,2
000027096,2
000027102,2
000027108,2
000027114,2
000027120,2
000027126,2
000027132,2
000027138,2
000027144,2
000027150,2
000027156,2
000027162,2
000027168,2
000027174,2
000027180,2
000027186,2
000027192,2
000027198,2
000027204,2
000027210,2
000027216,2
000027222,2
000027228,2
000027234,2
000027240,2
000027246,2
000027252,2
000027258,2
000027264,2
000027270,2
000027276,2
000027282,2
000027288,2
000027294,2
000027300,2
000027306,2
000027312,2
000027318,2
000027324,2
000027330,2
000027336,2
000027342,2
000027348,2
000027354,2
000027360,2
000027366,2
000027372,2
000027378,2
000027384,2
000027390,2
000027396,2
000027402,2
000027408,2
000027414,2
000027420,2
000027426,2
000027432,2
000027438,2
000027444,2
000027450,2
000027456,2
000027462,2
000027468,2
000027474,2
000027480,2
000027486,2
000027492,2
000027498,2
000027504,2
000027510,2
000027516,2
000027522,2
000027528,2
000027534,2
000027540,2
000027546,2
000027552,2
000027558,2
000027564,2
000027570,2
000027576,2
000027582,2
000027588,2
000027594,2
000027600,2
000027606,2
000027612,2
000027618,2
000027624,2
000027630,2
000027636,2
000027642,2
000027648,2
000027654,2
000027660,2
000027666,2
000027672,2
000027678,2
000027684,2
000027690,2
000027696,2
000027702,2
000027708,2
000027714,2
000027720,2
000027726,2
000027732,2
000027738,2
000027744,2
000027750,2
000027756,2
000027762,2
000027768,2
000027774,2
000027780,2
000027786,2
000027792,2
000027798,2
000027804,2
000027810,2
000027816,2
000027822,2
000027828,2
000027834,2
000027840,2
000027846,2
000027852,2
000027858,2
000027864,2
000027870,2
000027876,2
000027882,2
000027888,2
000027894,2
000027900,2
000027906,2
000027912,2
000027918,2
000027924,2
000027930,2
000027936,2
000027942,2
000027948,2
000027954,2
000027960,2
000027966,2
000027972,2
000027978,2
000027984,2
000027990,2
000027996,2
000028002,2
000028008,2
000028014,2
000028020,2
000028026,2
000028032,2
000028038,2
000028044,2
000028050,2
000028056,2
000028062,2
000028068,2
000028074,2
000028080,2
000028086,2
000028092,2
000028098,2
000028104,2
000028110,2
000028116,2
000028122,2
000028128,2
000028134,2
000028140,2
000028146,2
000028152,2
000028158,2
000028164,2
000028170,2
000028176,2
000028182,2
000028188,2
000028194,2
000028200,2
000028206,2
000028212,2
000028218,2
000028224,2
000028230,2
000028236,2
000028242,2
000028248,2
000028254,2
000028260,2
000028266,2
000028272,2
000028278,2
000028284,2
000028290,2
000028296,2
000028302,2
000028308,2
000028314,2
000028320,2
000028326,2
000028332,2
000028338,2
000028344,2
000028350,2
000028356,2
000028362,2
000028368,2
000028374,2
000028380,2
000028386,2
000028392,2
000028398,2
000028404,2
000028410,2
000028416,2
000028422,2
000028428,2
000028434,2
000028440,2
000028446,2
000028452,2
000028458,2
000028464,2
000028470,2
000028476,2
000028482,2
000028488,2
000028494,2
000028500,2
000028506,2
000028512,2
000028518,2
000028524,2
000028530,2
000028536,2
000028542,2
000028548,2
000028554,2
000028560,2
000028566,2
000028572,2
000028578,2
000028584,2
000028590,2
000028596,2
000028602,2
000028608,2
000028614,3
000028620,3
000028626,3
000028632,3
000028638,3
000028644,3
000028650,3
000028656,3
000028662,3
000028668,3
000028674,3
000028680,3
000028686,3
000028692,3
000028698,3
000028704,3
000028710,3
000028716,3
000028722,3
000028728,3
000028734,3
000028740,3
000028746,3
000028752,3
000028758,3
000028764,3
000028770,3
000028776,3
000028782,3
000028788,3
000028794,3
000028800,3
000028806,3
000028812,3
000028818,3
000028824,3
000028830,3
000028836,3
000028842,3
000028848,3
000028854,3
000028860,3
000028866,3
000028872,3
000028878,3
000028884,3
000028890,3
000028896,3
000028902,3
000028908,3
000028914,3
000028920,3
000028926,3
000028932,3
000028938,3
000028944,3
000028950,3
000028956,3
000028962,3
000028968,3
000028974,3
000028980,3
000028986,3
000028992,3
000028998,3
000029004,3
000029010,3
000029016,3
000029022,3
000029028,3
000029034,3
000029040,3
000029046,3
000029052,3
000029058,3
000029064,3
000029070,3
000029076,3
000029082,3
000029088,3
000029094,3
000029100,3
000029106,3
000029112,3
000029118,3
000029124,3
000029130,3
000029136,3
000029142,3
000029148,3
000029154,3
000029160,3
000029166,3
000029172,3
000029178,3
000029184,3
000029190,3
000029196,3
000029202,3
000029208,3
000029214,3
000029220,3
000029226,3
000029232,3
000029238,3
000029244,3
000029250,3
000029256,3
000029262,3
000029268,3
000029274,3
000029280,3
000029286,3
000029292,3
000029298,3
000029304,3
000029310,3
000029316,3
000029322,3
000029328,3
000029334,3
000029340,3
000029346,3
000029352,3
000029358,3
000029364,4
000029370,4
000029376,4
000029382,4
000029388,4
000029394,4
000029400,4
000029406,4
000029412,4
000029418,4
000029424,4
000029430,4
000029436,4
000029442,4
000029448,4
000029454,4
000029460,4
000029466,4
000029472,4
000029478,4
000029484,4
000029490,4
000029496,4
000029502,4
000029508,4
000029514,4
000029520,4
000029526,4
000029532,4
000029538,4
000029544,4
000029550,4
000029556,4
000029562,4
000029568,4
000029574,4
000029580,4
000029586,4
000029592,4
000029598,4
000029604,4
000029610,4
000029616,4
000029622,4
000029628,4
000029634,4
000029640,4
000029646,4
000029652,4
000029658,4
000029664,4
000029670,4
000029676,4
000029682,4
000029688,4
000029694,4
000029700,4
000029706,4
000029712,4
000029718,4
000029724,4
000029730,4
000029736,4
000029742,4
000029748,4
000029754,4
000029760,4
000029766,4
000029772,4
000029778,4
000029784,4
000029790,4
000029796,4
000029802,4
000029808,4
000029814,4
000029820,4
000029826,4
000029832,4
000029838,4
000029844,4
000029850,4
000029856,4
000029862,4
000029868,4
000029874,4
000029880,4
000029886,4
000029892,4
000029898,4
000029904,4
000029910,4
000029916,4
000029922,4
000029928,4
000029934,4
000029940,4
000029946,4
000029952,4
000029958,4
000029964,4
000029970,4
000029976,4
000029982,4
000029988,4
000029994,4
000030000,4
000030006,4
000030012,4
000030018,4
000030024,4
000030030,4
000030036,4
000030042,4
000030048,4
000030054,4
000030060,4
000030066,4
000030072,4
000030078,4
000030084,4
000030090,4
000030096,4
000030102,4
000030108,4
000030114,4
000030120,4
000030126,4
000030132,4
000030138,4
000030144,4
000030150,4
000030156,4
000030162,4
000030168,4
000030174,4
000030180,4
000030186,4
000030192,4
000030198,4
000030204,4
000030210,4
000030216,4
000030222,4
000030228,4
000030234,4
000030240,4
000030246,4
000030252,4
000030258,4
000030264,4
000030270,4
000030276,4
000030282,4
000030288,4
000030294,4
000030300,4
000030306,1
000030312,1
000030318,1
000030324,1
000030330,1
000030336,1
000030342,1
000030348,1
000030354,1
000030360,1
000030366,1
000030372,1
000030378,1
000030384,1
000030390,1
000030396,1
000030402,1
000030408,1
000030414,1
000030420,1
000030426,1
000030432,1
000030438,1
000030444,1
000030450,1
000030456,1
000030462,1
000030468,1
000030474,1
000030480,1
000030486,1
000030492,1
000030498,1
000030504,1
000030510,1
000030516,1
000030522,1
000030528,1
000030534,1
000030540,1
000030546,1
000030552,1
000030558,7
000030564,7
000030570,7
000030576,7
000030582,7
000030588,7
000030594,7
000030600,7
000030606,7
000030612,7
000030618,7
000030624,7
000030630,7
000030636,7
000030642,7
000030648,7
000030654,7
000030660,7
000030666,7
000030672,7
000030678,7
000030684,7
000030690,7
000030696,7
000030702,7
000030708,7
000030714,7
000030720,7
000030726,7
000030732,7
000030738,7
000030744,7
000030750,7
000030756,7
000030762,7
000030768,7
000030774,7
000030780,7
000030786,7
000030792,7
000030798,7
000030804,7
000030810,7
000030816,7
000030822,7
000030828,7
000030834,7
000030840,7
000030846,7
000030852,7
000030858,7
000030864,7
000030870,7
000030876,7
000030882,7
000030888,7
000030894,7
000030900,7
000030906,7
000030912,7
000030918,7
000030924,7
000030930,7
000030936,7
000030942,7
000030948,7
000030954,7
000030960,7
000030966,7
000030972,7
000030978,7
000030984,7
000030990,7
000030996,7
000031002,7
000031008,7
000031014,7
000031020,7
000031026,7
000031032,7
000031038,7
000031044,7
000031050,7
000031056,7
000031062,7
000031068,7
000031074,7
000031080,7
000031086,7
000031092,7
000031098,7
000031104,7
000031110,7
000031116,7
000031122,7
000031128,7
000031134,7
000031140,7
000031146,7
000031152,7
000031158,7
000031164,7
000031170,7
000031176,7
000031182,7
000031188,7
000031194,7
000031200,7
000031206,7
000031212,7
000031218,7
000031224,7
000031230,7
000031236,7
000031242,0
000031248,0
000031254,0
000031260,0
000031266,0
000031272,0
000031278,0
000031284,0
000031290,0
000031296,0
000031302,0
