00000 00873 0 
00874 00978 1 
00979 01326 2 
01327 02968 0 
02969 03489 2 
03490 03759 3 
03760 04623 4 
04624 04993 1 
04994 05804 2 
05805 06207 3 
06208 07040 4 
07041 07310 1 
07311 07681 2 
07682 08463 3 
08464 09063 4 
09064 09262 1 
09263 11450 2 
11451 11792 3 
11793 12544 4 
12545 12695 1 
12696 14021 2 
14022 14344 3 
14345 14957 4 
14958 15137 1 
15138 15636 4 
15637 16686 2 
16687 17284 3 
17285 18032 4 
18033 18271 1 
18272 19194 2 
19195 19497 3 
19498 19608 2 
19609 19983 3 
19984 20641 4 
20642 21670 1 
21671 22022 2 
22023 23121 3 
23122 23661 4 
23662 23996 1 
23997 25354 2 
25355 25782 3 
25783 26649 4 
26650 26893 1 
26894 28615 2 
28616 29364 3 
29365 30308 4 
30309 30561 1 
30562 31242 7 
31243 31304 0 
