00000 00649 0 
00650 00761 1 
00762 03302 2 
03303 03938 3 
03939 04599 4 
04600 04769 1 
04770 05266 2 
05267 06303 3 
06304 06471 4 
06472 06527 0 
06528 07900 4 
07901 08301 2 
08302 08743 3 
08744 09824 4 
09825 10028 2 
10029 10529 3 
10530 11728 4 
11729 12004 1 
12005 13023 2 
13024 13798 3 
13799 15013 4 
15014 15358 2 
15359 15960 3 
15961 16479 4 
16480 17061 2 
17062 18445 3 
18446 19089 4 
19090 19244 1 
19245 19502 2 
19503 19746 4 
19747 20361 2 
20362 20638 3 
20639 20753 2 
20754 21074 3 
21075 21944 4 
21945 22225 2 
22226 22705 3 
22706 23283 4 
23284 23385 2 
23386 23736 3 
23737 24012 2 
24013 24372 3 
24373 24999 4 
25000 25271 2 
25272 25624 3 
25625 26194 4 
26195 26633 2 
26634 27616 3 
27617 28837 4 
28838 29451 6 
29452 30290 0 
30291 31312 6 
31313 31578 1 
31579 33702 7 
33703 33740 0 
