000000000,0
000000006,0
000000012,0
000000018,0
000000024,0
000000030,0
000000036,0
000000042,0
000000048,0
000000054,0
000000060,0
000000066,0
000000072,0
000000078,0
000000084,0
000000090,0
000000096,0
000000102,0
000000108,0
000000114,0
000000120,0
000000126,0
000000132,0
000000138,0
000000144,0
000000150,0
000000156,0
000000162,0
000000168,0
000000174,0
000000180,0
000000186,0
000000192,0
000000198,0
000000204,0
000000210,0
000000216,0
000000222,0
000000228,0
000000234,0
000000240,0
000000246,0
000000252,0
000000258,0
000000264,0
000000270,0
000000276,0
000000282,0
000000288,0
000000294,0
000000300,0
000000306,0
000000312,0
000000318,0
000000324,0
000000330,0
000000336,0
000000342,0
000000348,0
000000354,0
000000360,0
000000366,0
000000372,0
000000378,0
000000384,0
000000390,0
000000396,0
000000402,0
000000408,0
000000414,0
000000420,0
000000426,0
000000432,0
000000438,0
000000444,0
000000450,0
000000456,0
000000462,0
000000468,0
000000474,0
000000480,0
000000486,0
000000492,0
000000498,0
000000504,0
000000510,0
000000516,0
000000522,0
000000528,0
000000534,0
000000540,0
000000546,0
000000552,0
000000558,0
000000564,0
000000570,0
000000576,0
000000582,0
000000588,0
000000594,0
000000600,0
000000606,0
000000612,0
000000618,0
000000624,0
000000630,0
000000636,0
000000642,0
000000648,1
000000654,1
000000660,1
000000666,1
000000672,1
000000678,1
000000684,1
000000690,1
000000696,1
000000702,1
000000708,1
000000714,1
000000720,1
000000726,1
000000732,1
000000738,1
000000744,1
000000750,1
000000756,1
000000762,2
000000768,2
000000774,2
000000780,2
000000786,2
000000792,2
000000798,2
000000804,2
000000810,2
000000816,2
000000822,2
000000828,2
000000834,2
000000840,2
000000846,2
000000852,2
000000858,2
000000864,2
000000870,2
000000876,2
000000882,2
000000888,2
000000894,2
000000900,2
000000906,2
000000912,2
000000918,2
000000924,2
000000930,2
000000936,2
000000942,2
000000948,2
000000954,2
000000960,2
000000966,2
000000972,2
000000978,2
000000984,2
000000990,2
000000996,2
000001002,2
000001008,2
000001014,2
000001020,2
000001026,2
000001032,2
000001038,2
000001044,2
000001050,2
000001056,2
000001062,2
000001068,2
000001074,2
000001080,2
000001086,2
000001092,2
000001098,2
000001104,2
000001110,2
000001116,2
000001122,2
000001128,2
000001134,2
000001140,2
000001146,2
000001152,2
000001158,2
000001164,2
000001170,2
000001176,2
000001182,2
000001188,2
000001194,2
000001200,2
000001206,2
000001212,2
000001218,2
000001224,2
000001230,2
000001236,2
000001242,2
000001248,2
000001254,2
000001260,2
000001266,2
000001272,2
000001278,2
000001284,2
000001290,2
000001296,2
000001302,2
000001308,2
000001314,2
000001320,2
000001326,2
000001332,2
000001338,2
000001344,2
000001350,2
000001356,2
000001362,2
000001368,2
000001374,2
000001380,2
000001386,2
000001392,2
000001398,2
000001404,2
000001410,2
000001416,2
000001422,2
000001428,2
000001434,2
000001440,2
000001446,2
000001452,2
000001458,2
000001464,2
000001470,2
000001476,2
000001482,2
000001488,2
000001494,2
000001500,2
000001506,2
000001512,2
000001518,2
000001524,2
000001530,2
000001536,2
000001542,2
000001548,2
000001554,2
000001560,2
000001566,2
000001572,2
000001578,2
000001584,2
000001590,2
000001596,2
000001602,2
000001608,2
000001614,2
000001620,2
000001626,2
000001632,2
000001638,2
000001644,2
000001650,2
000001656,2
000001662,2
000001668,2
000001674,2
000001680,2
000001686,2
000001692,2
000001698,2
000001704,2
000001710,2
000001716,2
000001722,2
000001728,2
000001734,2
000001740,2
000001746,2
000001752,2
000001758,2
000001764,2
000001770,2
000001776,2
000001782,2
000001788,2
000001794,2
000001800,2
000001806,2
000001812,2
000001818,2
000001824,2
000001830,2
000001836,2
000001842,2
000001848,2
000001854,2
000001860,2
000001866,2
000001872,2
000001878,2
000001884,2
000001890,2
000001896,2
000001902,2
000001908,2
000001914,2
000001920,2
000001926,2
000001932,2
000001938,2
000001944,2
000001950,2
000001956,2
000001962,2
000001968,2
000001974,2
000001980,2
000001986,2
000001992,2
000001998,2
000002004,2
000002010,2
000002016,2
000002022,2
000002028,2
000002034,2
000002040,2
000002046,2
000002052,2
000002058,2
000002064,2
000002070,2
000002076,2
000002082,2
000002088,2
000002094,2
000002100,2
000002106,2
000002112,2
000002118,2
000002124,2
000002130,2
000002136,2
000002142,2
000002148,2
000002154,2
000002160,2
000002166,2
000002172,2
000002178,2
000002184,2
000002190,2
000002196,2
000002202,2
000002208,2
000002214,2
000002220,2
000002226,2
000002232,2
000002238,2
000002244,2
000002250,2
000002256,2
000002262,2
000002268,2
000002274,2
000002280,2
000002286,2
000002292,2
000002298,2
000002304,2
000002310,2
000002316,2
000002322,2
000002328,2
000002334,2
000002340,2
000002346,2
000002352,2
000002358,2
000002364,2
000002370,2
000002376,2
000002382,2
000002388,2
000002394,2
000002400,2
000002406,2
000002412,2
000002418,2
000002424,2
000002430,2
000002436,2
000002442,2
000002448,2
000002454,2
000002460,2
000002466,2
000002472,2
000002478,2
000002484,2
000002490,2
000002496,2
000002502,2
000002508,2
000002514,2
000002520,2
000002526,2
000002532,2
000002538,2
000002544,2
000002550,2
000002556,2
000002562,2
000002568,2
000002574,2
000002580,2
000002586,2
000002592,2
000002598,2
000002604,2
000002610,2
000002616,2
000002622,2
000002628,2
000002634,2
000002640,2
000002646,2
000002652,2
000002658,2
000002664,2
000002670,2
000002676,2
000002682,2
000002688,2
000002694,2
000002700,2
000002706,2
000002712,2
000002718,2
000002724,2
000002730,2
000002736,2
000002742,2
000002748,2
000002754,2
000002760,2
000002766,2
000002772,2
000002778,2
000002784,2
000002790,2
000002796,2
000002802,2
000002808,2
000002814,2
000002820,2
000002826,2
000002832,2
000002838,2
000002844,2
000002850,2
000002856,2
000002862,2
000002868,2
000002874,2
000002880,2
000002886,2
000002892,2
000002898,2
000002904,2
000002910,2
000002916,2
000002922,2
000002928,2
000002934,2
000002940,2
000002946,2
000002952,2
000002958,2
000002964,2
000002970,2
000002976,2
000002982,2
000002988,2
000002994,2
000003000,2
000003006,2
000003012,2
000003018,2
000003024,2
000003030,2
000003036,2
000003042,2
000003048,2
000003054,2
000003060,2
000003066,2
000003072,2
000003078,2
000003084,2
000003090,2
000003096,2
000003102,2
000003108,2
000003114,2
000003120,2
000003126,2
000003132,2
000003138,2
000003144,2
000003150,2
000003156,2
000003162,2
000003168,2
000003174,2
000003180,2
000003186,2
000003192,2
000003198,2
000003204,2
000003210,2
000003216,2
000003222,2
000003228,2
000003234,2
000003240,2
000003246,2
000003252,2
000003258,2
000003264,2
000003270,2
000003276,2
000003282,2
000003288,2
000003294,2
000003300,3
000003306,3
000003312,3
000003318,3
000003324,3
000003330,3
000003336,3
000003342,3
000003348,3
000003354,3
000003360,3
000003366,3
000003372,3
000003378,3
000003384,3
000003390,3
000003396,3
000003402,3
000003408,3
000003414,3
000003420,3
000003426,3
000003432,3
000003438,3
000003444,3
000003450,3
000003456,3
000003462,3
000003468,3
000003474,3
000003480,3
000003486,3
000003492,3
000003498,3
000003504,3
000003510,3
000003516,3
000003522,3
000003528,3
000003534,3
000003540,3
000003546,3
000003552,3
000003558,3
000003564,3
000003570,3
000003576,3
000003582,3
000003588,3
000003594,3
000003600,3
000003606,3
000003612,3
000003618,3
000003624,3
000003630,3
000003636,3
000003642,3
000003648,3
000003654,3
000003660,3
000003666,3
000003672,3
000003678,3
000003684,3
000003690,3
000003696,3
000003702,3
000003708,3
000003714,3
000003720,3
000003726,3
000003732,3
000003738,3
000003744,3
000003750,3
000003756,3
000003762,3
000003768,3
000003774,3
000003780,3
000003786,3
000003792,3
000003798,3
000003804,3
000003810,3
000003816,3
000003822,3
000003828,3
000003834,3
000003840,3
000003846,3
000003852,3
000003858,3
000003864,3
000003870,3
000003876,3
000003882,3
000003888,3
000003894,3
000003900,3
000003906,3
000003912,3
000003918,3
000003924,3
000003930,3
000003936,4
000003942,4
000003948,4
000003954,4
000003960,4
000003966,4
000003972,4
000003978,4
000003984,4
000003990,4
000003996,4
000004002,4
000004008,4
000004014,4
000004020,4
000004026,4
000004032,4
000004038,4
000004044,4
000004050,4
000004056,4
000004062,4
000004068,4
000004074,4
000004080,4
000004086,4
000004092,4
000004098,4
000004104,4
000004110,4
000004116,4
000004122,4
000004128,4
000004134,4
000004140,4
000004146,4
000004152,4
000004158,4
000004164,4
000004170,4
000004176,4
000004182,4
000004188,4
000004194,4
000004200,4
000004206,4
000004212,4
000004218,4
000004224,4
000004230,4
000004236,4
000004242,4
000004248,4
000004254,4
000004260,4
000004266,4
000004272,4
000004278,4
000004284,4
000004290,4
000004296,4
000004302,4
000004308,4
000004314,4
000004320,4
000004326,4
000004332,4
000004338,4
000004344,4
000004350,4
000004356,4
000004362,4
000004368,4
000004374,4
000004380,4
000004386,4
000004392,4
000004398,4
000004404,4
000004410,4
000004416,4
000004422,4
000004428,4
000004434,4
000004440,4
000004446,4
000004452,4
000004458,4
000004464,4
000004470,4
000004476,4
000004482,4
000004488,4
000004494,4
000004500,4
000004506,4
000004512,4
000004518,4
000004524,4
000004530,4
000004536,4
000004542,4
000004548,4
000004554,4
000004560,4
000004566,4
000004572,4
000004578,4
000004584,4
000004590,4
000004596,1
000004602,1
000004608,1
000004614,1
000004620,1
000004626,1
000004632,1
000004638,1
000004644,1
000004650,1
000004656,1
000004662,1
000004668,1
000004674,1
000004680,1
000004686,1
000004692,1
000004698,1
000004704,1
000004710,1
000004716,1
000004722,1
000004728,1
000004734,1
000004740,1
000004746,1
000004752,1
000004758,1
000004764,1
000004770,2
000004776,2
000004782,2
000004788,2
000004794,2
000004800,2
000004806,2
000004812,2
000004818,2
000004824,2
000004830,2
000004836,2
000004842,2
000004848,2
000004854,2
000004860,2
000004866,2
000004872,2
000004878,2
000004884,2
000004890,2
000004896,2
000004902,2
000004908,2
000004914,2
000004920,2
000004926,2
000004932,2
000004938,2
000004944,2
000004950,2
000004956,2
000004962,2
000004968,2
000004974,2
000004980,2
000004986,2
000004992,2
000004998,2
000005004,2
000005010,2
000005016,2
000005022,2
000005028,2
000005034,2
000005040,2
000005046,2
000005052,2
000005058,2
000005064,2
000005070,2
000005076,2
000005082,2
000005088,2
000005094,2
000005100,2
000005106,2
000005112,2
000005118,2
000005124,2
000005130,2
000005136,2
000005142,2
000005148,2
000005154,2
000005160,2
000005166,2
000005172,2
000005178,2
000005184,2
000005190,2
000005196,2
000005202,2
000005208,2
000005214,2
000005220,2
000005226,2
000005232,2
000005238,2
000005244,2
000005250,2
000005256,2
000005262,3
000005268,3
000005274,3
000005280,3
000005286,3
000005292,3
000005298,3
000005304,3
000005310,3
000005316,3
000005322,3
000005328,3
000005334,3
000005340,3
000005346,3
000005352,3
000005358,3
000005364,3
000005370,3
000005376,3
000005382,3
000005388,3
000005394,3
000005400,3
000005406,3
000005412,3
000005418,3
000005424,3
000005430,3
000005436,3
000005442,3
000005448,3
000005454,3
000005460,3
000005466,3
000005472,3
000005478,3
000005484,3
000005490,3
000005496,3
000005502,3
000005508,3
000005514,3
000005520,3
000005526,3
000005532,3
000005538,3
000005544,3
000005550,3
000005556,3
000005562,3
000005568,3
000005574,3
000005580,3
000005586,3
000005592,3
000005598,3
000005604,3
000005610,3
000005616,3
000005622,3
000005628,3
000005634,3
000005640,3
000005646,3
000005652,3
000005658,3
000005664,3
000005670,3
000005676,3
000005682,3
000005688,3
000005694,3
000005700,3
000005706,3
000005712,3
000005718,3
000005724,3
000005730,3
000005736,3
000005742,3
000005748,3
000005754,3
000005760,3
000005766,3
000005772,3
000005778,3
000005784,3
000005790,3
000005796,3
000005802,3
000005808,3
000005814,3
000005820,3
000005826,3
000005832,3
000005838,3
000005844,3
000005850,3
000005856,3
000005862,3
000005868,3
000005874,3
000005880,3
000005886,3
000005892,3
000005898,3
000005904,3
000005910,3
000005916,3
000005922,3
000005928,3
000005934,3
000005940,3
000005946,3
000005952,3
000005958,3
000005964,3
000005970,3
000005976,3
000005982,3
000005988,3
000005994,3
000006000,3
000006006,3
000006012,3
000006018,3
000006024,3
000006030,3
000006036,3
000006042,3
000006048,3
000006054,3
000006060,3
000006066,3
000006072,3
000006078,3
000006084,3
000006090,3
000006096,3
000006102,3
000006108,3
000006114,3
000006120,3
000006126,3
000006132,3
000006138,3
000006144,3
000006150,3
000006156,3
000006162,3
000006168,3
000006174,3
000006180,3
000006186,3
000006192,3
000006198,3
000006204,3
000006210,3
000006216,3
000006222,3
000006228,3
000006234,3
000006240,3
000006246,3
000006252,3
000006258,3
000006264,3
000006270,3
000006276,3
000006282,3
000006288,3
000006294,3
000006300,4
000006306,4
000006312,4
000006318,4
000006324,4
000006330,4
000006336,4
000006342,4
000006348,4
000006354,4
000006360,4
000006366,4
000006372,4
000006378,4
000006384,4
000006390,4
000006396,4
000006402,4
000006408,4
000006414,4
000006420,4
000006426,4
000006432,4
000006438,4
000006444,4
000006450,4
000006456,4
000006462,4
000006468,0
000006474,0
000006480,0
000006486,0
000006492,0
000006498,0
000006504,0
000006510,0
000006516,0
000006522,0
000006528,4
000006534,4
000006540,4
000006546,4
000006552,4
000006558,4
000006564,4
000006570,4
000006576,4
000006582,4
000006588,4
000006594,4
000006600,4
000006606,4
000006612,4
000006618,4
000006624,4
000006630,4
000006636,4
000006642,4
000006648,4
000006654,4
000006660,4
000006666,4
000006672,4
000006678,4
000006684,4
000006690,4
000006696,4
000006702,4
000006708,4
000006714,4
000006720,4
000006726,4
000006732,4
000006738,4
000006744,4
000006750,4
000006756,4
000006762,4
000006768,4
000006774,4
000006780,4
000006786,4
000006792,4
000006798,4
000006804,4
000006810,4
000006816,4
000006822,4
000006828,4
000006834,4
000006840,4
000006846,4
000006852,4
000006858,4
000006864,4
000006870,4
000006876,4
000006882,4
000006888,4
000006894,4
000006900,4
000006906,4
000006912,4
000006918,4
000006924,4
000006930,4
000006936,4
000006942,4
000006948,4
000006954,4
000006960,4
000006966,4
000006972,4
000006978,4
000006984,4
000006990,4
000006996,4
000007002,4
000007008,4
000007014,4
000007020,4
000007026,4
000007032,4
000007038,4
000007044,4
000007050,4
000007056,4
000007062,4
000007068,4
000007074,4
000007080,4
000007086,4
000007092,4
000007098,4
000007104,4
000007110,4
000007116,4
000007122,4
000007128,4
000007134,4
000007140,4
000007146,4
000007152,4
000007158,4
000007164,4
000007170,4
000007176,4
000007182,4
000007188,4
000007194,4
000007200,4
000007206,4
000007212,4
000007218,4
000007224,4
000007230,4
000007236,4
000007242,4
000007248,4
000007254,4
000007260,4
000007266,4
000007272,4
000007278,4
000007284,4
000007290,4
000007296,4
000007302,4
000007308,4
000007314,4
000007320,4
000007326,4
000007332,4
000007338,4
000007344,4
000007350,4
000007356,4
000007362,4
000007368,4
000007374,4
000007380,4
000007386,4
000007392,4
000007398,4
000007404,4
000007410,4
000007416,4
000007422,4
000007428,4
000007434,4
000007440,4
000007446,4
000007452,4
000007458,4
000007464,4
000007470,4
000007476,4
000007482,4
000007488,4
000007494,4
000007500,4
000007506,4
000007512,4
000007518,4
000007524,4
000007530,4
000007536,4
000007542,4
000007548,4
000007554,4
000007560,4
000007566,4
000007572,4
000007578,4
000007584,4
000007590,4
000007596,4
000007602,4
000007608,4
000007614,4
000007620,4
000007626,4
000007632,4
000007638,4
000007644,4
000007650,4
000007656,4
000007662,4
000007668,4
000007674,4
000007680,4
000007686,4
000007692,4
000007698,4
000007704,4
000007710,4
000007716,4
000007722,4
000007728,4
000007734,4
000007740,4
000007746,4
000007752,4
000007758,4
000007764,4
000007770,4
000007776,4
000007782,4
000007788,4
000007794,4
000007800,4
000007806,4
000007812,4
000007818,4
000007824,4
000007830,4
000007836,4
000007842,4
000007848,4
000007854,4
000007860,4
000007866,4
000007872,4
000007878,4
000007884,4
000007890,4
000007896,2
000007902,2
000007908,2
000007914,2
000007920,2
000007926,2
000007932,2
000007938,2
000007944,2
000007950,2
000007956,2
000007962,2
000007968,2
000007974,2
000007980,2
000007986,2
000007992,2
000007998,2
000008004,2
000008010,2
000008016,2
000008022,2
000008028,2
000008034,2
000008040,2
000008046,2
000008052,2
000008058,2
000008064,2
000008070,2
000008076,2
000008082,2
000008088,2
000008094,2
000008100,2
000008106,2
000008112,2
000008118,2
000008124,2
000008130,2
000008136,2
000008142,2
000008148,2
000008154,2
000008160,2
000008166,2
000008172,2
000008178,2
000008184,2
000008190,2
000008196,2
000008202,2
000008208,2
000008214,2
000008220,2
000008226,2
000008232,2
000008238,2
000008244,2
000008250,2
000008256,2
000008262,2
000008268,2
000008274,2
000008280,2
000008286,2
000008292,2
000008298,3
000008304,3
000008310,3
000008316,3
000008322,3
000008328,3
000008334,3
000008340,3
000008346,3
000008352,3
000008358,3
000008364,3
000008370,3
000008376,3
000008382,3
000008388,3
000008394,3
000008400,3
000008406,3
000008412,3
000008418,3
000008424,3
000008430,3
000008436,3
000008442,3
000008448,3
000008454,3
000008460,3
000008466,3
000008472,3
000008478,3
000008484,3
000008490,3
000008496,3
000008502,3
000008508,3
000008514,3
000008520,3
000008526,3
000008532,3
000008538,3
000008544,3
000008550,3
000008556,3
000008562,3
000008568,3
000008574,3
000008580,3
000008586,3
000008592,3
000008598,3
000008604,3
000008610,3
000008616,3
000008622,3
000008628,3
000008634,3
000008640,3
000008646,3
000008652,3
000008658,3
000008664,3
000008670,3
000008676,3
000008682,3
000008688,3
000008694,3
000008700,3
000008706,3
000008712,3
000008718,3
000008724,3
000008730,3
000008736,3
000008742,4
000008748,4
000008754,4
000008760,4
000008766,4
000008772,4
000008778,4
000008784,4
000008790,4
000008796,4
000008802,4
000008808,4
000008814,4
000008820,4
000008826,4
000008832,4
000008838,4
000008844,4
000008850,4
000008856,4
000008862,4
000008868,4
000008874,4
000008880,4
000008886,4
000008892,4
000008898,4
000008904,4
000008910,4
000008916,4
000008922,4
000008928,4
000008934,4
000008940,4
000008946,4
000008952,4
000008958,4
000008964,4
000008970,4
000008976,4
000008982,4
000008988,4
000008994,4
000009000,4
000009006,4
000009012,4
000009018,4
000009024,4
000009030,4
000009036,4
000009042,4
000009048,4
000009054,4
000009060,4
000009066,4
000009072,4
000009078,4
000009084,4
000009090,4
000009096,4
000009102,4
000009108,4
000009114,4
000009120,4
000009126,4
000009132,4
000009138,4
000009144,4
000009150,4
000009156,4
000009162,4
000009168,4
000009174,4
000009180,4
000009186,4
000009192,4
000009198,4
000009204,4
000009210,4
000009216,4
000009222,4
000009228,4
000009234,4
000009240,4
000009246,4
000009252,4
000009258,4
000009264,4
000009270,4
000009276,4
000009282,4
000009288,4
000009294,4
000009300,4
000009306,4
000009312,4
000009318,4
000009324,4
000009330,4
000009336,4
000009342,4
000009348,4
000009354,4
000009360,4
000009366,4
000009372,4
000009378,4
000009384,4
000009390,4
000009396,4
000009402,4
000009408,4
000009414,4
000009420,4
000009426,4
000009432,4
000009438,4
000009444,4
000009450,4
000009456,4
000009462,4
000009468,4
000009474,4
000009480,4
000009486,4
000009492,4
000009498,4
000009504,4
000009510,4
000009516,4
000009522,4
000009528,4
000009534,4
000009540,4
000009546,4
000009552,4
000009558,4
000009564,4
000009570,4
000009576,4
000009582,4
000009588,4
000009594,4
000009600,4
000009606,4
000009612,4
000009618,4
000009624,4
000009630,4
000009636,4
000009642,4
000009648,4
000009654,4
000009660,4
000009666,4
000009672,4
000009678,4
000009684,4
000009690,4
000009696,4
000009702,4
000009708,4
000009714,4
000009720,4
000009726,4
000009732,4
000009738,4
000009744,4
000009750,4
000009756,4
000009762,4
000009768,4
000009774,4
000009780,4
000009786,4
000009792,4
000009798,4
000009804,4
000009810,4
000009816,4
000009822,2
000009828,2
000009834,2
000009840,2
000009846,2
000009852,2
000009858,2
000009864,2
000009870,2
000009876,2
000009882,2
000009888,2
000009894,2
000009900,2
000009906,2
000009912,2
000009918,2
000009924,2
000009930,2
000009936,2
000009942,2
000009948,2
000009954,2
000009960,2
000009966,2
000009972,2
000009978,2
000009984,2
000009990,2
000009996,2
000010002,2
000010008,2
000010014,2
000010020,2
000010026,3
000010032,3
000010038,3
000010044,3
000010050,3
000010056,3
000010062,3
000010068,3
000010074,3
000010080,3
000010086,3
000010092,3
000010098,3
000010104,3
000010110,3
000010116,3
000010122,3
000010128,3
000010134,3
000010140,3
000010146,3
000010152,3
000010158,3
000010164,3
000010170,3
000010176,3
000010182,3
000010188,3
000010194,3
000010200,3
000010206,3
000010212,3
000010218,3
000010224,3
000010230,3
000010236,3
000010242,3
000010248,3
000010254,3
000010260,3
000010266,3
000010272,3
000010278,3
000010284,3
000010290,3
000010296,3
000010302,3
000010308,3
000010314,3
000010320,3
000010326,3
000010332,3
000010338,3
000010344,3
000010350,3
000010356,3
000010362,3
000010368,3
000010374,3
000010380,3
000010386,3
000010392,3
000010398,3
000010404,3
000010410,3
000010416,3
000010422,3
000010428,3
000010434,3
000010440,3
000010446,3
000010452,3
000010458,3
000010464,3
000010470,3
000010476,3
000010482,3
000010488,3
000010494,3
000010500,3
000010506,3
000010512,3
000010518,3
000010524,3
000010530,4
000010536,4
000010542,4
000010548,4
000010554,4
000010560,4
000010566,4
000010572,4
000010578,4
000010584,4
000010590,4
000010596,4
000010602,4
000010608,4
000010614,4
000010620,4
000010626,4
000010632,4
000010638,4
000010644,4
000010650,4
000010656,4
000010662,4
000010668,4
000010674,4
000010680,4
000010686,4
000010692,4
000010698,4
000010704,4
000010710,4
000010716,4
000010722,4
000010728,4
000010734,4
000010740,4
000010746,4
000010752,4
000010758,4
000010764,4
000010770,4
000010776,4
000010782,4
000010788,4
000010794,4
000010800,4
000010806,4
000010812,4
000010818,4
000010824,4
000010830,4
000010836,4
000010842,4
000010848,4
000010854,4
000010860,4
000010866,4
000010872,4
000010878,4
000010884,4
000010890,4
000010896,4
000010902,4
000010908,4
000010914,4
000010920,4
000010926,4
000010932,4
000010938,4
000010944,4
000010950,4
000010956,4
000010962,4
000010968,4
000010974,4
000010980,4
000010986,4
000010992,4
000010998,4
000011004,4
000011010,4
000011016,4
000011022,4
000011028,4
000011034,4
000011040,4
000011046,4
000011052,4
000011058,4
000011064,4
000011070,4
000011076,4
000011082,4
000011088,4
000011094,4
000011100,4
000011106,4
000011112,4
000011118,4
000011124,4
000011130,4
000011136,4
000011142,4
000011148,4
000011154,4
000011160,4
000011166,4
000011172,4
000011178,4
000011184,4
000011190,4
000011196,4
000011202,4
000011208,4
000011214,4
000011220,4
000011226,4
000011232,4
000011238,4
000011244,4
000011250,4
000011256,4
000011262,4
000011268,4
000011274,4
000011280,4
000011286,4
000011292,4
000011298,4
000011304,4
000011310,4
000011316,4
000011322,4
000011328,4
000011334,4
000011340,4
000011346,4
000011352,4
000011358,4
000011364,4
000011370,4
000011376,4
000011382,4
000011388,4
000011394,4
000011400,4
000011406,4
000011412,4
000011418,4
000011424,4
000011430,4
000011436,4
000011442,4
000011448,4
000011454,4
000011460,4
000011466,4
000011472,4
000011478,4
000011484,4
000011490,4
000011496,4
000011502,4
000011508,4
000011514,4
000011520,4
000011526,4
000011532,4
000011538,4
000011544,4
000011550,4
000011556,4
000011562,4
000011568,4
000011574,4
000011580,4
000011586,4
000011592,4
000011598,4
000011604,4
000011610,4
000011616,4
000011622,4
000011628,4
000011634,4
000011640,4
000011646,4
000011652,4
000011658,4
000011664,4
000011670,4
000011676,4
000011682,4
000011688,4
000011694,4
000011700,4
000011706,4
000011712,4
000011718,4
000011724,1
000011730,1
000011736,1
000011742,1
000011748,1
000011754,1
000011760,1
000011766,1
000011772,1
000011778,1
000011784,1
000011790,1
000011796,1
000011802,1
000011808,1
000011814,1
000011820,1
000011826,1
000011832,1
000011838,1
000011844,1
000011850,1
000011856,1
000011862,1
000011868,1
000011874,1
000011880,1
000011886,1
000011892,1
000011898,1
000011904,1
000011910,1
000011916,1
000011922,1
000011928,1
000011934,1
000011940,1
000011946,1
000011952,1
000011958,1
000011964,1
000011970,1
000011976,1
000011982,1
000011988,1
000011994,1
000012000,2
000012006,2
000012012,2
000012018,2
000012024,2
000012030,2
000012036,2
000012042,2
000012048,2
000012054,2
000012060,2
000012066,2
000012072,2
000012078,2
000012084,2
000012090,2
000012096,2
000012102,2
000012108,2
000012114,2
000012120,2
000012126,2
000012132,2
000012138,2
000012144,2
000012150,2
000012156,2
000012162,2
000012168,2
000012174,2
000012180,2
000012186,2
000012192,2
000012198,2
000012204,2
000012210,2
000012216,2
000012222,2
000012228,2
000012234,2
000012240,2
000012246,2
000012252,2
000012258,2
000012264,2
000012270,2
000012276,2
000012282,2
000012288,2
000012294,2
000012300,2
000012306,2
000012312,2
000012318,2
000012324,2
000012330,2
000012336,2
000012342,2
000012348,2
000012354,2
000012360,2
000012366,2
000012372,2
000012378,2
000012384,2
000012390,2
000012396,2
000012402,2
000012408,2
000012414,2
000012420,2
000012426,2
000012432,2
000012438,2
000012444,2
000012450,2
000012456,2
000012462,2
000012468,2
000012474,2
000012480,2
000012486,2
000012492,2
000012498,2
000012504,2
000012510,2
000012516,2
000012522,2
000012528,2
000012534,2
000012540,2
000012546,2
000012552,2
000012558,2
000012564,2
000012570,2
000012576,2
000012582,2
000012588,2
000012594,2
000012600,2
000012606,2
000012612,2
000012618,2
000012624,2
000012630,2
000012636,2
000012642,2
000012648,2
000012654,2
000012660,2
000012666,2
000012672,2
000012678,2
000012684,2
000012690,2
000012696,2
000012702,2
000012708,2
000012714,2
000012720,2
000012726,2
000012732,2
000012738,2
000012744,2
000012750,2
000012756,2
000012762,2
000012768,2
000012774,2
000012780,2
000012786,2
000012792,2
000012798,2
000012804,2
000012810,2
000012816,2
000012822,2
000012828,2
000012834,2
000012840,2
000012846,2
000012852,2
000012858,2
000012864,2
000012870,2
000012876,2
000012882,2
000012888,2
000012894,2
000012900,2
000012906,2
000012912,2
000012918,2
000012924,2
000012930,2
000012936,2
000012942,2
000012948,2
000012954,2
000012960,2
000012966,2
000012972,2
000012978,2
000012984,2
000012990,2
000012996,2
000013002,2
000013008,2
000013014,2
000013020,3
000013026,3
000013032,3
000013038,3
000013044,3
000013050,3
000013056,3
000013062,3
000013068,3
000013074,3
000013080,3
000013086,3
000013092,3
000013098,3
000013104,3
000013110,3
000013116,3
000013122,3
000013128,3
000013134,3
000013140,3
000013146,3
000013152,3
000013158,3
000013164,3
000013170,3
000013176,3
000013182,3
000013188,3
000013194,3
000013200,3
000013206,3
000013212,3
000013218,3
000013224,3
000013230,3
000013236,3
000013242,3
000013248,3
000013254,3
000013260,3
000013266,3
000013272,3
000013278,3
000013284,3
000013290,3
000013296,3
000013302,3
000013308,3
000013314,3
000013320,3
000013326,3
000013332,3
000013338,3
000013344,3
000013350,3
000013356,3
000013362,3
000013368,3
000013374,3
000013380,3
000013386,3
000013392,3
000013398,3
000013404,3
000013410,3
000013416,3
000013422,3
000013428,3
000013434,3
000013440,3
000013446,3
000013452,3
000013458,3
000013464,3
000013470,3
000013476,3
000013482,3
000013488,3
000013494,3
000013500,3
000013506,3
000013512,3
000013518,3
000013524,3
000013530,3
000013536,3
000013542,3
000013548,3
000013554,3
000013560,3
000013566,3
000013572,3
000013578,3
000013584,3
000013590,3
000013596,3
000013602,3
000013608,3
000013614,3
000013620,3
000013626,3
000013632,3
000013638,3
000013644,3
000013650,3
000013656,3
000013662,3
000013668,3
000013674,3
000013680,3
000013686,3
000013692,3
000013698,3
000013704,3
000013710,3
000013716,3
000013722,3
000013728,3
000013734,3
000013740,3
000013746,3
000013752,3
000013758,3
000013764,3
000013770,3
000013776,3
000013782,3
000013788,3
000013794,4
000013800,4
000013806,4
000013812,4
000013818,4
000013824,4
000013830,4
000013836,4
000013842,4
000013848,4
000013854,4
000013860,4
000013866,4
000013872,4
000013878,4
000013884,4
000013890,4
000013896,4
000013902,4
000013908,4
000013914,4
000013920,4
000013926,4
000013932,4
000013938,4
000013944,4
000013950,4
000013956,4
000013962,4
000013968,4
000013974,4
000013980,4
000013986,4
000013992,4
000013998,4
000014004,4
000014010,4
000014016,4
000014022,4
000014028,4
000014034,4
000014040,4
000014046,4
000014052,4
000014058,4
000014064,4
000014070,4
000014076,4
000014082,4
000014088,4
000014094,4
000014100,4
000014106,4
000014112,4
000014118,4
000014124,4
000014130,4
000014136,4
000014142,4
000014148,4
000014154,4
000014160,4
000014166,4
000014172,4
000014178,4
000014184,4
000014190,4
000014196,4
000014202,4
000014208,4
000014214,4
000014220,4
000014226,4
000014232,4
000014238,4
000014244,4
000014250,4
000014256,4
000014262,4
000014268,4
000014274,4
000014280,4
000014286,4
000014292,4
000014298,4
000014304,4
000014310,4
000014316,4
000014322,4
000014328,4
000014334,4
000014340,4
000014346,4
000014352,4
000014358,4
000014364,4
000014370,4
000014376,4
000014382,4
000014388,4
000014394,4
000014400,4
000014406,4
000014412,4
000014418,4
000014424,4
000014430,4
000014436,4
000014442,4
000014448,4
000014454,4
000014460,4
000014466,4
000014472,4
000014478,4
000014484,4
000014490,4
000014496,4
000014502,4
000014508,4
000014514,4
000014520,4
000014526,4
000014532,4
000014538,4
000014544,4
000014550,4
000014556,4
000014562,4
000014568,4
000014574,4
000014580,4
000014586,4
000014592,4
000014598,4
000014604,4
000014610,4
000014616,4
000014622,4
000014628,4
000014634,4
000014640,4
000014646,4
000014652,4
000014658,4
000014664,4
000014670,4
000014676,4
000014682,4
000014688,4
000014694,4
000014700,4
000014706,4
000014712,4
000014718,4
000014724,4
000014730,4
000014736,4
000014742,4
000014748,4
000014754,4
000014760,4
000014766,4
000014772,4
000014778,4
000014784,4
000014790,4
000014796,4
000014802,4
000014808,4
000014814,4
000014820,4
000014826,4
000014832,4
000014838,4
000014844,4
000014850,4
000014856,4
000014862,4
000014868,4
000014874,4
000014880,4
000014886,4
000014892,4
000014898,4
000014904,4
000014910,4
000014916,4
000014922,4
000014928,4
000014934,4
000014940,4
000014946,4
000014952,4
000014958,4
000014964,4
000014970,4
000014976,4
000014982,4
000014988,4
000014994,4
000015000,4
000015006,4
000015012,2
000015018,2
000015024,2
000015030,2
000015036,2
000015042,2
000015048,2
000015054,2
000015060,2
000015066,2
000015072,2
000015078,2
000015084,2
000015090,2
000015096,2
000015102,2
000015108,2
000015114,2
000015120,2
000015126,2
000015132,2
000015138,2
000015144,2
000015150,2
000015156,2
000015162,2
000015168,2
000015174,2
000015180,2
000015186,2
000015192,2
000015198,2
000015204,2
000015210,2
000015216,2
000015222,2
000015228,2
000015234,2
000015240,2
000015246,2
000015252,2
000015258,2
000015264,2
000015270,2
000015276,2
000015282,2
000015288,2
000015294,2
000015300,2
000015306,2
000015312,2
000015318,2
000015324,2
000015330,2
000015336,2
000015342,2
000015348,2
000015354,3
000015360,3
000015366,3
000015372,3
000015378,3
000015384,3
000015390,3
000015396,3
000015402,3
000015408,3
000015414,3
000015420,3
000015426,3
000015432,3
000015438,3
000015444,3
000015450,3
000015456,3
000015462,3
000015468,3
000015474,3
000015480,3
000015486,3
000015492,3
000015498,3
000015504,3
000015510,3
000015516,3
000015522,3
000015528,3
000015534,3
000015540,3
000015546,3
000015552,3
000015558,3
000015564,3
000015570,3
000015576,3
000015582,3
000015588,3
000015594,3
000015600,3
000015606,3
000015612,3
000015618,3
000015624,3
000015630,3
000015636,3
000015642,3
000015648,3
000015654,3
000015660,3
000015666,3
000015672,3
000015678,3
000015684,3
000015690,3
000015696,3
000015702,3
000015708,3
000015714,3
000015720,3
000015726,3
000015732,3
000015738,3
000015744,3
000015750,3
000015756,3
000015762,3
000015768,3
000015774,3
000015780,3
000015786,3
000015792,3
000015798,3
000015804,3
000015810,3
000015816,3
000015822,3
000015828,3
000015834,3
000015840,3
000015846,3
000015852,3
000015858,3
000015864,3
000015870,3
000015876,3
000015882,3
000015888,3
000015894,3
000015900,3
000015906,3
000015912,3
000015918,3
000015924,3
000015930,3
000015936,3
000015942,3
000015948,3
000015954,3
000015960,4
000015966,4
000015972,4
000015978,4
000015984,4
000015990,4
000015996,4
000016002,4
000016008,4
000016014,4
000016020,4
000016026,4
000016032,4
000016038,4
000016044,4
000016050,4
000016056,4
000016062,4
000016068,4
000016074,4
000016080,4
000016086,4
000016092,4
000016098,4
000016104,4
000016110,4
000016116,4
000016122,4
000016128,4
000016134,4
000016140,4
000016146,4
000016152,4
000016158,4
000016164,4
000016170,4
000016176,4
000016182,4
000016188,4
000016194,4
000016200,4
000016206,4
000016212,4
000016218,4
000016224,4
000016230,4
000016236,4
000016242,4
000016248,4
000016254,4
000016260,4
000016266,4
000016272,4
000016278,4
000016284,4
000016290,4
000016296,4
000016302,4
000016308,4
000016314,4
000016320,4
000016326,4
000016332,4
000016338,4
000016344,4
000016350,4
000016356,4
000016362,4
000016368,4
000016374,4
000016380,4
000016386,4
000016392,4
000016398,4
000016404,4
000016410,4
000016416,4
000016422,4
000016428,4
000016434,4
000016440,4
000016446,4
000016452,4
000016458,4
000016464,4
000016470,4
000016476,2
000016482,2
000016488,2
000016494,2
000016500,2
000016506,2
000016512,2
000016518,2
000016524,2
000016530,2
000016536,2
000016542,2
000016548,2
000016554,2
000016560,2
000016566,2
000016572,2
000016578,2
000016584,2
000016590,2
000016596,2
000016602,2
000016608,2
000016614,2
000016620,2
000016626,2
000016632,2
000016638,2
000016644,2
000016650,2
000016656,2
000016662,2
000016668,2
000016674,2
000016680,2
000016686,2
000016692,2
000016698,2
000016704,2
000016710,2
000016716,2
000016722,2
000016728,2
000016734,2
000016740,2
000016746,2
000016752,2
000016758,2
000016764,2
000016770,2
000016776,2
000016782,2
000016788,2
000016794,2
000016800,2
000016806,2
000016812,2
000016818,2
000016824,2
000016830,2
000016836,2
000016842,2
000016848,2
000016854,2
000016860,2
000016866,2
000016872,2
000016878,2
000016884,2
000016890,2
000016896,2
000016902,2
000016908,2
000016914,2
000016920,2
000016926,2
000016932,2
000016938,2
000016944,2
000016950,2
000016956,2
000016962,2
000016968,2
000016974,2
000016980,2
000016986,2
000016992,2
000016998,2
000017004,2
000017010,2
000017016,2
000017022,2
000017028,2
000017034,2
000017040,2
000017046,2
000017052,2
000017058,3
000017064,3
000017070,3
000017076,3
000017082,3
000017088,3
000017094,3
000017100,3
000017106,3
000017112,3
000017118,3
000017124,3
000017130,3
000017136,3
000017142,3
000017148,3
000017154,3
000017160,3
000017166,3
000017172,3
000017178,3
000017184,3
000017190,3
000017196,3
000017202,3
000017208,3
000017214,3
000017220,3
000017226,3
000017232,3
000017238,3
000017244,3
000017250,3
000017256,3
000017262,3
000017268,3
000017274,3
000017280,3
000017286,3
000017292,3
000017298,3
000017304,3
000017310,3
000017316,3
000017322,3
000017328,3
000017334,3
000017340,3
000017346,3
000017352,3
000017358,3
000017364,3
000017370,3
000017376,3
000017382,3
000017388,3
000017394,3
000017400,3
000017406,3
000017412,3
000017418,3
000017424,3
000017430,3
000017436,3
000017442,3
000017448,3
000017454,3
000017460,3
000017466,3
000017472,3
000017478,3
000017484,3
000017490,3
000017496,3
000017502,3
000017508,3
000017514,3
000017520,3
000017526,3
000017532,3
000017538,3
000017544,3
000017550,3
000017556,3
000017562,3
000017568,3
000017574,3
000017580,3
000017586,3
000017592,3
000017598,3
000017604,3
000017610,3
000017616,3
000017622,3
000017628,3
000017634,3
000017640,3
000017646,3
000017652,3
000017658,3
000017664,3
000017670,3
000017676,3
000017682,3
000017688,3
000017694,3
000017700,3
000017706,3
000017712,3
000017718,3
000017724,3
000017730,3
000017736,3
000017742,3
000017748,3
000017754,3
000017760,3
000017766,3
000017772,3
000017778,3
000017784,3
000017790,3
000017796,3
000017802,3
000017808,3
000017814,3
000017820,3
000017826,3
000017832,3
000017838,3
000017844,3
000017850,3
000017856,3
000017862,3
000017868,3
000017874,3
000017880,3
000017886,3
000017892,3
000017898,3
000017904,3
000017910,3
000017916,3
000017922,3
000017928,3
000017934,3
000017940,3
000017946,3
000017952,3
000017958,3
000017964,3
000017970,3
000017976,3
000017982,3
000017988,3
000017994,3
000018000,3
000018006,3
000018012,3
000018018,3
000018024,3
000018030,3
000018036,3
000018042,3
000018048,3
000018054,3
000018060,3
000018066,3
000018072,3
000018078,3
000018084,3
000018090,3
000018096,3
000018102,3
000018108,3
000018114,3
000018120,3
000018126,3
000018132,3
000018138,3
000018144,3
000018150,3
000018156,3
000018162,3
000018168,3
000018174,3
000018180,3
000018186,3
000018192,3
000018198,3
000018204,3
000018210,3
000018216,3
000018222,3
000018228,3
000018234,3
000018240,3
000018246,3
000018252,3
000018258,3
000018264,3
000018270,3
000018276,3
000018282,3
000018288,3
000018294,3
000018300,3
000018306,3
000018312,3
000018318,3
000018324,3
000018330,3
000018336,3
000018342,3
000018348,3
000018354,3
000018360,3
000018366,3
000018372,3
000018378,3
000018384,3
000018390,3
000018396,3
000018402,3
000018408,3
000018414,3
000018420,3
000018426,3
000018432,3
000018438,3
000018444,4
000018450,4
000018456,4
000018462,4
000018468,4
000018474,4
000018480,4
000018486,4
000018492,4
000018498,4
000018504,4
000018510,4
000018516,4
000018522,4
000018528,4
000018534,4
000018540,4
000018546,4
000018552,4
000018558,4
000018564,4
000018570,4
000018576,4
000018582,4
000018588,4
000018594,4
000018600,4
000018606,4
000018612,4
000018618,4
000018624,4
000018630,4
000018636,4
000018642,4
000018648,4
000018654,4
000018660,4
000018666,4
000018672,4
000018678,4
000018684,4
000018690,4
000018696,4
000018702,4
000018708,4
000018714,4
000018720,4
000018726,4
000018732,4
000018738,4
000018744,4
000018750,4
000018756,4
000018762,4
000018768,4
000018774,4
000018780,4
000018786,4
000018792,4
000018798,4
000018804,4
000018810,4
000018816,4
000018822,4
000018828,4
000018834,4
000018840,4
000018846,4
000018852,4
000018858,4
000018864,4
000018870,4
000018876,4
000018882,4
000018888,4
000018894,4
000018900,4
000018906,4
000018912,4
000018918,4
000018924,4
000018930,4
000018936,4
000018942,4
000018948,4
000018954,4
000018960,4
000018966,4
000018972,4
000018978,4
000018984,4
000018990,4
000018996,4
000019002,4
000019008,4
000019014,4
000019020,4
000019026,4
000019032,4
000019038,4
000019044,4
000019050,4
000019056,4
000019062,4
000019068,4
000019074,4
000019080,4
000019086,1
000019092,1
000019098,1
000019104,1
000019110,1
000019116,1
000019122,1
000019128,1
000019134,1
000019140,1
000019146,1
000019152,1
000019158,1
000019164,1
000019170,1
000019176,1
000019182,1
000019188,1
000019194,1
000019200,1
000019206,1
000019212,1
000019218,1
000019224,1
000019230,1
000019236,1
000019242,2
000019248,2
000019254,2
000019260,2
000019266,2
000019272,2
000019278,2
000019284,2
000019290,2
000019296,2
000019302,2
000019308,2
000019314,2
000019320,2
000019326,2
000019332,2
000019338,2
000019344,2
000019350,2
000019356,2
000019362,2
000019368,2
000019374,2
000019380,2
000019386,2
000019392,2
000019398,2
000019404,2
000019410,2
000019416,2
000019422,2
000019428,2
000019434,2
000019440,2
000019446,2
000019452,2
000019458,2
000019464,2
000019470,2
000019476,2
000019482,2
000019488,2
000019494,2
000019500,4
000019506,4
000019512,4
000019518,4
000019524,4
000019530,4
000019536,4
000019542,4
000019548,4
000019554,4
000019560,4
000019566,4
000019572,4
000019578,4
000019584,4
000019590,4
000019596,4
000019602,4
000019608,4
000019614,4
000019620,4
000019626,4
000019632,4
000019638,4
000019644,4
000019650,4
000019656,4
000019662,4
000019668,4
000019674,4
000019680,4
000019686,4
000019692,4
000019698,4
000019704,4
000019710,4
000019716,4
000019722,4
000019728,4
000019734,4
000019740,4
000019746,2
000019752,2
000019758,2
000019764,2
000019770,2
000019776,2
000019782,2
000019788,2
000019794,2
000019800,2
000019806,2
000019812,2
000019818,2
000019824,2
000019830,2
000019836,2
000019842,2
000019848,2
000019854,2
000019860,2
000019866,2
000019872,2
000019878,2
000019884,2
000019890,2
000019896,2
000019902,2
000019908,2
000019914,2
000019920,2
000019926,2
000019932,2
000019938,2
000019944,2
000019950,2
000019956,2
000019962,2
000019968,2
000019974,2
000019980,2
000019986,2
000019992,2
000019998,2
000020004,2
000020010,2
000020016,2
000020022,2
000020028,2
000020034,2
000020040,2
000020046,2
000020052,2
000020058,2
000020064,2
000020070,2
000020076,2
000020082,2
000020088,2
000020094,2
000020100,2
000020106,2
000020112,2
000020118,2
000020124,2
000020130,2
000020136,2
000020142,2
000020148,2
000020154,2
000020160,2
000020166,2
000020172,2
000020178,2
000020184,2
000020190,2
000020196,2
000020202,2
000020208,2
000020214,2
000020220,2
000020226,2
000020232,2
000020238,2
000020244,2
000020250,2
000020256,2
000020262,2
000020268,2
000020274,2
000020280,2
000020286,2
000020292,2
000020298,2
000020304,2
000020310,2
000020316,2
000020322,2
000020328,2
000020334,2
000020340,2
000020346,2
000020352,2
000020358,3
000020364,3
000020370,3
000020376,3
000020382,3
000020388,3
000020394,3
000020400,3
000020406,3
000020412,3
000020418,3
000020424,3
000020430,3
000020436,3
000020442,3
000020448,3
000020454,3
000020460,3
000020466,3
000020472,3
000020478,3
000020484,3
000020490,3
000020496,3
000020502,3
000020508,3
000020514,3
000020520,3
000020526,3
000020532,3
000020538,3
000020544,3
000020550,3
000020556,3
000020562,3
000020568,3
000020574,3
000020580,3
000020586,3
000020592,3
000020598,3
000020604,3
000020610,3
000020616,3
000020622,3
000020628,3
000020634,2
000020640,2
000020646,2
000020652,2
000020658,2
000020664,2
000020670,2
000020676,2
000020682,2
000020688,2
000020694,2
000020700,2
000020706,2
000020712,2
000020718,2
000020724,2
000020730,2
000020736,2
000020742,2
000020748,2
000020754,3
000020760,3
000020766,3
000020772,3
000020778,3
000020784,3
000020790,3
000020796,3
000020802,3
000020808,3
000020814,3
000020820,3
000020826,3
000020832,3
000020838,3
000020844,3
000020850,3
000020856,3
000020862,3
000020868,3
000020874,3
000020880,3
000020886,3
000020892,3
000020898,3
000020904,3
000020910,3
000020916,3
000020922,3
000020928,3
000020934,3
000020940,3
000020946,3
000020952,3
000020958,3
000020964,3
000020970,3
000020976,3
000020982,3
000020988,3
000020994,3
000021000,3
000021006,3
000021012,3
000021018,3
000021024,3
000021030,3
000021036,3
000021042,3
000021048,3
000021054,3
000021060,3
000021066,3
000021072,4
000021078,4
000021084,4
000021090,4
000021096,4
000021102,4
000021108,4
000021114,4
000021120,4
000021126,4
000021132,4
000021138,4
000021144,4
000021150,4
000021156,4
000021162,4
000021168,4
000021174,4
000021180,4
000021186,4
000021192,4
000021198,4
000021204,4
000021210,4
000021216,4
000021222,4
000021228,4
000021234,4
000021240,4
000021246,4
000021252,4
000021258,4
000021264,4
000021270,4
000021276,4
000021282,4
000021288,4
000021294,4
000021300,4
000021306,4
000021312,4
000021318,4
000021324,4
000021330,4
000021336,4
000021342,4
000021348,4
000021354,4
000021360,4
000021366,4
000021372,4
000021378,4
000021384,4
000021390,4
000021396,4
000021402,4
000021408,4
000021414,4
000021420,4
000021426,4
000021432,4
000021438,4
000021444,4
000021450,4
000021456,4
000021462,4
000021468,4
000021474,4
000021480,4
000021486,4
000021492,4
000021498,4
000021504,4
000021510,4
000021516,4
000021522,4
000021528,4
000021534,4
000021540,4
000021546,4
000021552,4
000021558,4
000021564,4
000021570,4
000021576,4
000021582,4
000021588,4
000021594,4
000021600,4
000021606,4
000021612,4
000021618,4
000021624,4
000021630,4
000021636,4
000021642,4
000021648,4
000021654,4
000021660,4
000021666,4
000021672,4
000021678,4
000021684,4
000021690,4
000021696,4
000021702,4
000021708,4
000021714,4
000021720,4
000021726,4
000021732,4
000021738,4
000021744,4
000021750,4
000021756,4
000021762,4
000021768,4
000021774,4
000021780,4
000021786,4
000021792,4
000021798,4
000021804,4
000021810,4
000021816,4
000021822,4
000021828,4
000021834,4
000021840,4
000021846,4
000021852,4
000021858,4
000021864,4
000021870,4
000021876,4
000021882,4
000021888,4
000021894,4
000021900,4
000021906,4
000021912,4
000021918,4
000021924,4
000021930,4
000021936,4
000021942,2
000021948,2
000021954,2
000021960,2
000021966,2
000021972,2
000021978,2
000021984,2
000021990,2
000021996,2
000022002,2
000022008,2
000022014,2
000022020,2
000022026,2
000022032,2
000022038,2
000022044,2
000022050,2
000022056,2
000022062,2
000022068,2
000022074,2
000022080,2
000022086,2
000022092,2
000022098,2
000022104,2
000022110,2
000022116,2
000022122,2
000022128,2
000022134,2
000022140,2
000022146,2
000022152,2
000022158,2
000022164,2
000022170,2
000022176,2
000022182,2
000022188,2
000022194,2
000022200,2
000022206,2
000022212,2
000022218,2
000022224,3
000022230,3
000022236,3
000022242,3
000022248,3
000022254,3
000022260,3
000022266,3
000022272,3
000022278,3
000022284,3
000022290,3
000022296,3
000022302,3
000022308,3
000022314,3
000022320,3
000022326,3
000022332,3
000022338,3
000022344,3
000022350,3
000022356,3
000022362,3
000022368,3
000022374,3
000022380,3
000022386,3
000022392,3
000022398,3
000022404,3
000022410,3
000022416,3
000022422,3
000022428,3
000022434,3
000022440,3
000022446,3
000022452,3
000022458,3
000022464,3
000022470,3
000022476,3
000022482,3
000022488,3
000022494,3
000022500,3
000022506,3
000022512,3
000022518,3
000022524,3
000022530,3
000022536,3
000022542,3
000022548,3
000022554,3
000022560,3
000022566,3
000022572,3
000022578,3
000022584,3
000022590,3
000022596,3
000022602,3
000022608,3
000022614,3
000022620,3
000022626,3
000022632,3
000022638,3
000022644,3
000022650,3
000022656,3
000022662,3
000022668,3
000022674,3
000022680,3
000022686,3
000022692,3
000022698,3
000022704,4
000022710,4
000022716,4
000022722,4
000022728,4
000022734,4
000022740,4
000022746,4
000022752,4
000022758,4
000022764,4
000022770,4
000022776,4
000022782,4
000022788,4
000022794,4
000022800,4
000022806,4
000022812,4
000022818,4
000022824,4
000022830,4
000022836,4
000022842,4
000022848,4
000022854,4
000022860,4
000022866,4
000022872,4
000022878,4
000022884,4
000022890,4
000022896,4
000022902,4
000022908,4
000022914,4
000022920,4
000022926,4
000022932,4
000022938,4
000022944,4
000022950,4
000022956,4
000022962,4
000022968,4
000022974,4
000022980,4
000022986,4
000022992,4
000022998,4
000023004,4
000023010,4
000023016,4
000023022,4
000023028,4
000023034,4
000023040,4
000023046,4
000023052,4
000023058,4
000023064,4
000023070,4
000023076,4
000023082,4
000023088,4
000023094,4
000023100,4
000023106,4
000023112,4
000023118,4
000023124,4
000023130,4
000023136,4
000023142,4
000023148,4
000023154,4
000023160,4
000023166,4
000023172,4
000023178,4
000023184,4
000023190,4
000023196,4
000023202,4
000023208,4
000023214,4
000023220,4
000023226,4
000023232,4
000023238,4
000023244,4
000023250,4
000023256,4
000023262,4
000023268,4
000023274,4
000023280,2
000023286,2
000023292,2
000023298,2
000023304,2
000023310,2
000023316,2
000023322,2
000023328,2
000023334,2
000023340,2
000023346,2
000023352,2
000023358,2
000023364,2
000023370,2
000023376,2
000023382,3
000023388,3
000023394,3
000023400,3
000023406,3
000023412,3
000023418,3
000023424,3
000023430,3
000023436,3
000023442,3
000023448,3
000023454,3
000023460,3
000023466,3
000023472,3
000023478,3
000023484,3
000023490,3
000023496,3
000023502,3
000023508,3
000023514,3
000023520,3
000023526,3
000023532,3
000023538,3
000023544,3
000023550,3
000023556,3
000023562,3
000023568,3
000023574,3
000023580,3
000023586,3
000023592,3
000023598,3
000023604,3
000023610,3
000023616,3
000023622,3
000023628,3
000023634,3
000023640,3
000023646,3
000023652,3
000023658,3
000023664,3
000023670,3
000023676,3
000023682,3
000023688,3
000023694,3
000023700,3
000023706,3
000023712,3
000023718,3
000023724,3
000023730,3
000023736,2
000023742,2
000023748,2
000023754,2
000023760,2
000023766,2
000023772,2
000023778,2
000023784,2
000023790,2
000023796,2
000023802,2
000023808,2
000023814,2
000023820,2
000023826,2
000023832,2
000023838,2
000023844,2
000023850,2
000023856,2
000023862,2
000023868,2
000023874,2
000023880,2
000023886,2
000023892,2
000023898,2
000023904,2
000023910,2
000023916,2
000023922,2
000023928,2
000023934,2
000023940,2
000023946,2
000023952,2
000023958,2
000023964,2
000023970,2
000023976,2
000023982,2
000023988,2
000023994,2
000024000,2
000024006,2
000024012,3
000024018,3
000024024,3
000024030,3
000024036,3
000024042,3
000024048,3
000024054,3
000024060,3
000024066,3
000024072,3
000024078,3
000024084,3
000024090,3
000024096,3
000024102,3
000024108,3
000024114,3
000024120,3
000024126,3
000024132,3
000024138,3
000024144,3
000024150,3
000024156,3
000024162,3
000024168,3
000024174,3
000024180,3
000024186,3
000024192,3
000024198,3
000024204,3
000024210,3
000024216,3
000024222,3
000024228,3
000024234,3
000024240,3
000024246,3
000024252,3
000024258,3
000024264,3
000024270,3
000024276,3
000024282,3
000024288,3
000024294,3
000024300,3
000024306,3
000024312,3
000024318,3
000024324,3
000024330,3
000024336,3
000024342,3
000024348,3
000024354,3
000024360,3
000024366,3
000024372,4
000024378,4
000024384,4
000024390,4
000024396,4
000024402,4
000024408,4
000024414,4
000024420,4
000024426,4
000024432,4
000024438,4
000024444,4
000024450,4
000024456,4
000024462,4
000024468,4
000024474,4
000024480,4
000024486,4
000024492,4
000024498,4
000024504,4
000024510,4
000024516,4
000024522,4
000024528,4
000024534,4
000024540,4
000024546,4
000024552,4
000024558,4
000024564,4
000024570,4
000024576,4
000024582,4
000024588,4
000024594,4
000024600,4
000024606,4
000024612,4
000024618,4
000024624,4
000024630,4
000024636,4
000024642,4
000024648,4
000024654,4
000024660,4
000024666,4
000024672,4
000024678,4
000024684,4
000024690,4
000024696,4
000024702,4
000024708,4
000024714,4
000024720,4
000024726,4
000024732,4
000024738,4
000024744,4
000024750,4
000024756,4
000024762,4
000024768,4
000024774,4
000024780,4
000024786,4
000024792,4
000024798,4
000024804,4
000024810,4
000024816,4
000024822,4
000024828,4
000024834,4
000024840,4
000024846,4
000024852,4
000024858,4
000024864,4
000024870,4
000024876,4
000024882,4
000024888,4
000024894,4
000024900,4
000024906,4
000024912,4
000024918,4
000024924,4
000024930,4
000024936,4
000024942,4
000024948,4
000024954,4
000024960,4
000024966,4
000024972,4
000024978,4
000024984,4
000024990,4
000024996,2
000025002,2
000025008,2
000025014,2
000025020,2
000025026,2
000025032,2
000025038,2
000025044,2
000025050,2
000025056,2
000025062,2
000025068,2
000025074,2
000025080,2
000025086,2
000025092,2
000025098,2
000025104,2
000025110,2
000025116,2
000025122,2
000025128,2
000025134,2
000025140,2
000025146,2
000025152,2
000025158,2
000025164,2
000025170,2
000025176,2
000025182,2
000025188,2
000025194,2
000025200,2
000025206,2
000025212,2
000025218,2
000025224,2
000025230,2
000025236,2
000025242,2
000025248,2
000025254,2
000025260,2
000025266,2
000025272,3
000025278,3
000025284,3
000025290,3
000025296,3
000025302,3
000025308,3
000025314,3
000025320,3
000025326,3
000025332,3
000025338,3
000025344,3
000025350,3
000025356,3
000025362,3
000025368,3
000025374,3
000025380,3
000025386,3
000025392,3
000025398,3
000025404,3
000025410,3
000025416,3
000025422,3
000025428,3
000025434,3
000025440,3
000025446,3
000025452,3
000025458,3
000025464,3
000025470,3
000025476,3
000025482,3
000025488,3
000025494,3
000025500,3
000025506,3
000025512,3
000025518,3
000025524,3
000025530,3
000025536,3
000025542,3
000025548,3
000025554,3
000025560,3
000025566,3
000025572,3
000025578,3
000025584,3
000025590,3
000025596,3
000025602,3
000025608,3
000025614,3
000025620,4
000025626,4
000025632,4
000025638,4
000025644,4
000025650,4
000025656,4
000025662,4
000025668,4
000025674,4
000025680,4
000025686,4
000025692,4
000025698,4
000025704,4
000025710,4
000025716,4
000025722,4
000025728,4
000025734,4
000025740,4
000025746,4
000025752,4
000025758,4
000025764,4
000025770,4
000025776,4
000025782,4
000025788,4
000025794,4
000025800,4
000025806,4
000025812,4
000025818,4
000025824,4
000025830,4
000025836,4
000025842,4
000025848,4
000025854,4
000025860,4
000025866,4
000025872,4
000025878,4
000025884,4
000025890,4
000025896,4
000025902,4
000025908,4
000025914,4
000025920,4
000025926,4
000025932,4
000025938,4
000025944,4
000025950,4
000025956,4
000025962,4
000025968,4
000025974,4
000025980,4
000025986,4
000025992,4
000025998,4
000026004,4
000026010,4
000026016,4
000026022,4
000026028,4
000026034,4
000026040,4
000026046,4
000026052,4
000026058,4
000026064,4
000026070,4
000026076,4
000026082,4
000026088,4
000026094,4
000026100,4
000026106,4
000026112,4
000026118,4
000026124,4
000026130,4
000026136,4
000026142,4
000026148,4
000026154,4
000026160,4
000026166,4
000026172,4
000026178,4
000026184,4
000026190,2
000026196,2
000026202,2
000026208,2
000026214,2
000026220,2
000026226,2
000026232,2
000026238,2
000026244,2
000026250,2
000026256,2
000026262,2
000026268,2
000026274,2
000026280,2
000026286,2
000026292,2
000026298,2
000026304,2
000026310,2
000026316,2
000026322,2
000026328,2
000026334,2
000026340,2
000026346,2
000026352,2
000026358,2
000026364,2
000026370,2
000026376,2
000026382,2
000026388,2
000026394,2
000026400,2
000026406,2
000026412,2
000026418,2
000026424,2
000026430,2
000026436,2
000026442,2
000026448,2
000026454,2
000026460,2
000026466,2
000026472,2
000026478,2
000026484,2
000026490,2
000026496,2
000026502,2
000026508,2
000026514,2
000026520,2
000026526,2
000026532,2
000026538,2
000026544,2
000026550,2
000026556,2
000026562,2
000026568,2
000026574,2
000026580,2
000026586,2
000026592,2
000026598,2
000026604,2
000026610,2
000026616,2
000026622,2
000026628,2
000026634,3
000026640,3
000026646,3
000026652,3
000026658,3
000026664,3
000026670,3
000026676,3
000026682,3
000026688,3
000026694,3
000026700,3
000026706,3
000026712,3
000026718,3
000026724,3
000026730,3
000026736,3
000026742,3
000026748,3
000026754,3
000026760,3
000026766,3
000026772,3
000026778,3
000026784,3
000026790,3
000026796,3
000026802,3
000026808,3
000026814,3
000026820,3
000026826,3
000026832,3
000026838,3
000026844,3
000026850,3
000026856,3
000026862,3
000026868,3
000026874,3
000026880,3
000026886,3
000026892,3
000026898,3
000026904,3
000026910,3
000026916,3
000026922,3
000026928,3
000026934,3
000026940,3
000026946,3
000026952,3
000026958,3
000026964,3
000026970,3
000026976,3
000026982,3
000026988,3
000026994,3
000027000,3
000027006,3
000027012,3
000027018,3
000027024,3
000027030,3
000027036,3
000027042,3
000027048,3
000027054,3
000027060,3
000027066,3
000027072,3
000027078,3
000027084,3
000027090,3
000027096,3
000027102,3
000027108,3
000027114,3
000027120,3
000027126,3
000027132,3
000027138,3
000027144,3
000027150,3
000027156,3
000027162,3
000027168,3
000027174,3
000027180,3
000027186,3
000027192,3
000027198,3
000027204,3
000027210,3
000027216,3
000027222,3
000027228,3
000027234,3
000027240,3
000027246,3
000027252,3
000027258,3
000027264,3
000027270,3
000027276,3
000027282,3
000027288,3
000027294,3
000027300,3
000027306,3
000027312,3
000027318,3
000027324,3
000027330,3
000027336,3
000027342,3
000027348,3
000027354,3
000027360,3
000027366,3
000027372,3
000027378,3
000027384,3
000027390,3
000027396,3
000027402,3
000027408,3
000027414,3
000027420,3
000027426,3
000027432,3
000027438,3
000027444,3
000027450,3
000027456,3
000027462,3
000027468,3
000027474,3
000027480,3
000027486,3
000027492,3
000027498,3
000027504,3
000027510,3
000027516,3
000027522,3
000027528,3
000027534,3
000027540,3
000027546,3
000027552,3
000027558,3
000027564,3
000027570,3
000027576,3
000027582,3
000027588,3
000027594,3
000027600,3
000027606,3
000027612,4
000027618,4
000027624,4
000027630,4
000027636,4
000027642,4
000027648,4
000027654,4
000027660,4
000027666,4
000027672,4
000027678,4
000027684,4
000027690,4
000027696,4
000027702,4
000027708,4
000027714,4
000027720,4
000027726,4
000027732,4
000027738,4
000027744,4
000027750,4
000027756,4
000027762,4
000027768,4
000027774,4
000027780,4
000027786,4
000027792,4
000027798,4
000027804,4
000027810,4
000027816,4
000027822,4
000027828,4
000027834,4
000027840,4
000027846,4
000027852,4
000027858,4
000027864,4
000027870,4
000027876,4
000027882,4
000027888,4
000027894,4
000027900,4
000027906,4
000027912,4
000027918,4
000027924,4
000027930,4
000027936,4
000027942,4
000027948,4
000027954,4
000027960,4
000027966,4
000027972,4
000027978,4
000027984,4
000027990,4
000027996,4
000028002,4
000028008,4
000028014,4
000028020,4
000028026,4
000028032,4
000028038,4
000028044,4
000028050,4
000028056,4
000028062,4
000028068,4
000028074,4
000028080,4
000028086,4
000028092,4
000028098,4
000028104,4
000028110,4
000028116,4
000028122,4
000028128,4
000028134,4
000028140,4
000028146,4
000028152,4
000028158,4
000028164,4
000028170,4
000028176,4
000028182,4
000028188,4
000028194,4
000028200,4
000028206,4
000028212,4
000028218,4
000028224,4
000028230,4
000028236,4
000028242,4
000028248,4
000028254,4
000028260,4
000028266,4
000028272,4
000028278,4
000028284,4
000028290,4
000028296,4
000028302,4
000028308,4
000028314,4
000028320,4
000028326,4
000028332,4
000028338,4
000028344,4
000028350,4
000028356,4
000028362,4
000028368,4
000028374,4
000028380,4
000028386,4
000028392,4
000028398,4
000028404,4
000028410,4
000028416,4
000028422,4
000028428,4
000028434,4
000028440,4
000028446,4
000028452,4
000028458,4
000028464,4
000028470,4
000028476,4
000028482,4
000028488,4
000028494,4
000028500,4
000028506,4
000028512,4
000028518,4
000028524,4
000028530,4
000028536,4
000028542,4
000028548,4
000028554,4
000028560,4
000028566,4
000028572,4
000028578,4
000028584,4
000028590,4
000028596,4
000028602,4
000028608,4
000028614,4
000028620,4
000028626,4
000028632,4
000028638,4
000028644,4
000028650,4
000028656,4
000028662,4
000028668,4
000028674,4
000028680,4
000028686,4
000028692,4
000028698,4
000028704,4
000028710,4
000028716,4
000028722,4
000028728,4
000028734,4
000028740,4
000028746,4
000028752,4
000028758,4
000028764,4
000028770,4
000028776,4
000028782,4
000028788,4
000028794,4
000028800,4
000028806,4
000028812,4
000028818,4
000028824,4
000028830,4
000028836,6
000028842,6
000028848,6
000028854,6
000028860,6
000028866,6
000028872,6
000028878,6
000028884,6
000028890,6
000028896,6
000028902,6
000028908,6
000028914,6
000028920,6
000028926,6
000028932,6
000028938,6
000028944,6
000028950,6
000028956,6
000028962,6
000028968,6
000028974,6
000028980,6
000028986,6
000028992,6
000028998,6
000029004,6
000029010,6
000029016,6
000029022,6
000029028,6
000029034,6
000029040,6
000029046,6
000029052,6
000029058,6
000029064,6
000029070,6
000029076,6
000029082,6
000029088,6
000029094,6
000029100,6
000029106,6
000029112,6
000029118,6
000029124,6
000029130,6
000029136,6
000029142,6
000029148,6
000029154,6
000029160,6
000029166,6
000029172,6
000029178,6
000029184,6
000029190,6
000029196,6
000029202,6
000029208,6
000029214,6
000029220,6
000029226,6
000029232,6
000029238,6
000029244,6
000029250,6
000029256,6
000029262,6
000029268,6
000029274,6
000029280,6
000029286,6
000029292,6
000029298,6
000029304,6
000029310,6
000029316,6
000029322,6
000029328,6
000029334,6
000029340,6
000029346,6
000029352,6
000029358,6
000029364,6
000029370,6
000029376,6
000029382,6
000029388,6
000029394,6
000029400,6
000029406,6
000029412,6
000029418,6
000029424,6
000029430,6
000029436,6
000029442,6
000029448,0
000029454,0
000029460,0
000029466,0
000029472,0
000029478,0
000029484,0
000029490,0
000029496,0
000029502,0
000029508,0
000029514,0
000029520,0
000029526,0
000029532,0
000029538,0
000029544,0
000029550,0
000029556,0
000029562,0
000029568,0
000029574,0
000029580,0
000029586,0
000029592,0
000029598,0
000029604,0
000029610,0
000029616,0
000029622,0
000029628,0
000029634,0
000029640,0
000029646,0
000029652,0
000029658,0
000029664,0
000029670,0
000029676,0
000029682,0
000029688,0
000029694,0
000029700,0
000029706,0
000029712,0
000029718,0
000029724,0
000029730,0
000029736,0
000029742,0
000029748,0
000029754,0
000029760,0
000029766,0
000029772,0
000029778,0
000029784,0
000029790,0
000029796,0
000029802,0
000029808,0
000029814,0
000029820,0
000029826,0
000029832,0
000029838,0
000029844,0
000029850,0
000029856,0
000029862,0
000029868,0
000029874,0
000029880,0
000029886,0
000029892,0
000029898,0
000029904,0
000029910,0
000029916,0
000029922,0
000029928,0
000029934,0
000029940,0
000029946,0
000029952,0
000029958,0
000029964,0
000029970,0
000029976,0
000029982,0
000029988,0
000029994,0
000030000,0
000030006,0
000030012,0
000030018,0
000030024,0
000030030,0
000030036,0
000030042,0
000030048,0
000030054,0
000030060,0
000030066,0
000030072,0
000030078,0
000030084,0
000030090,0
000030096,0
000030102,0
000030108,0
000030114,0
000030120,0
000030126,0
000030132,0
000030138,0
000030144,0
000030150,0
000030156,0
000030162,0
000030168,0
000030174,0
000030180,0
000030186,0
000030192,0
000030198,0
000030204,0
000030210,0
000030216,0
000030222,0
000030228,0
000030234,0
000030240,0
000030246,0
000030252,0
000030258,0
000030264,0
000030270,0
000030276,0
000030282,0
000030288,6
000030294,6
000030300,6
000030306,6
000030312,6
000030318,6
000030324,6
000030330,6
000030336,6
000030342,6
000030348,6
000030354,6
000030360,6
000030366,6
000030372,6
000030378,6
000030384,6
000030390,6
000030396,6
000030402,6
000030408,6
000030414,6
000030420,6
000030426,6
000030432,6
000030438,6
000030444,6
000030450,6
000030456,6
000030462,6
000030468,6
000030474,6
000030480,6
000030486,6
000030492,6
000030498,6
000030504,6
000030510,6
000030516,6
000030522,6
000030528,6
000030534,6
000030540,6
000030546,6
000030552,6
000030558,6
000030564,6
000030570,6
000030576,6
000030582,6
000030588,6
000030594,6
000030600,6
000030606,6
000030612,6
000030618,6
000030624,6
000030630,6
000030636,6
000030642,6
000030648,6
000030654,6
000030660,6
000030666,6
000030672,6
000030678,6
000030684,6
000030690,6
000030696,6
000030702,6
000030708,6
000030714,6
000030720,6
000030726,6
000030732,6
000030738,6
000030744,6
000030750,6
000030756,6
000030762,6
000030768,6
000030774,6
000030780,6
000030786,6
000030792,6
000030798,6
000030804,6
000030810,6
000030816,6
000030822,6
000030828,6
000030834,6
000030840,6
000030846,6
000030852,6
000030858,6
000030864,6
000030870,6
000030876,6
000030882,6
000030888,6
000030894,6
000030900,6
000030906,6
000030912,6
000030918,6
000030924,6
000030930,6
000030936,6
000030942,6
000030948,6
000030954,6
000030960,6
000030966,6
000030972,6
000030978,6
000030984,6
000030990,6
000030996,6
000031002,6
000031008,6
000031014,6
000031020,6
000031026,6
000031032,6
000031038,6
000031044,6
000031050,6
000031056,6
000031062,6
000031068,6
000031074,6
000031080,6
000031086,6
000031092,6
000031098,6
000031104,6
000031110,6
000031116,6
000031122,6
000031128,6
000031134,6
000031140,6
000031146,6
000031152,6
000031158,6
000031164,6
000031170,6
000031176,6
000031182,6
000031188,6
000031194,6
000031200,6
000031206,6
000031212,6
000031218,6
000031224,6
000031230,6
000031236,6
000031242,6
000031248,6
000031254,6
000031260,6
000031266,6
000031272,6
000031278,6
000031284,6
000031290,6
000031296,6
000031302,6
000031308,1
000031314,1
000031320,1
000031326,1
000031332,1
000031338,1
000031344,1
000031350,1
000031356,1
000031362,1
000031368,1
000031374,1
000031380,1
000031386,1
000031392,1
000031398,1
000031404,1
000031410,1
000031416,1
000031422,1
000031428,1
000031434,1
000031440,1
000031446,1
000031452,1
000031458,1
000031464,1
000031470,1
000031476,1
000031482,1
000031488,1
000031494,1
000031500,1
000031506,1
000031512,1
000031518,1
000031524,1
000031530,1
000031536,1
000031542,1
000031548,1
000031554,1
000031560,1
000031566,1
000031572,1
000031578,7
000031584,7
000031590,7
000031596,7
000031602,7
000031608,7
000031614,7
000031620,7
000031626,7
000031632,7
000031638,7
000031644,7
000031650,7
000031656,7
000031662,7
000031668,7
000031674,7
000031680,7
000031686,7
000031692,7
000031698,7
000031704,7
000031710,7
000031716,7
000031722,7
000031728,7
000031734,7
000031740,7
000031746,7
000031752,7
000031758,7
000031764,7
000031770,7
000031776,7
000031782,7
000031788,7
000031794,7
000031800,7
000031806,7
000031812,7
000031818,7
000031824,7
000031830,7
000031836,7
000031842,7
000031848,7
000031854,7
000031860,7
000031866,7
000031872,7
000031878,7
000031884,7
000031890,7
000031896,7
000031902,7
000031908,7
000031914,7
000031920,7
000031926,7
000031932,7
000031938,7
000031944,7
000031950,7
000031956,7
000031962,7
000031968,7
000031974,7
000031980,7
000031986,7
000031992,7
000031998,7
000032004,7
000032010,7
000032016,7
000032022,7
000032028,7
000032034,7
000032040,7
000032046,7
000032052,7
000032058,7
000032064,7
000032070,7
000032076,7
000032082,7
000032088,7
000032094,7
000032100,7
000032106,7
000032112,7
000032118,7
000032124,7
000032130,7
000032136,7
000032142,7
000032148,7
000032154,7
000032160,7
000032166,7
000032172,7
000032178,7
000032184,7
000032190,7
000032196,7
000032202,7
000032208,7
000032214,7
000032220,7
000032226,7
000032232,7
000032238,7
000032244,7
000032250,7
000032256,7
000032262,7
000032268,7
000032274,7
000032280,7
000032286,7
000032292,7
000032298,7
000032304,7
000032310,7
000032316,7
000032322,7
000032328,7
000032334,7
000032340,7
000032346,7
000032352,7
000032358,7
000032364,7
000032370,7
000032376,7
000032382,7
000032388,7
000032394,7
000032400,7
000032406,7
000032412,7
000032418,7
000032424,7
000032430,7
000032436,7
000032442,7
000032448,7
000032454,7
000032460,7
000032466,7
000032472,7
000032478,7
000032484,7
000032490,7
000032496,7
000032502,7
000032508,7
000032514,7
000032520,7
000032526,7
000032532,7
000032538,7
000032544,7
000032550,7
000032556,7
000032562,7
000032568,7
000032574,7
000032580,7
000032586,7
000032592,7
000032598,7
000032604,7
000032610,7
000032616,7
000032622,7
000032628,7
000032634,7
000032640,7
000032646,7
000032652,7
000032658,7
000032664,7
000032670,7
000032676,7
000032682,7
000032688,7
000032694,7
000032700,7
000032706,7
000032712,7
000032718,7
000032724,7
000032730,7
000032736,7
000032742,7
000032748,7
000032754,7
000032760,7
000032766,7
000032772,7
000032778,7
000032784,7
000032790,7
000032796,7
000032802,7
000032808,7
000032814,7
000032820,7
000032826,7
000032832,7
000032838,7
000032844,7
000032850,7
000032856,7
000032862,7
000032868,7
000032874,7
000032880,7
000032886,7
000032892,7
000032898,7
000032904,7
000032910,7
000032916,7
000032922,7
000032928,7
000032934,7
000032940,7
000032946,7
000032952,7
000032958,7
000032964,7
000032970,7
000032976,7
000032982,7
000032988,7
000032994,7
000033000,7
000033006,7
000033012,7
000033018,7
000033024,7
000033030,7
000033036,7
000033042,7
000033048,7
000033054,7
000033060,7
000033066,7
000033072,7
000033078,7
000033084,7
000033090,7
000033096,7
000033102,7
000033108,7
000033114,7
000033120,7
000033126,7
000033132,7
000033138,7
000033144,7
000033150,7
000033156,7
000033162,7
000033168,7
000033174,7
000033180,7
000033186,7
000033192,7
000033198,7
000033204,7
000033210,7
000033216,7
000033222,7
000033228,7
000033234,7
000033240,7
000033246,7
000033252,7
000033258,7
000033264,7
000033270,7
000033276,7
000033282,7
000033288,7
000033294,7
000033300,7
000033306,7
000033312,7
000033318,7
000033324,7
000033330,7
000033336,7
000033342,7
000033348,7
000033354,7
000033360,7
000033366,7
000033372,7
000033378,7
000033384,7
000033390,7
000033396,7
000033402,7
000033408,7
000033414,7
000033420,7
000033426,7
000033432,7
000033438,7
000033444,7
000033450,7
000033456,7
000033462,7
000033468,7
000033474,7
000033480,7
000033486,7
000033492,7
000033498,7
000033504,7
000033510,7
000033516,7
000033522,7
000033528,7
000033534,7
000033540,7
000033546,7
000033552,7
000033558,7
000033564,7
000033570,7
000033576,7
000033582,7
000033588,7
000033594,7
000033600,7
000033606,7
000033612,7
000033618,7
000033624,7
000033630,7
000033636,7
000033642,7
000033648,7
000033654,7
000033660,7
000033666,7
000033672,7
000033678,7
000033684,7
000033690,7
000033696,7
000033702,0
000033708,0
000033714,0
000033720,0
000033726,0
000033732,0
000033738,0
