00000 01273 0 
01274 01510 1 
01511 02433 2 
02434 02982 3 
02983 03268 4 
03269 03674 2 
03675 04555 3 
04556 04939 4 
04940 05321 2 
05322 05753 3 
05754 05906 4 
05907 05972 1 
05973 06225 4 
06226 06973 2 
06974 07487 3 
07488 07796 4 
07797 08151 2 
08152 08662 3 
08663 09196 4 
09197 10059 2 
10060 10121 1 
10122 10327 2 
10328 10473 3 
10474 11044 2 
11045 11476 3 
11477 11678 4 
11679 12063 2 
12064 12433 3 
12434 12763 4 
12764 12949 1 
12950 13460 2 
13461 14044 3 
14045 14223 4 
14224 14443 6 
14444 14513 7 
14514 14679 1 
14680 14920 7 
14921 14963 0 
