000000000,0
000000006,0
000000012,0
000000018,0
000000024,0
000000030,0
000000036,0
000000042,0
000000048,0
000000054,0
000000060,0
000000066,0
000000072,0
000000078,0
000000084,0
000000090,0
000000096,0
000000102,0
000000108,0
000000114,0
000000120,0
000000126,0
000000132,0
000000138,0
000000144,0
000000150,0
000000156,0
000000162,0
000000168,0
000000174,0
000000180,0
000000186,0
000000192,0
000000198,0
000000204,0
000000210,0
000000216,0
000000222,0
000000228,0
000000234,0
000000240,0
000000246,0
000000252,0
000000258,0
000000264,0
000000270,0
000000276,0
000000282,0
000000288,0
000000294,0
000000300,0
000000306,0
000000312,0
000000318,0
000000324,0
000000330,0
000000336,0
000000342,0
000000348,0
000000354,0
000000360,0
000000366,0
000000372,0
000000378,0
000000384,0
000000390,0
000000396,0
000000402,0
000000408,0
000000414,0
000000420,0
000000426,0
000000432,0
000000438,0
000000444,0
000000450,0
000000456,0
000000462,0
000000468,0
000000474,0
000000480,0
000000486,0
000000492,0
000000498,0
000000504,0
000000510,0
000000516,0
000000522,0
000000528,0
000000534,0
000000540,0
000000546,0
000000552,0
000000558,0
000000564,0
000000570,0
000000576,0
000000582,0
000000588,0
000000594,0
000000600,0
000000606,0
000000612,0
000000618,0
000000624,0
000000630,0
000000636,0
000000642,0
000000648,0
000000654,0
000000660,0
000000666,0
000000672,0
000000678,0
000000684,0
000000690,0
000000696,0
000000702,0
000000708,0
000000714,0
000000720,0
000000726,0
000000732,0
000000738,0
000000744,0
000000750,0
000000756,0
000000762,0
000000768,0
000000774,0
000000780,0
000000786,0
000000792,0
000000798,0
000000804,0
000000810,0
000000816,0
000000822,0
000000828,0
000000834,0
000000840,0
000000846,0
000000852,0
000000858,0
000000864,0
000000870,0
000000876,0
000000882,0
000000888,0
000000894,0
000000900,0
000000906,0
000000912,0
000000918,0
000000924,0
000000930,0
000000936,0
000000942,0
000000948,0
000000954,0
000000960,0
000000966,0
000000972,0
000000978,0
000000984,0
000000990,0
000000996,0
000001002,0
000001008,0
000001014,0
000001020,0
000001026,0
000001032,0
000001038,0
000001044,0
000001050,0
000001056,0
000001062,0
000001068,0
000001074,0
000001080,0
000001086,0
000001092,0
000001098,0
000001104,0
000001110,0
000001116,0
000001122,0
000001128,0
000001134,0
000001140,0
000001146,0
000001152,0
000001158,0
000001164,0
000001170,0
000001176,0
000001182,0
000001188,0
000001194,0
000001200,0
000001206,0
000001212,0
000001218,0
000001224,0
000001230,0
000001236,0
000001242,0
000001248,0
000001254,0
000001260,0
000001266,0
000001272,0
000001278,0
000001284,0
000001290,0
000001296,0
000001302,0
000001308,0
000001314,0
000001320,0
000001326,0
000001332,0
000001338,0
000001344,0
000001350,0
000001356,0
000001362,0
000001368,0
000001374,0
000001380,0
000001386,0
000001392,0
000001398,0
000001404,0
000001410,0
000001416,0
000001422,0
000001428,0
000001434,0
000001440,0
000001446,0
000001452,0
000001458,0
000001464,0
000001470,0
000001476,0
000001482,0
000001488,1
000001494,1
000001500,1
000001506,1
000001512,1
000001518,1
000001524,1
000001530,1
000001536,1
000001542,1
000001548,1
000001554,1
000001560,1
000001566,1
000001572,1
000001578,1
000001584,1
000001590,1
000001596,1
000001602,1
000001608,1
000001614,1
000001620,1
000001626,1
000001632,1
000001638,1
000001644,1
000001650,1
000001656,1
000001662,1
000001668,1
000001674,1
000001680,1
000001686,1
000001692,1
000001698,1
000001704,1
000001710,1
000001716,1
000001722,1
000001728,1
000001734,1
000001740,1
000001746,1
000001752,1
000001758,1
000001764,1
000001770,1
000001776,1
000001782,1
000001788,1
000001794,1
000001800,1
000001806,1
000001812,1
000001818,1
000001824,1
000001830,1
000001836,1
000001842,1
000001848,1
000001854,1
000001860,1
000001866,1
000001872,1
000001878,1
000001884,1
000001890,1
000001896,1
000001902,1
000001908,2
000001914,2
000001920,2
000001926,2
000001932,2
000001938,2
000001944,2
000001950,2
000001956,2
000001962,2
000001968,2
000001974,2
000001980,2
000001986,2
000001992,2
000001998,2
000002004,2
000002010,2
000002016,2
000002022,2
000002028,2
000002034,2
000002040,2
000002046,2
000002052,2
000002058,2
000002064,2
000002070,2
000002076,2
000002082,2
000002088,2
000002094,2
000002100,2
000002106,2
000002112,2
000002118,2
000002124,2
000002130,2
000002136,2
000002142,2
000002148,2
000002154,2
000002160,2
000002166,2
000002172,2
000002178,2
000002184,2
000002190,2
000002196,2
000002202,2
000002208,2
000002214,2
000002220,2
000002226,2
000002232,2
000002238,2
000002244,2
000002250,2
000002256,2
000002262,2
000002268,2
000002274,2
000002280,2
000002286,2
000002292,2
000002298,2
000002304,2
000002310,2
000002316,2
000002322,2
000002328,2
000002334,2
000002340,2
000002346,2
000002352,2
000002358,2
000002364,2
000002370,2
000002376,2
000002382,2
000002388,2
000002394,2
000002400,2
000002406,2
000002412,2
000002418,2
000002424,2
000002430,2
000002436,2
000002442,2
000002448,2
000002454,2
000002460,2
000002466,2
000002472,2
000002478,2
000002484,2
000002490,2
000002496,2
000002502,2
000002508,2
000002514,2
000002520,2
000002526,2
000002532,2
000002538,3
000002544,3
000002550,3
000002556,3
000002562,3
000002568,3
000002574,3
000002580,3
000002586,3
000002592,3
000002598,3
000002604,3
000002610,3
000002616,3
000002622,3
000002628,3
000002634,3
000002640,3
000002646,3
000002652,3
000002658,3
000002664,3
000002670,3
000002676,3
000002682,3
000002688,3
000002694,3
000002700,3
000002706,3
000002712,3
000002718,3
000002724,3
000002730,3
000002736,3
000002742,3
000002748,3
000002754,3
000002760,3
000002766,3
000002772,3
000002778,3
000002784,3
000002790,3
000002796,3
000002802,3
000002808,3
000002814,3
000002820,3
000002826,3
000002832,3
000002838,3
000002844,3
000002850,3
000002856,3
000002862,3
000002868,3
000002874,3
000002880,3
000002886,3
000002892,3
000002898,3
000002904,3
000002910,3
000002916,3
000002922,3
000002928,3
000002934,3
000002940,3
000002946,3
000002952,3
000002958,3
000002964,3
000002970,3
000002976,4
000002982,4
000002988,4
000002994,4
000003000,4
000003006,4
000003012,4
000003018,4
000003024,4
000003030,4
000003036,4
000003042,4
000003048,4
000003054,4
000003060,4
000003066,4
000003072,4
000003078,4
000003084,4
000003090,4
000003096,4
000003102,4
000003108,4
000003114,4
000003120,4
000003126,4
000003132,4
000003138,4
000003144,4
000003150,4
000003156,4
000003162,4
000003168,4
000003174,4
000003180,4
000003186,4
000003192,4
000003198,4
000003204,4
000003210,4
000003216,4
000003222,4
000003228,4
000003234,4
000003240,4
000003246,4
000003252,4
000003258,4
000003264,4
000003270,4
000003276,4
000003282,4
000003288,4
000003294,2
000003300,2
000003306,2
000003312,2
000003318,2
000003324,2
000003330,2
000003336,2
000003342,2
000003348,2
000003354,2
000003360,2
000003366,2
000003372,2
000003378,2
000003384,2
000003390,3
000003396,3
000003402,3
000003408,3
000003414,3
000003420,3
000003426,3
000003432,3
000003438,3
000003444,3
000003450,3
000003456,3
000003462,3
000003468,3
000003474,3
000003480,3
000003486,3
000003492,3
000003498,3
000003504,3
000003510,3
000003516,3
000003522,3
000003528,3
000003534,3
000003540,3
000003546,3
000003552,3
000003558,3
000003564,3
000003570,3
000003576,3
000003582,3
000003588,3
000003594,3
000003600,3
000003606,3
000003612,3
000003618,3
000003624,3
000003630,3
000003636,3
000003642,3
000003648,3
000003654,3
000003660,3
000003666,3
000003672,3
000003678,3
000003684,3
000003690,3
000003696,4
000003702,4
000003708,4
000003714,4
000003720,4
000003726,4
000003732,4
000003738,4
000003744,4
000003750,4
000003756,4
000003762,4
000003768,4
000003774,4
000003780,4
000003786,4
000003792,4
000003798,4
000003804,4
000003810,4
000003816,4
000003822,4
000003828,4
000003834,4
000003840,4
000003846,4
000003852,4
000003858,4
000003864,4
000003870,4
000003876,4
000003882,4
000003888,4
000003894,4
000003900,4
000003906,4
000003912,4
000003918,4
000003924,4
000003930,4
000003936,4
000003942,4
000003948,4
000003954,4
000003960,4
000003966,4
000003972,2
000003978,2
000003984,2
000003990,2
000003996,2
000004002,2
000004008,2
000004014,2
000004020,2
000004026,2
000004032,2
000004038,2
000004044,2
000004050,2
000004056,2
000004062,2
000004068,2
000004074,2
000004080,2
000004086,2
000004092,2
000004098,2
000004104,2
000004110,2
000004116,2
000004122,2
000004128,2
000004134,2
000004140,2
000004146,2
000004152,2
000004158,2
000004164,2
000004170,2
000004176,2
000004182,2
000004188,2
000004194,2
000004200,2
000004206,2
000004212,3
000004218,3
000004224,3
000004230,3
000004236,3
000004242,3
000004248,3
000004254,3
000004260,3
000004266,3
000004272,3
000004278,3
000004284,3
000004290,3
000004296,3
000004302,3
000004308,3
000004314,3
000004320,3
000004326,3
000004332,3
000004338,3
000004344,3
000004350,3
000004356,3
000004362,3
000004368,3
000004374,3
000004380,3
000004386,3
000004392,3
000004398,3
000004404,3
000004410,3
000004416,3
000004422,3
000004428,3
000004434,3
000004440,3
000004446,3
000004452,3
000004458,3
000004464,3
000004470,3
000004476,3
000004482,3
000004488,3
000004494,3
000004500,3
000004506,3
000004512,3
000004518,3
000004524,3
000004530,3
000004536,3
000004542,3
000004548,3
000004554,3
000004560,3
000004566,3
000004572,3
000004578,3
000004584,3
000004590,3
000004596,3
000004602,3
000004608,3
000004614,3
000004620,3
000004626,3
000004632,3
000004638,3
000004644,3
000004650,3
000004656,3
000004662,3
000004668,3
000004674,3
000004680,4
000004686,4
000004692,4
000004698,4
000004704,4
000004710,4
000004716,4
000004722,4
000004728,4
000004734,4
000004740,4
000004746,4
000004752,4
000004758,4
000004764,4
000004770,4
000004776,4
000004782,4
000004788,4
000004794,4
000004800,4
000004806,4
000004812,4
000004818,4
000004824,4
000004830,4
000004836,4
000004842,4
000004848,4
000004854,4
000004860,4
000004866,4
000004872,4
000004878,4
000004884,4
000004890,4
000004896,4
000004902,4
000004908,4
000004914,4
000004920,4
000004926,2
000004932,2
000004938,2
000004944,2
000004950,2
000004956,2
000004962,2
000004968,2
000004974,2
000004980,2
000004986,2
000004992,2
000004998,2
000005004,2
000005010,2
000005016,2
000005022,2
000005028,2
000005034,2
000005040,2
000005046,3
000005052,3
000005058,3
000005064,3
000005070,3
000005076,3
000005082,3
000005088,3
000005094,3
000005100,3
000005106,3
000005112,3
000005118,3
000005124,3
000005130,3
000005136,3
000005142,3
000005148,3
000005154,3
000005160,3
000005166,3
000005172,3
000005178,3
000005184,3
000005190,3
000005196,3
000005202,3
000005208,3
000005214,3
000005220,3
000005226,3
000005232,3
000005238,3
000005244,3
000005250,3
000005256,3
000005262,3
000005268,3
000005274,3
000005280,3
000005286,3
000005292,3
000005298,3
000005304,3
000005310,3
000005316,3
000005322,3
000005328,3
000005334,3
000005340,3
000005346,3
000005352,4
000005358,4
000005364,4
000005370,4
000005376,4
000005382,4
000005388,4
000005394,4
000005400,4
000005406,4
000005412,4
000005418,4
000005424,4
000005430,4
000005436,4
000005442,4
000005448,4
000005454,4
000005460,4
000005466,4
000005472,4
000005478,4
000005484,4
000005490,4
000005496,4
000005502,4
000005508,4
000005514,4
000005520,4
000005526,4
000005532,4
000005538,4
000005544,4
000005550,4
000005556,2
000005562,2
000005568,2
000005574,2
000005580,2
000005586,2
000005592,2
000005598,2
000005604,2
000005610,2
000005616,2
000005622,2
000005628,2
000005634,2
000005640,2
000005646,2
000005652,2
000005658,2
000005664,2
000005670,2
000005676,2
000005682,2
000005688,2
000005694,2
000005700,2
000005706,2
000005712,2
000005718,2
000005724,2
000005730,2
000005736,2
000005742,2
000005748,2
000005754,2
000005760,2
000005766,2
000005772,2
000005778,2
000005784,2
000005790,2
000005796,2
000005802,2
000005808,2
000005814,3
000005820,3
000005826,3
000005832,3
000005838,3
000005844,3
000005850,3
000005856,3
000005862,3
000005868,3
000005874,3
000005880,3
000005886,3
000005892,3
000005898,3
000005904,3
000005910,3
000005916,3
000005922,3
000005928,3
000005934,3
000005940,3
000005946,3
000005952,3
000005958,3
000005964,3
000005970,3
000005976,3
000005982,3
000005988,3
000005994,3
000006000,3
000006006,3
000006012,3
000006018,3
000006024,3
000006030,3
000006036,3
000006042,3
000006048,3
000006054,3
000006060,3
000006066,3
000006072,3
000006078,3
000006084,3
000006090,3
000006096,3
000006102,3
000006108,3
000006114,3
000006120,3
000006126,3
000006132,3
000006138,3
000006144,3
000006150,3
000006156,3
000006162,3
000006168,3
000006174,3
000006180,3
000006186,3
000006192,3
000006198,3
000006204,3
000006210,3
000006216,3
000006222,3
000006228,3
000006234,3
000006240,3
000006246,3
000006252,3
000006258,3
000006264,3
000006270,3
000006276,3
000006282,3
000006288,4
000006294,4
000006300,4
000006306,4
000006312,4
000006318,4
000006324,4
000006330,4
000006336,4
000006342,4
000006348,4
000006354,4
000006360,4
000006366,4
000006372,4
000006378,4
000006384,4
000006390,4
000006396,4
000006402,4
000006408,4
000006414,4
000006420,4
000006426,4
000006432,4
000006438,4
000006444,4
000006450,4
000006456,4
000006462,4
000006468,4
000006474,4
000006480,4
000006486,4
000006492,2
000006498,2
000006504,2
000006510,2
000006516,2
000006522,2
000006528,2
000006534,2
000006540,2
000006546,2
000006552,2
000006558,2
000006564,2
000006570,2
000006576,2
000006582,2
000006588,2
000006594,2
000006600,2
000006606,2
000006612,2
000006618,2
000006624,2
000006630,2
000006636,2
000006642,2
000006648,2
000006654,2
000006660,2
000006666,2
000006672,2
000006678,2
000006684,2
000006690,2
000006696,2
000006702,2
000006708,3
000006714,3
000006720,3
000006726,3
000006732,3
000006738,3
000006744,3
000006750,3
000006756,3
000006762,3
000006768,3
000006774,3
000006780,3
000006786,3
000006792,3
000006798,3
000006804,3
000006810,3
000006816,3
000006822,3
000006828,3
000006834,3
000006840,3
000006846,3
000006852,3
000006858,3
000006864,3
000006870,3
000006876,3
000006882,3
000006888,3
000006894,3
000006900,3
000006906,3
000006912,3
000006918,3
000006924,3
000006930,3
000006936,3
000006942,3
000006948,3
000006954,3
000006960,3
000006966,3
000006972,4
000006978,4
000006984,4
000006990,4
000006996,4
000007002,4
000007008,4
000007014,4
000007020,4
000007026,4
000007032,4
000007038,4
000007044,4
000007050,4
000007056,4
000007062,4
000007068,4
000007074,4
000007080,4
000007086,4
000007092,4
000007098,4
000007104,4
000007110,4
000007116,4
000007122,4
000007128,4
000007134,4
000007140,4
000007146,4
000007152,4
000007158,7
000007164,7
000007170,7
000007176,7
000007182,7
000007188,7
000007194,7
000007200,7
000007206,7
000007212,7
000007218,7
000007224,7
000007230,7
000007236,7
000007242,7
000007248,7
000007254,7
000007260,7
000007266,7
000007272,7
000007278,7
000007284,7
000007290,7
000007296,7
000007302,7
000007308,7
000007314,7
000007320,7
000007326,7
000007332,7
000007338,7
000007344,7
000007350,7
000007356,7
000007362,7
000007368,7
000007374,7
000007380,7
000007386,7
000007392,7
000007398,7
000007404,7
000007410,7
000007416,7
000007422,7
000007428,7
000007434,7
000007440,7
000007446,7
000007452,7
000007458,7
000007464,7
000007470,7
000007476,7
000007482,7
000007488,7
000007494,7
000007500,7
000007506,7
000007512,7
000007518,7
000007524,7
000007530,7
000007536,7
000007542,7
000007548,7
000007554,7
000007560,7
000007566,7
000007572,7
000007578,7
000007584,7
000007590,7
000007596,7
000007602,7
000007608,7
000007614,7
000007620,7
000007626,7
000007632,7
000007638,7
000007644,7
000007650,7
000007656,7
000007662,7
000007668,7
000007674,7
000007680,7
000007686,7
000007692,7
000007698,7
000007704,7
000007710,7
000007716,7
000007722,7
000007728,7
000007734,7
000007740,7
000007746,7
000007752,7
000007758,7
000007764,7
000007770,0
000007776,0
000007782,0
000007788,0
000007794,0
000007800,0
000007806,0
