000000000,0
000000006,0
000000012,0
000000018,0
000000024,0
000000030,0
000000036,0
000000042,0
000000048,0
000000054,0
000000060,0
000000066,0
000000072,0
000000078,0
000000084,0
000000090,0
000000096,0
000000102,0
000000108,0
000000114,0
000000120,0
000000126,0
000000132,0
000000138,0
000000144,0
000000150,0
000000156,0
000000162,0
000000168,0
000000174,0
000000180,0
000000186,0
000000192,0
000000198,0
000000204,0
000000210,0
000000216,0
000000222,0
000000228,0
000000234,0
000000240,0
000000246,0
000000252,0
000000258,0
000000264,0
000000270,0
000000276,0
000000282,0
000000288,0
000000294,0
000000300,0
000000306,0
000000312,0
000000318,0
000000324,0
000000330,0
000000336,0
000000342,0
000000348,0
000000354,0
000000360,0
000000366,0
000000372,0
000000378,0
000000384,0
000000390,0
000000396,0
000000402,0
000000408,0
000000414,0
000000420,0
000000426,0
000000432,0
000000438,0
000000444,0
000000450,0
000000456,0
000000462,0
000000468,0
000000474,0
000000480,0
000000486,0
000000492,0
000000498,0
000000504,0
000000510,0
000000516,0
000000522,0
000000528,0
000000534,0
000000540,0
000000546,0
000000552,0
000000558,0
000000564,0
000000570,0
000000576,0
000000582,0
000000588,0
000000594,0
000000600,0
000000606,0
000000612,0
000000618,0
000000624,0
000000630,0
000000636,0
000000642,0
000000648,0
000000654,0
000000660,0
000000666,0
000000672,0
000000678,0
000000684,0
000000690,0
000000696,0
000000702,0
000000708,0
000000714,0
000000720,0
000000726,0
000000732,0
000000738,0
000000744,0
000000750,0
000000756,0
000000762,0
000000768,0
000000774,0
000000780,0
000000786,0
000000792,0
000000798,0
000000804,0
000000810,0
000000816,0
000000822,0
000000828,0
000000834,0
000000840,0
000000846,0
000000852,0
000000858,0
000000864,0
000000870,0
000000876,0
000000882,0
000000888,0
000000894,0
000000900,0
000000906,0
000000912,0
000000918,0
000000924,0
000000930,0
000000936,0
000000942,0
000000948,0
000000954,0
000000960,0
000000966,0
000000972,0
000000978,0
000000984,0
000000990,0
000000996,0
000001002,0
000001008,0
000001014,0
000001020,0
000001026,0
000001032,0
000001038,0
000001044,0
000001050,0
000001056,0
000001062,0
000001068,0
000001074,0
000001080,0
000001086,0
000001092,0
000001098,0
000001104,0
000001110,0
000001116,0
000001122,0
000001128,0
000001134,0
000001140,0
000001146,0
000001152,0
000001158,0
000001164,0
000001170,0
000001176,0
000001182,0
000001188,0
000001194,0
000001200,0
000001206,0
000001212,0
000001218,0
000001224,0
000001230,0
000001236,0
000001242,0
000001248,0
000001254,0
000001260,0
000001266,0
000001272,0
000001278,0
000001284,0
000001290,0
000001296,0
000001302,0
000001308,0
000001314,0
000001320,0
000001326,0
000001332,0
000001338,0
000001344,0
000001350,0
000001356,0
000001362,0
000001368,0
000001374,0
000001380,0
000001386,0
000001392,0
000001398,0
000001404,0
000001410,0
000001416,0
000001422,0
000001428,0
000001434,0
000001440,0
000001446,0
000001452,0
000001458,0
000001464,0
000001470,0
000001476,0
000001482,0
000001488,0
000001494,0
000001500,0
000001506,0
000001512,0
000001518,0
000001524,0
000001530,0
000001536,0
000001542,0
000001548,0
000001554,0
000001560,0
000001566,0
000001572,0
000001578,0
000001584,0
000001590,0
000001596,0
000001602,0
000001608,0
000001614,0
000001620,0
000001626,0
000001632,0
000001638,0
000001644,0
000001650,0
000001656,0
000001662,0
000001668,0
000001674,0
000001680,0
000001686,0
000001692,0
000001698,0
000001704,0
000001710,0
000001716,0
000001722,0
000001728,0
000001734,0
000001740,0
000001746,0
000001752,0
000001758,0
000001764,0
000001770,0
000001776,0
000001782,0
000001788,0
000001794,0
000001800,0
000001806,0
000001812,0
000001818,0
000001824,0
000001830,0
000001836,0
000001842,0
000001848,0
000001854,0
000001860,0
000001866,0
000001872,0
000001878,0
000001884,0
000001890,0
000001896,0
000001902,0
000001908,0
000001914,0
000001920,0
000001926,0
000001932,0
000001938,0
000001944,0
000001950,0
000001956,0
000001962,0
000001968,0
000001974,0
000001980,0
000001986,0
000001992,0
000001998,0
000002004,0
000002010,0
000002016,0
000002022,0
000002028,0
000002034,0
000002040,0
000002046,0
000002052,0
000002058,0
000002064,0
000002070,0
000002076,0
000002082,0
000002088,0
000002094,0
000002100,0
000002106,0
000002112,0
000002118,0
000002124,0
000002130,0
000002136,0
000002142,0
000002148,0
000002154,0
000002160,0
000002166,0
000002172,0
000002178,0
000002184,0
000002190,0
000002196,0
000002202,0
000002208,0
000002214,0
000002220,0
000002226,0
000002232,0
000002238,0
000002244,0
000002250,0
000002256,0
000002262,0
000002268,0
000002274,0
000002280,0
000002286,0
000002292,0
000002298,0
000002304,0
000002310,0
000002316,0
000002322,0
000002328,0
000002334,0
000002340,0
000002346,0
000002352,0
000002358,0
000002364,0
000002370,0
000002376,0
000002382,0
000002388,0
000002394,0
000002400,0
000002406,0
000002412,0
000002418,0
000002424,0
000002430,0
000002436,0
000002442,0
000002448,0
000002454,0
000002460,0
000002466,0
000002472,0
000002478,0
000002484,0
000002490,0
000002496,0
000002502,0
000002508,0
000002514,0
000002520,0
000002526,0
000002532,0
000002538,0
000002544,0
000002550,0
000002556,0
000002562,0
000002568,0
000002574,0
000002580,0
000002586,0
000002592,0
000002598,0
000002604,0
000002610,0
000002616,0
000002622,0
000002628,0
000002634,0
000002640,0
000002646,0
000002652,0
000002658,0
000002664,0
000002670,0
000002676,0
000002682,0
000002688,0
000002694,0
000002700,0
000002706,0
000002712,0
000002718,0
000002724,0
000002730,0
000002736,0
000002742,0
000002748,0
000002754,0
000002760,0
000002766,0
000002772,0
000002778,0
000002784,0
000002790,0
000002796,0
000002802,0
000002808,0
000002814,0
000002820,0
000002826,0
000002832,0
000002838,0
000002844,0
000002850,0
000002856,0
000002862,0
000002868,0
000002874,0
000002880,0
000002886,0
000002892,0
000002898,0
000002904,0
000002910,0
000002916,0
000002922,0
000002928,0
000002934,0
000002940,0
000002946,0
000002952,0
000002958,0
000002964,0
000002970,0
000002976,0
000002982,0
000002988,0
000002994,0
000003000,0
000003006,0
000003012,0
000003018,0
000003024,0
000003030,0
000003036,0
000003042,0
000003048,0
000003054,0
000003060,0
000003066,0
000003072,0
000003078,0
000003084,0
000003090,0
000003096,0
000003102,0
000003108,0
000003114,0
000003120,0
000003126,0
000003132,0
000003138,0
000003144,0
000003150,0
000003156,0
000003162,0
000003168,0
000003174,0
000003180,0
000003186,0
000003192,0
000003198,0
000003204,0
000003210,0
000003216,0
000003222,0
000003228,0
000003234,0
000003240,0
000003246,0
000003252,0
000003258,0
000003264,0
000003270,0
000003276,0
000003282,0
000003288,0
000003294,0
000003300,0
000003306,0
000003312,0
000003318,0
000003324,0
000003330,0
000003336,0
000003342,0
000003348,0
000003354,0
000003360,0
000003366,0
000003372,0
000003378,0
000003384,0
000003390,0
000003396,0
000003402,0
000003408,0
000003414,0
000003420,0
000003426,0
000003432,0
000003438,0
000003444,0
000003450,0
000003456,0
000003462,0
000003468,0
000003474,0
000003480,0
000003486,0
000003492,0
000003498,0
000003504,0
000003510,0
000003516,0
000003522,0
000003528,1
000003534,1
000003540,1
000003546,1
000003552,1
000003558,1
000003564,1
000003570,1
000003576,1
000003582,1
000003588,1
000003594,1
000003600,1
000003606,1
000003612,1
000003618,2
000003624,2
000003630,2
000003636,2
000003642,2
000003648,2
000003654,2
000003660,2
000003666,2
000003672,2
000003678,2
000003684,2
000003690,2
000003696,2
000003702,2
000003708,2
000003714,2
000003720,2
000003726,2
000003732,2
000003738,2
000003744,2
000003750,2
000003756,2
000003762,2
000003768,2
000003774,2
000003780,2
000003786,2
000003792,2
000003798,2
000003804,2
000003810,2
000003816,2
000003822,2
000003828,2
000003834,2
000003840,2
000003846,2
000003852,2
000003858,2
000003864,2
000003870,2
000003876,2
000003882,2
000003888,2
000003894,2
000003900,2
000003906,2
000003912,2
000003918,2
000003924,2
000003930,2
000003936,2
000003942,2
000003948,2
000003954,2
000003960,2
000003966,2
000003972,2
000003978,2
000003984,2
000003990,2
000003996,2
000004002,2
000004008,2
000004014,2
000004020,2
000004026,2
000004032,2
000004038,2
000004044,2
000004050,2
000004056,3
000004062,3
000004068,3
000004074,3
000004080,3
000004086,3
000004092,3
000004098,3
000004104,3
000004110,3
000004116,3
000004122,3
000004128,3
000004134,3
000004140,3
000004146,3
000004152,3
000004158,3
000004164,3
000004170,3
000004176,3
000004182,3
000004188,3
000004194,3
000004200,3
000004206,3
000004212,3
000004218,3
000004224,3
000004230,3
000004236,3
000004242,3
000004248,3
000004254,3
000004260,3
000004266,3
000004272,3
000004278,3
000004284,3
000004290,3
000004296,3
000004302,3
000004308,3
000004314,3
000004320,3
000004326,3
000004332,3
000004338,3
000004344,3
000004350,3
000004356,3
000004362,3
000004368,3
000004374,3
000004380,3
000004386,3
000004392,3
000004398,3
000004404,3
000004410,3
000004416,3
000004422,4
000004428,4
000004434,4
000004440,4
000004446,4
000004452,4
000004458,4
000004464,4
000004470,4
000004476,4
000004482,4
000004488,4
000004494,4
000004500,4
000004506,4
000004512,4
000004518,4
000004524,4
000004530,4
000004536,4
000004542,4
000004548,4
000004554,4
000004560,4
000004566,4
000004572,0
000004578,0
000004584,0
000004590,0
000004596,0
000004602,0
000004608,0
000004614,0
000004620,0
000004626,0
000004632,0
000004638,0
000004644,0
000004650,0
000004656,0
000004662,0
000004668,0
000004674,0
000004680,0
000004686,0
000004692,0
000004698,0
000004704,0
000004710,0
000004716,0
000004722,0
000004728,0
000004734,0
000004740,0
000004746,0
000004752,0
000004758,0
000004764,0
000004770,0
000004776,4
000004782,4
000004788,4
000004794,4
000004800,4
000004806,4
000004812,4
000004818,4
000004824,4
000004830,4
000004836,4
000004842,4
000004848,4
000004854,4
000004860,4
000004866,4
000004872,4
000004878,4
000004884,4
000004890,4
000004896,4
000004902,4
000004908,4
000004914,4
000004920,4
000004926,4
000004932,4
000004938,4
000004944,4
000004950,4
000004956,4
000004962,4
000004968,4
000004974,4
000004980,1
000004986,1
000004992,1
000004998,1
000005004,1
000005010,1
000005016,1
000005022,1
000005028,1
000005034,1
000005040,1
000005046,1
000005052,1
000005058,1
000005064,1
000005070,1
000005076,1
000005082,1
000005088,1
000005094,1
000005100,1
000005106,1
000005112,1
000005118,1
000005124,1
000005130,1
000005136,2
000005142,2
000005148,2
000005154,2
000005160,2
000005166,2
000005172,2
000005178,2
000005184,2
000005190,2
000005196,2
000005202,2
000005208,2
000005214,2
000005220,2
000005226,2
000005232,2
000005238,2
000005244,2
000005250,2
000005256,2
000005262,2
000005268,2
000005274,2
000005280,2
000005286,2
000005292,2
000005298,2
000005304,2
000005310,2
000005316,2
000005322,2
000005328,2
000005334,2
000005340,2
000005346,2
000005352,2
000005358,2
000005364,2
000005370,2
000005376,2
000005382,2
000005388,3
000005394,3
000005400,3
000005406,3
000005412,3
000005418,3
000005424,3
000005430,3
000005436,3
000005442,3
000005448,3
000005454,3
000005460,3
000005466,3
000005472,3
000005478,3
000005484,3
000005490,3
000005496,3
000005502,3
000005508,3
000005514,3
000005520,3
000005526,3
000005532,3
000005538,3
000005544,3
000005550,3
000005556,3
000005562,3
000005568,3
000005574,3
000005580,3
000005586,3
000005592,3
000005598,3
000005604,3
000005610,3
000005616,3
000005622,3
000005628,3
000005634,3
000005640,3
000005646,3
000005652,3
000005658,3
000005664,3
000005670,3
000005676,3
000005682,3
000005688,3
000005694,3
000005700,3
000005706,3
000005712,3
000005718,3
000005724,3
000005730,3
000005736,3
000005742,3
000005748,3
000005754,4
000005760,4
000005766,4
000005772,4
000005778,4
000005784,4
000005790,4
000005796,4
000005802,4
000005808,4
000005814,4
000005820,4
000005826,4
000005832,4
000005838,4
000005844,4
000005850,4
000005856,4
000005862,4
000005868,4
000005874,4
000005880,4
000005886,4
000005892,4
000005898,4
000005904,4
000005910,4
000005916,4
000005922,4
000005928,4
000005934,4
000005940,4
000005946,4
000005952,4
000005958,4
000005964,4
000005970,4
000005976,4
000005982,4
000005988,2
000005994,2
000006000,2
000006006,2
000006012,2
000006018,2
000006024,2
000006030,2
000006036,2
000006042,2
000006048,2
000006054,2
000006060,2
000006066,2
000006072,2
000006078,2
000006084,2
000006090,2
000006096,2
000006102,2
000006108,2
000006114,2
000006120,2
000006126,2
000006132,2
000006138,2
000006144,2
000006150,2
000006156,2
000006162,2
000006168,2
000006174,2
000006180,2
000006186,2
000006192,2
000006198,2
000006204,2
000006210,2
000006216,2
000006222,2
000006228,3
000006234,3
000006240,3
000006246,3
000006252,3
000006258,3
000006264,3
000006270,3
000006276,3
000006282,3
000006288,3
000006294,3
000006300,3
000006306,3
000006312,3
000006318,3
000006324,3
000006330,3
000006336,3
000006342,3
000006348,3
000006354,3
000006360,3
000006366,3
000006372,3
000006378,3
000006384,3
000006390,3
000006396,3
000006402,3
000006408,3
000006414,3
000006420,3
000006426,3
000006432,3
000006438,3
000006444,3
000006450,3
000006456,3
000006462,3
000006468,3
000006474,3
000006480,3
000006486,3
000006492,3
000006498,3
000006504,3
000006510,3
000006516,3
000006522,3
000006528,3
000006534,3
000006540,3
000006546,3
000006552,3
000006558,3
000006564,3
000006570,3
000006576,3
000006582,3
000006588,3
000006594,3
000006600,3
000006606,3
000006612,3
000006618,3
000006624,3
000006630,3
000006636,3
000006642,3
000006648,3
000006654,3
000006660,3
000006666,3
000006672,3
000006678,3
000006684,3
000006690,3
000006696,3
000006702,3
000006708,3
000006714,3
000006720,3
000006726,3
000006732,3
000006738,3
000006744,3
000006750,3
000006756,3
000006762,3
000006768,4
000006774,4
000006780,4
000006786,4
000006792,4
000006798,4
000006804,4
000006810,4
000006816,4
000006822,4
000006828,4
000006834,4
000006840,4
000006846,4
000006852,4
000006858,4
000006864,4
000006870,4
000006876,4
000006882,4
000006888,4
000006894,4
000006900,4
000006906,4
000006912,4
000006918,4
000006924,4
000006930,4
000006936,2
000006942,2
000006948,2
000006954,2
000006960,2
000006966,2
000006972,2
000006978,2
000006984,2
000006990,2
000006996,2
000007002,2
000007008,2
000007014,2
000007020,2
000007026,2
000007032,2
000007038,2
000007044,2
000007050,2
000007056,2
000007062,2
000007068,2
000007074,2
000007080,2
000007086,2
000007092,2
000007098,2
000007104,2
000007110,2
000007116,2
000007122,2
000007128,2
000007134,2
000007140,2
000007146,2
000007152,2
000007158,2
000007164,2
000007170,2
000007176,2
000007182,2
000007188,2
000007194,2
000007200,2
000007206,2
000007212,2
000007218,2
000007224,2
000007230,2
000007236,2
000007242,2
000007248,2
000007254,2
000007260,2
000007266,2
000007272,2
000007278,2
000007284,2
000007290,3
000007296,3
000007302,3
000007308,3
000007314,3
000007320,3
000007326,3
000007332,3
000007338,3
000007344,3
000007350,3
000007356,3
000007362,3
000007368,3
000007374,3
000007380,3
000007386,3
000007392,3
000007398,3
000007404,3
000007410,3
000007416,3
000007422,3
000007428,3
000007434,3
000007440,3
000007446,3
000007452,3
000007458,3
000007464,3
000007470,3
000007476,3
000007482,3
000007488,3
000007494,3
000007500,3
000007506,3
000007512,3
000007518,3
000007524,3
000007530,3
000007536,3
000007542,4
000007548,4
000007554,4
000007560,4
000007566,4
000007572,4
000007578,4
000007584,4
000007590,4
000007596,4
000007602,4
000007608,4
000007614,4
000007620,4
000007626,4
000007632,4
000007638,4
000007644,4
000007650,4
000007656,4
000007662,4
000007668,4
000007674,4
000007680,4
000007686,4
000007692,4
000007698,4
000007704,4
000007710,4
000007716,4
000007722,4
000007728,4
000007734,4
000007740,4
000007746,4
000007752,4
000007758,4
000007764,4
000007770,4
000007776,4
000007782,4
000007788,4
000007794,4
000007800,4
000007806,4
000007812,4
000007818,4
000007824,4
000007830,4
000007836,4
000007842,4
000007848,4
000007854,4
000007860,4
000007866,4
000007872,4
000007878,4
000007884,4
000007890,4
000007896,4
000007902,4
000007908,4
000007914,2
000007920,2
000007926,2
000007932,2
000007938,2
000007944,2
000007950,2
000007956,2
000007962,2
000007968,2
000007974,2
000007980,2
000007986,2
000007992,2
000007998,2
000008004,2
000008010,2
000008016,2
000008022,2
000008028,2
000008034,2
000008040,2
000008046,2
000008052,2
000008058,2
000008064,2
000008070,2
000008076,2
000008082,2
000008088,2
000008094,2
000008100,2
000008106,2
000008112,2
000008118,2
000008124,2
000008130,2
000008136,2
000008142,2
000008148,2
000008154,2
000008160,2
000008166,2
000008172,2
000008178,2
000008184,2
000008190,2
000008196,2
000008202,2
000008208,2
000008214,3
000008220,3
000008226,3
000008232,3
000008238,3
000008244,3
000008250,3
000008256,3
000008262,3
000008268,3
000008274,3
000008280,3
000008286,3
000008292,3
000008298,3
000008304,3
000008310,3
000008316,3
000008322,3
000008328,3
000008334,3
000008340,3
000008346,3
000008352,3
000008358,3
000008364,3
000008370,3
000008376,3
000008382,3
000008388,3
000008394,3
000008400,3
000008406,3
000008412,3
000008418,3
000008424,3
000008430,3
000008436,3
000008442,3
000008448,3
000008454,3
000008460,3
000008466,3
000008472,3
000008478,3
000008484,3
000008490,3
000008496,3
000008502,3
000008508,3
000008514,3
000008520,3
000008526,3
000008532,3
000008538,3
000008544,3
000008550,3
000008556,3
000008562,3
000008568,3
000008574,3
000008580,3
000008586,4
000008592,4
000008598,4
000008604,4
000008610,4
000008616,4
000008622,4
000008628,4
000008634,4
000008640,4
000008646,4
000008652,4
000008658,4
000008664,4
000008670,4
000008676,4
000008682,4
000008688,4
000008694,4
000008700,4
000008706,4
000008712,4
000008718,4
000008724,4
000008730,4
000008736,4
000008742,4
000008748,4
000008754,4
000008760,4
000008766,4
000008772,4
000008778,4
000008784,1
000008790,1
000008796,1
000008802,1
000008808,1
000008814,1
000008820,1
000008826,1
000008832,1
000008838,1
000008844,1
000008850,1
000008856,1
000008862,1
000008868,1
000008874,1
000008880,1
000008886,1
000008892,1
000008898,1
000008904,1
000008910,1
000008916,1
000008922,1
000008928,1
000008934,1
000008940,1
000008946,1
000008952,1
000008958,1
000008964,1
000008970,1
000008976,1
000008982,1
000008988,1
000008994,1
000009000,1
000009006,1
000009012,1
000009018,1
000009024,1
000009030,1
000009036,1
000009042,1
000009048,1
000009054,1
000009060,1
000009066,1
000009072,1
000009078,1
000009084,1
000009090,1
000009096,1
000009102,1
000009108,2
000009114,2
000009120,2
000009126,2
000009132,2
000009138,2
000009144,2
000009150,2
000009156,2
000009162,2
000009168,2
000009174,2
000009180,2
000009186,2
000009192,2
000009198,2
000009204,2
000009210,2
000009216,2
000009222,2
000009228,2
000009234,2
000009240,2
000009246,2
000009252,2
000009258,2
000009264,2
000009270,2
000009276,2
000009282,2
000009288,2
000009294,2
000009300,2
000009306,2
000009312,2
000009318,2
000009324,2
000009330,2
000009336,2
000009342,2
000009348,2
000009354,2
000009360,2
000009366,2
000009372,2
000009378,2
000009384,2
000009390,2
000009396,2
000009402,2
000009408,2
000009414,2
000009420,2
000009426,2
000009432,2
000009438,2
000009444,2
000009450,2
000009456,2
000009462,2
000009468,3
000009474,3
000009480,3
000009486,3
000009492,3
000009498,3
000009504,3
000009510,3
000009516,3
000009522,3
000009528,3
000009534,3
000009540,3
000009546,3
000009552,3
000009558,3
000009564,3
000009570,3
000009576,3
000009582,3
000009588,3
000009594,3
000009600,3
000009606,3
000009612,3
000009618,3
000009624,3
000009630,3
000009636,3
000009642,3
000009648,3
000009654,3
000009660,3
000009666,3
000009672,3
000009678,3
000009684,3
000009690,3
000009696,3
000009702,3
000009708,3
000009714,3
000009720,3
000009726,3
000009732,3
000009738,3
000009744,3
000009750,3
000009756,3
000009762,4
000009768,4
000009774,4
000009780,4
000009786,4
000009792,4
000009798,4
000009804,4
000009810,4
000009816,4
000009822,4
000009828,4
000009834,4
000009840,4
000009846,4
000009852,4
000009858,4
000009864,4
000009870,4
000009876,4
000009882,4
000009888,4
000009894,4
000009900,4
000009906,4
000009912,4
000009918,4
000009924,4
000009930,4
000009936,4
000009942,4
000009948,4
000009954,4
000009960,4
000009966,4
000009972,4
000009978,4
000009984,4
000009990,4
000009996,4
000010002,4
000010008,4
000010014,4
000010020,4
000010026,4
000010032,2
000010038,2
000010044,2
000010050,2
000010056,2
000010062,2
000010068,2
000010074,2
000010080,2
000010086,2
000010092,2
000010098,2
000010104,2
000010110,2
000010116,2
000010122,2
000010128,2
000010134,2
000010140,2
000010146,2
000010152,2
000010158,2
000010164,2
000010170,2
000010176,2
000010182,2
000010188,2
000010194,2
000010200,2
000010206,2
000010212,2
000010218,2
000010224,2
000010230,2
000010236,2
000010242,2
000010248,2
000010254,2
000010260,2
000010266,2
000010272,2
000010278,2
000010284,2
000010290,2
000010296,2
000010302,2
000010308,2
000010314,2
000010320,2
000010326,2
000010332,2
000010338,2
000010344,2
000010350,2
000010356,2
000010362,3
000010368,3
000010374,3
000010380,3
000010386,3
000010392,3
000010398,3
000010404,3
000010410,3
000010416,3
000010422,3
000010428,3
000010434,3
000010440,3
000010446,3
000010452,3
000010458,3
000010464,3
000010470,3
000010476,3
000010482,3
000010488,3
000010494,3
000010500,3
000010506,3
000010512,3
000010518,3
000010524,3
000010530,3
000010536,3
000010542,3
000010548,3
000010554,3
000010560,3
000010566,3
000010572,3
000010578,3
000010584,3
000010590,3
000010596,3
000010602,4
000010608,4
000010614,4
000010620,4
000010626,4
000010632,4
000010638,4
000010644,4
000010650,4
000010656,4
000010662,4
000010668,4
000010674,4
000010680,4
000010686,4
000010692,4
000010698,4
000010704,4
000010710,4
000010716,4
000010722,4
000010728,4
000010734,4
000010740,4
000010746,4
000010752,4
000010758,4
000010764,4
000010770,4
000010776,4
000010782,4
000010788,4
000010794,4
000010800,4
000010806,4
000010812,4
000010818,4
000010824,4
000010830,4
000010836,4
000010842,4
000010848,4
000010854,4
000010860,4
000010866,4
000010872,4
000010878,7
000010884,7
000010890,7
000010896,7
000010902,7
000010908,7
000010914,7
000010920,7
000010926,7
000010932,7
000010938,7
000010944,7
000010950,7
000010956,7
000010962,7
000010968,7
000010974,7
000010980,7
000010986,7
000010992,7
000010998,7
000011004,7
000011010,7
000011016,7
000011022,7
000011028,7
000011034,7
000011040,7
000011046,7
000011052,7
000011058,7
000011064,7
000011070,7
000011076,7
000011082,7
000011088,7
000011094,7
000011100,7
000011106,7
000011112,7
000011118,7
000011124,7
000011130,7
000011136,7
000011142,7
000011148,7
000011154,7
000011160,7
000011166,7
000011172,7
000011178,7
000011184,7
000011190,7
000011196,7
000011202,7
000011208,7
000011214,7
000011220,7
000011226,7
000011232,7
000011238,0
000011244,0
000011250,0
000011256,0
000011262,0
000011268,0
