000000000,0
000000006,0
000000012,0
000000018,0
000000024,0
000000030,0
000000036,0
000000042,0
000000048,0
000000054,0
000000060,0
000000066,0
000000072,0
000000078,0
000000084,0
000000090,0
000000096,0
000000102,0
000000108,0
000000114,0
000000120,0
000000126,0
000000132,0
000000138,0
000000144,0
000000150,0
000000156,0
000000162,0
000000168,0
000000174,0
000000180,0
000000186,0
000000192,0
000000198,0
000000204,0
000000210,0
000000216,0
000000222,0
000000228,0
000000234,0
000000240,0
000000246,0
000000252,0
000000258,0
000000264,0
000000270,0
000000276,0
000000282,0
000000288,0
000000294,0
000000300,0
000000306,0
000000312,0
000000318,0
000000324,0
000000330,0
000000336,0
000000342,0
000000348,0
000000354,0
000000360,0
000000366,0
000000372,0
000000378,0
000000384,0
000000390,0
000000396,0
000000402,0
000000408,0
000000414,0
000000420,0
000000426,0
000000432,0
000000438,0
000000444,0
000000450,0
000000456,0
000000462,0
000000468,0
000000474,0
000000480,0
000000486,0
000000492,0
000000498,0
000000504,0
000000510,0
000000516,0
000000522,0
000000528,0
000000534,0
000000540,0
000000546,0
000000552,0
000000558,0
000000564,0
000000570,0
000000576,0
000000582,0
000000588,0
000000594,0
000000600,0
000000606,0
000000612,0
000000618,0
000000624,0
000000630,0
000000636,0
000000642,0
000000648,0
000000654,0
000000660,0
000000666,0
000000672,0
000000678,0
000000684,0
000000690,0
000000696,0
000000702,0
000000708,0
000000714,0
000000720,0
000000726,0
000000732,0
000000738,0
000000744,0
000000750,0
000000756,0
000000762,0
000000768,0
000000774,0
000000780,0
000000786,0
000000792,0
000000798,0
000000804,1
000000810,1
000000816,1
000000822,1
000000828,1
000000834,1
000000840,1
000000846,1
000000852,1
000000858,1
000000864,1
000000870,1
000000876,1
000000882,1
000000888,1
000000894,1
000000900,1
000000906,1
000000912,1
000000918,1
000000924,1
000000930,1
000000936,1
000000942,1
000000948,1
000000954,1
000000960,1
000000966,2
000000972,2
000000978,2
000000984,2
000000990,2
000000996,2
000001002,2
000001008,2
000001014,2
000001020,2
000001026,2
000001032,2
000001038,2
000001044,2
000001050,2
000001056,2
000001062,2
000001068,2
000001074,2
000001080,2
000001086,2
000001092,2
000001098,2
000001104,2
000001110,2
000001116,2
000001122,2
000001128,2
000001134,2
000001140,2
000001146,2
000001152,2
000001158,2
000001164,2
000001170,2
000001176,2
000001182,2
000001188,2
000001194,2
000001200,2
000001206,2
000001212,2
000001218,2
000001224,2
000001230,2
000001236,2
000001242,2
000001248,2
000001254,2
000001260,2
000001266,2
000001272,2
000001278,2
000001284,2
000001290,2
000001296,2
000001302,2
000001308,2
000001314,2
000001320,2
000001326,2
000001332,2
000001338,0
000001344,0
000001350,0
000001356,0
000001362,0
000001368,0
000001374,0
000001380,0
000001386,0
000001392,0
000001398,0
000001404,0
000001410,0
000001416,0
000001422,0
000001428,0
000001434,0
000001440,0
000001446,0
000001452,0
000001458,0
000001464,0
000001470,0
000001476,0
000001482,0
000001488,0
000001494,0
000001500,0
000001506,0
000001512,0
000001518,0
000001524,0
000001530,0
000001536,0
000001542,0
000001548,0
000001554,0
000001560,0
000001566,0
000001572,0
000001578,0
000001584,0
000001590,0
000001596,0
000001602,0
000001608,0
000001614,0
000001620,0
000001626,0
000001632,0
000001638,0
000001644,0
000001650,0
000001656,0
000001662,0
000001668,0
000001674,0
000001680,0
000001686,0
000001692,0
000001698,0
000001704,0
000001710,0
000001716,0
000001722,0
000001728,0
000001734,0
000001740,0
000001746,0
000001752,0
000001758,0
000001764,0
000001770,0
000001776,0
000001782,0
000001788,0
000001794,0
000001800,0
000001806,0
000001812,0
000001818,0
000001824,0
000001830,0
000001836,0
000001842,0
000001848,0
000001854,0
000001860,0
000001866,0
000001872,0
000001878,0
000001884,0
000001890,0
000001896,0
000001902,0
000001908,0
000001914,0
000001920,0
000001926,0
000001932,0
000001938,0
000001944,0
000001950,0
000001956,0
000001962,0
000001968,0
000001974,0
000001980,0
000001986,0
000001992,0
000001998,0
000002004,0
000002010,0
000002016,0
000002022,0
000002028,0
000002034,0
000002040,0
000002046,0
000002052,0
000002058,0
000002064,0
000002070,0
000002076,0
000002082,0
000002088,0
000002094,0
000002100,0
000002106,0
000002112,0
000002118,0
000002124,0
000002130,0
000002136,0
000002142,0
000002148,0
000002154,0
000002160,0
000002166,0
000002172,0
000002178,0
000002184,0
000002190,0
000002196,0
000002202,0
000002208,0
000002214,0
000002220,0
000002226,0
000002232,0
000002238,0
000002244,0
000002250,0
000002256,0
000002262,0
000002268,0
000002274,0
000002280,0
000002286,0
000002292,0
000002298,0
000002304,0
000002310,0
000002316,0
000002322,0
000002328,0
000002334,0
000002340,0
000002346,0
000002352,0
000002358,0
000002364,0
000002370,0
000002376,0
000002382,0
000002388,0
000002394,0
000002400,0
000002406,0
000002412,0
000002418,0
000002424,0
000002430,0
000002436,0
000002442,0
000002448,0
000002454,0
000002460,0
000002466,0
000002472,0
000002478,0
000002484,0
000002490,0
000002496,0
000002502,0
000002508,0
000002514,0
000002520,0
000002526,0
000002532,0
000002538,0
000002544,0
000002550,0
000002556,0
000002562,0
000002568,0
000002574,0
000002580,0
000002586,0
000002592,0
000002598,0
000002604,0
000002610,0
000002616,0
000002622,0
000002628,0
000002634,0
000002640,0
000002646,0
000002652,0
000002658,0
000002664,0
000002670,0
000002676,0
000002682,0
000002688,0
000002694,0
000002700,0
000002706,0
000002712,0
000002718,0
000002724,0
000002730,0
000002736,0
000002742,0
000002748,0
000002754,0
000002760,0
000002766,0
000002772,0
000002778,0
000002784,0
000002790,0
000002796,0
000002802,0
000002808,0
000002814,0
000002820,0
000002826,0
000002832,0
000002838,0
000002844,0
000002850,0
000002856,0
000002862,0
000002868,0
000002874,0
000002880,0
000002886,0
000002892,0
000002898,0
000002904,0
000002910,0
000002916,0
000002922,0
000002928,0
000002934,0
000002940,0
000002946,0
000002952,0
000002958,0
000002964,0
000002970,0
000002976,0
000002982,0
000002988,0
000002994,0
000003000,0
000003006,0
000003012,2
000003018,2
000003024,2
000003030,2
000003036,2
000003042,2
000003048,2
000003054,2
000003060,2
000003066,2
000003072,2
000003078,2
000003084,2
000003090,2
000003096,2
000003102,2
000003108,2
000003114,2
000003120,2
000003126,2
000003132,2
000003138,3
000003144,3
000003150,3
000003156,3
000003162,3
000003168,3
000003174,3
000003180,3
000003186,3
000003192,3
000003198,3
000003204,3
000003210,3
000003216,3
000003222,3
000003228,3
000003234,3
000003240,3
000003246,3
000003252,3
000003258,3
000003264,3
000003270,3
000003276,3
000003282,3
000003288,3
000003294,3
000003300,3
000003306,3
000003312,3
000003318,3
000003324,3
000003330,3
000003336,3
000003342,3
000003348,3
000003354,3
000003360,3
000003366,3
000003372,3
000003378,3
000003384,3
000003390,3
000003396,3
000003402,3
000003408,3
000003414,3
000003420,3
000003426,3
000003432,3
000003438,3
000003444,3
000003450,3
000003456,3
000003462,3
000003468,3
000003474,3
000003480,3
000003486,3
000003492,3
000003498,3
000003504,3
000003510,3
000003516,3
000003522,3
000003528,3
000003534,3
000003540,3
000003546,3
000003552,3
000003558,3
000003564,3
000003570,3
000003576,3
000003582,3
000003588,3
000003594,3
000003600,3
000003606,3
000003612,3
000003618,3
000003624,3
000003630,3
000003636,3
000003642,3
000003648,3
000003654,3
000003660,3
000003666,3
000003672,3
000003678,3
000003684,3
000003690,3
000003696,3
000003702,3
000003708,3
000003714,3
000003720,3
000003726,3
000003732,3
000003738,3
000003744,3
000003750,3
000003756,3
000003762,3
000003768,3
000003774,3
000003780,3
000003786,3
000003792,3
000003798,3
000003804,3
000003810,3
000003816,3
000003822,3
000003828,3
000003834,3
000003840,3
000003846,3
000003852,3
000003858,3
000003864,3
000003870,3
000003876,3
000003882,3
000003888,3
000003894,3
000003900,3
000003906,3
000003912,3
000003918,3
000003924,3
000003930,3
000003936,3
000003942,3
000003948,3
000003954,3
000003960,3
000003966,3
000003972,3
000003978,3
000003984,3
000003990,3
000003996,3
000004002,3
000004008,3
000004014,4
000004020,4
000004026,4
000004032,4
000004038,4
000004044,4
000004050,4
000004056,4
000004062,4
000004068,4
000004074,4
000004080,4
000004086,4
000004092,4
000004098,4
000004104,4
000004110,4
000004116,4
000004122,4
000004128,4
000004134,4
000004140,4
000004146,4
000004152,4
000004158,4
000004164,4
000004170,4
000004176,4
000004182,4
000004188,4
000004194,4
000004200,4
000004206,4
000004212,4
000004218,4
000004224,4
000004230,4
000004236,4
000004242,4
000004248,4
000004254,4
000004260,4
000004266,4
000004272,4
000004278,4
000004284,4
000004290,4
000004296,4
000004302,4
000004308,4
000004314,4
000004320,4
000004326,4
000004332,4
000004338,4
000004344,4
000004350,4
000004356,4
000004362,4
000004368,4
000004374,4
000004380,4
000004386,4
000004392,4
000004398,4
000004404,2
000004410,2
000004416,2
000004422,2
000004428,2
000004434,2
000004440,2
000004446,2
000004452,2
000004458,2
000004464,2
000004470,2
000004476,2
000004482,2
000004488,2
000004494,2
000004500,2
000004506,2
000004512,2
000004518,2
000004524,2
000004530,2
000004536,2
000004542,2
000004548,2
000004554,2
000004560,2
000004566,2
000004572,2
000004578,2
000004584,2
000004590,2
000004596,2
000004602,2
000004608,2
000004614,2
000004620,2
000004626,2
000004632,2
000004638,2
000004644,2
000004650,2
000004656,2
000004662,2
000004668,2
000004674,2
000004680,2
000004686,2
000004692,2
000004698,2
000004704,2
000004710,2
000004716,2
000004722,2
000004728,3
000004734,3
000004740,3
000004746,3
000004752,3
000004758,3
000004764,3
000004770,3
000004776,3
000004782,3
000004788,3
000004794,3
000004800,3
000004806,3
000004812,3
000004818,3
000004824,3
000004830,3
000004836,3
000004842,3
000004848,3
000004854,3
000004860,3
000004866,3
000004872,3
000004878,3
000004884,3
000004890,3
000004896,3
000004902,3
000004908,3
000004914,3
000004920,3
000004926,3
000004932,3
000004938,3
000004944,3
000004950,3
000004956,3
000004962,3
000004968,3
000004974,3
000004980,3
000004986,3
000004992,3
000004998,3
000005004,3
000005010,3
000005016,3
000005022,3
000005028,3
000005034,3
000005040,3
000005046,3
000005052,4
000005058,4
000005064,4
000005070,4
000005076,4
000005082,4
000005088,4
000005094,4
000005100,4
000005106,4
000005112,4
000005118,4
000005124,4
000005130,4
000005136,4
000005142,4
000005148,4
000005154,4
000005160,4
000005166,4
000005172,4
000005178,4
000005184,4
000005190,4
000005196,4
000005202,4
000005208,4
000005214,4
000005220,4
000005226,4
000005232,4
000005238,4
000005244,4
000005250,4
000005256,4
000005262,4
000005268,4
000005274,4
000005280,4
000005286,4
000005292,4
000005298,4
000005304,4
000005310,4
000005316,4
000005322,4
000005328,4
000005334,4
000005340,4
000005346,4
000005352,4
000005358,4
000005364,4
000005370,4
000005376,4
000005382,4
000005388,4
000005394,4
000005400,4
000005406,4
000005412,4
000005418,4
000005424,4
000005430,4
000005436,4
000005442,4
000005448,4
000005454,4
000005460,4
000005466,4
000005472,4
000005478,2
000005484,2
000005490,2
000005496,2
000005502,2
000005508,2
000005514,2
000005520,2
000005526,2
000005532,2
000005538,2
000005544,2
000005550,2
000005556,2
000005562,2
000005568,2
000005574,2
000005580,2
000005586,2
000005592,2
000005598,2
000005604,2
000005610,2
000005616,2
000005622,2
000005628,2
000005634,2
000005640,2
000005646,2
000005652,2
000005658,2
000005664,2
000005670,2
000005676,3
000005682,3
000005688,3
000005694,3
000005700,3
000005706,3
000005712,3
000005718,3
000005724,3
000005730,3
000005736,3
000005742,3
000005748,3
000005754,3
000005760,3
000005766,3
000005772,3
000005778,3
000005784,3
000005790,3
000005796,3
000005802,3
000005808,3
000005814,3
000005820,3
000005826,3
000005832,3
000005838,3
000005844,3
000005850,3
000005856,3
000005862,3
000005868,3
000005874,3
000005880,3
000005886,3
000005892,3
000005898,3
000005904,3
000005910,3
000005916,3
000005922,3
000005928,3
000005934,3
000005940,3
000005946,3
000005952,3
000005958,3
000005964,3
000005970,3
000005976,3
000005982,3
000005988,3
000005994,3
000006000,3
000006006,3
000006012,3
000006018,3
000006024,3
000006030,3
000006036,3
000006042,3
000006048,4
000006054,4
000006060,4
000006066,4
000006072,4
000006078,4
000006084,4
000006090,4
000006096,4
000006102,4
000006108,4
000006114,4
000006120,4
000006126,4
000006132,4
000006138,4
000006144,4
000006150,4
000006156,4
000006162,4
000006168,4
000006174,4
000006180,4
000006186,4
000006192,4
000006198,4
000006204,4
000006210,4
000006216,4
000006222,4
000006228,4
000006234,4
000006240,4
000006246,4
000006252,4
000006258,4
000006264,4
000006270,4
000006276,4
000006282,4
000006288,4
000006294,4
000006300,4
000006306,4
000006312,4
000006318,4
000006324,4
000006330,4
000006336,4
000006342,4
000006348,4
000006354,4
000006360,4
000006366,4
000006372,4
000006378,4
000006384,4
000006390,4
000006396,4
000006402,4
000006408,4
000006414,4
000006420,4
000006426,4
000006432,4
000006438,4
000006444,4
000006450,4
000006456,4
000006462,4
000006468,4
000006474,4
000006480,4
000006486,4
000006492,4
000006498,4
000006504,4
000006510,4
000006516,4
000006522,4
000006528,4
000006534,4
000006540,4
000006546,4
000006552,4
000006558,2
000006564,2
000006570,2
000006576,2
000006582,2
000006588,2
000006594,2
000006600,2
000006606,2
000006612,2
000006618,2
000006624,2
000006630,2
000006636,2
000006642,2
000006648,2
000006654,2
000006660,2
000006666,2
000006672,2
000006678,2
000006684,2
000006690,2
000006696,2
000006702,2
000006708,2
000006714,2
000006720,2
000006726,2
000006732,2
000006738,2
000006744,2
000006750,2
000006756,2
000006762,2
000006768,2
000006774,2
000006780,2
000006786,2
000006792,2
000006798,2
000006804,3
000006810,3
000006816,3
000006822,3
000006828,3
000006834,3
000006840,3
000006846,3
000006852,3
000006858,3
000006864,3
000006870,3
000006876,3
000006882,3
000006888,3
000006894,3
000006900,3
000006906,3
000006912,3
000006918,3
000006924,3
000006930,3
000006936,3
000006942,3
000006948,3
000006954,3
000006960,3
000006966,3
000006972,3
000006978,3
000006984,3
000006990,3
000006996,3
000007002,3
000007008,3
000007014,3
000007020,3
000007026,3
000007032,3
000007038,3
000007044,3
000007050,3
000007056,3
000007062,3
000007068,3
000007074,3
000007080,3
000007086,3
000007092,3
000007098,3
000007104,3
000007110,3
000007116,3
000007122,3
000007128,3
000007134,3
000007140,3
000007146,3
000007152,3
000007158,3
000007164,3
000007170,3
000007176,3
000007182,3
000007188,3
000007194,3
000007200,3
000007206,3
000007212,3
000007218,4
000007224,4
000007230,4
000007236,4
000007242,4
000007248,4
000007254,4
000007260,4
000007266,4
000007272,4
000007278,4
000007284,4
000007290,4
000007296,4
000007302,4
000007308,4
000007314,4
000007320,4
000007326,4
000007332,4
000007338,4
000007344,4
000007350,4
000007356,4
000007362,4
000007368,4
000007374,4
000007380,4
000007386,4
000007392,4
000007398,4
000007404,4
000007410,4
000007416,4
000007422,4
000007428,4
000007434,4
000007440,4
000007446,4
000007452,4
000007458,4
000007464,4
000007470,4
000007476,4
000007482,4
000007488,4
000007494,4
000007500,4
000007506,4
000007512,4
000007518,4
000007524,4
000007530,4
000007536,4
000007542,4
000007548,4
000007554,4
000007560,4
000007566,4
000007572,4
000007578,2
000007584,2
000007590,2
000007596,2
000007602,2
000007608,2
000007614,2
000007620,2
000007626,2
000007632,2
000007638,2
000007644,2
000007650,2
000007656,2
000007662,2
000007668,2
000007674,2
000007680,2
000007686,2
000007692,2
000007698,2
000007704,2
000007710,2
000007716,2
000007722,2
000007728,2
000007734,2
000007740,2
000007746,2
000007752,2
000007758,2
000007764,2
000007770,2
000007776,2
000007782,2
000007788,2
000007794,2
000007800,2
000007806,2
000007812,2
000007818,2
000007824,2
000007830,2
000007836,2
000007842,2
000007848,2
000007854,2
000007860,2
000007866,2
000007872,2
000007878,2
000007884,2
000007890,2
000007896,2
000007902,2
000007908,2
000007914,2
000007920,2
000007926,3
000007932,3
000007938,3
000007944,3
000007950,3
000007956,3
000007962,3
000007968,3
000007974,3
000007980,3
000007986,3
000007992,3
000007998,3
000008004,3
000008010,3
000008016,3
000008022,3
000008028,3
000008034,3
000008040,3
000008046,3
000008052,3
000008058,3
000008064,3
000008070,3
000008076,3
000008082,3
000008088,3
000008094,3
000008100,3
000008106,3
000008112,3
000008118,3
000008124,3
000008130,3
000008136,3
000008142,3
000008148,3
000008154,3
000008160,3
000008166,3
000008172,3
000008178,3
000008184,3
000008190,3
000008196,3
000008202,3
000008208,3
000008214,3
000008220,3
000008226,3
000008232,3
000008238,3
000008244,3
000008250,3
000008256,3
000008262,3
000008268,3
000008274,3
000008280,3
000008286,3
000008292,3
000008298,3
000008304,3
000008310,3
000008316,3
000008322,3
000008328,3
000008334,3
000008340,3
000008346,3
000008352,3
000008358,3
000008364,3
000008370,3
000008376,3
000008382,3
000008388,3
000008394,3
000008400,3
000008406,3
000008412,3
000008418,3
000008424,3
000008430,3
000008436,3
000008442,3
000008448,3
000008454,3
000008460,3
000008466,4
000008472,4
000008478,4
000008484,4
000008490,4
000008496,4
000008502,4
000008508,4
000008514,4
000008520,4
000008526,4
000008532,4
000008538,4
000008544,4
000008550,4
000008556,4
000008562,4
000008568,4
000008574,4
000008580,4
000008586,4
000008592,4
000008598,4
000008604,4
000008610,4
000008616,4
000008622,4
000008628,4
000008634,4
000008640,4
000008646,4
000008652,4
000008658,4
000008664,4
000008670,4
000008676,4
000008682,4
000008688,4
000008694,4
000008700,4
000008706,4
000008712,4
000008718,4
000008724,4
000008730,4
000008736,4
000008742,4
000008748,4
000008754,2
000008760,2
000008766,2
000008772,2
000008778,2
000008784,2
000008790,2
000008796,2
000008802,2
000008808,2
000008814,2
000008820,2
000008826,2
000008832,2
000008838,2
000008844,2
000008850,2
000008856,2
000008862,2
000008868,2
000008874,2
000008880,2
000008886,2
000008892,2
000008898,2
000008904,2
000008910,2
000008916,2
000008922,2
000008928,2
000008934,2
000008940,2
000008946,2
000008952,2
000008958,2
000008964,2
000008970,2
000008976,2
000008982,2
000008988,2
000008994,2
000009000,2
000009006,2
000009012,2
000009018,2
000009024,2
000009030,2
000009036,2
000009042,2
000009048,2
000009054,2
000009060,2
000009066,2
000009072,2
000009078,2
000009084,2
000009090,2
000009096,2
000009102,2
000009108,2
000009114,2
000009120,2
000009126,2
000009132,2
000009138,2
000009144,2
000009150,2
000009156,3
000009162,3
000009168,3
000009174,3
000009180,3
000009186,3
000009192,3
000009198,3
000009204,3
000009210,3
000009216,3
000009222,3
000009228,3
000009234,3
000009240,3
000009246,3
000009252,3
000009258,3
000009264,3
000009270,3
000009276,3
000009282,3
000009288,3
000009294,3
000009300,3
000009306,3
000009312,3
000009318,3
000009324,3
000009330,3
000009336,3
000009342,3
000009348,3
000009354,3
000009360,3
000009366,3
000009372,3
000009378,3
000009384,3
000009390,3
000009396,3
000009402,3
000009408,3
000009414,3
000009420,3
000009426,3
000009432,3
000009438,3
000009444,3
000009450,3
000009456,3
000009462,3
000009468,3
000009474,3
000009480,3
000009486,3
000009492,3
000009498,3
000009504,3
000009510,3
000009516,3
000009522,3
000009528,3
000009534,3
000009540,3
000009546,3
000009552,3
000009558,3
000009564,3
000009570,3
000009576,3
000009582,3
000009588,3
000009594,3
000009600,3
000009606,3
000009612,3
000009618,3
000009624,3
000009630,3
000009636,3
000009642,3
000009648,3
000009654,3
000009660,3
000009666,3
000009672,3
000009678,3
000009684,3
000009690,3
000009696,3
000009702,3
000009708,3
000009714,3
000009720,3
000009726,3
000009732,3
000009738,3
000009744,3
000009750,3
000009756,3
000009762,3
000009768,3
000009774,3
000009780,3
000009786,3
000009792,3
000009798,3
000009804,3
000009810,3
000009816,3
000009822,3
000009828,3
000009834,3
000009840,3
000009846,3
000009852,3
000009858,3
000009864,3
000009870,3
000009876,3
000009882,3
000009888,3
000009894,3
000009900,3
000009906,4
000009912,4
000009918,4
000009924,4
000009930,4
000009936,4
000009942,4
000009948,4
000009954,4
000009960,4
000009966,4
000009972,4
000009978,4
000009984,4
000009990,4
000009996,4
000010002,4
000010008,4
000010014,4
000010020,4
000010026,4
000010032,4
000010038,4
000010044,4
000010050,4
000010056,4
000010062,4
000010068,4
000010074,4
000010080,4
000010086,4
000010092,4
000010098,4
000010104,4
000010110,4
000010116,4
000010122,4
000010128,4
000010134,4
000010140,4
000010146,4
000010152,4
000010158,4
000010164,4
000010170,4
000010176,4
000010182,4
000010188,4
000010194,4
000010200,4
000010206,2
000010212,2
000010218,2
000010224,2
000010230,2
000010236,2
000010242,2
000010248,2
000010254,2
000010260,2
000010266,2
000010272,2
000010278,2
000010284,2
000010290,2
000010296,2
000010302,2
000010308,2
000010314,2
000010320,2
000010326,2
000010332,2
000010338,2
000010344,2
000010350,2
000010356,2
000010362,0
000010368,0
000010374,0
000010380,0
000010386,0
000010392,0
000010398,0
000010404,0
000010410,0
000010416,0
000010422,0
000010428,0
000010434,0
000010440,0
000010446,0
000010452,0
000010458,0
000010464,0
000010470,0
000010476,0
000010482,0
000010488,0
000010494,0
000010500,0
000010506,0
000010512,0
000010518,0
000010524,0
000010530,0
000010536,0
000010542,0
000010548,0
000010554,0
000010560,0
000010566,0
000010572,0
000010578,0
000010584,0
000010590,0
000010596,0
000010602,0
000010608,0
000010614,0
000010620,0
000010626,0
000010632,0
000010638,0
000010644,0
000010650,0
000010656,0
000010662,0
000010668,0
000010674,0
000010680,0
000010686,0
000010692,0
000010698,0
000010704,0
000010710,0
000010716,0
000010722,0
000010728,0
000010734,0
000010740,0
000010746,0
000010752,0
000010758,0
000010764,0
000010770,0
000010776,0
000010782,0
000010788,0
000010794,0
000010800,0
000010806,0
000010812,0
000010818,0
000010824,0
000010830,0
000010836,0
000010842,0
000010848,0
000010854,0
000010860,0
000010866,0
000010872,0
000010878,0
000010884,0
000010890,0
000010896,0
000010902,0
000010908,0
000010914,0
000010920,0
000010926,0
000010932,0
000010938,0
000010944,0
000010950,0
000010956,0
000010962,0
000010968,2
000010974,2
000010980,2
000010986,2
000010992,2
000010998,2
000011004,2
000011010,2
000011016,2
000011022,2
000011028,2
000011034,2
000011040,2
000011046,2
000011052,2
000011058,2
000011064,2
000011070,2
000011076,2
000011082,2
000011088,2
000011094,2
000011100,2
000011106,2
000011112,2
000011118,2
000011124,2
000011130,2
000011136,2
000011142,2
000011148,2
000011154,2
000011160,2
000011166,2
000011172,2
000011178,3
000011184,3
000011190,3
000011196,3
000011202,3
000011208,3
000011214,3
000011220,3
000011226,3
000011232,3
000011238,3
000011244,3
000011250,3
000011256,3
000011262,3
000011268,3
000011274,3
000011280,3
000011286,3
000011292,3
000011298,3
000011304,3
000011310,3
000011316,3
000011322,3
000011328,3
000011334,3
000011340,3
000011346,3
000011352,3
000011358,3
000011364,3
000011370,3
000011376,3
000011382,3
000011388,3
000011394,3
000011400,3
000011406,3
000011412,3
000011418,3
000011424,3
000011430,3
000011436,3
000011442,3
000011448,3
000011454,3
000011460,3
000011466,3
000011472,3
000011478,3
000011484,3
000011490,3
000011496,3
000011502,3
000011508,3
000011514,3
000011520,3
000011526,3
000011532,3
000011538,3
000011544,3
000011550,3
000011556,3
000011562,3
000011568,3
000011574,3
000011580,3
000011586,3
000011592,3
000011598,3
000011604,3
000011610,3
000011616,3
000011622,3
000011628,3
000011634,3
000011640,3
000011646,3
000011652,3
000011658,3
000011664,3
000011670,3
000011676,3
000011682,3
000011688,3
000011694,3
000011700,3
000011706,3
000011712,3
000011718,3
000011724,3
000011730,3
000011736,3
000011742,4
000011748,4
000011754,4
000011760,4
000011766,4
000011772,4
000011778,4
000011784,4
000011790,4
000011796,4
000011802,4
000011808,4
000011814,4
000011820,4
000011826,4
000011832,4
000011838,4
000011844,4
000011850,4
000011856,4
000011862,4
000011868,4
000011874,4
000011880,4
000011886,4
000011892,4
000011898,4
000011904,4
000011910,4
000011916,4
000011922,4
000011928,4
000011934,4
000011940,4
000011946,4
000011952,4
000011958,4
000011964,4
000011970,4
000011976,4
000011982,4
000011988,4
000011994,4
000012000,4
000012006,4
000012012,4
000012018,4
000012024,4
000012030,4
000012036,0
000012042,0
000012048,0
000012054,0
000012060,0
000012066,0
000012072,0
000012078,0
000012084,0
000012090,0
000012096,0
000012102,0
000012108,0
000012114,0
000012120,0
000012126,0
000012132,0
000012138,0
000012144,0
000012150,0
000012156,0
000012162,0
000012168,0
000012174,0
000012180,0
000012186,0
000012192,0
000012198,0
000012204,0
000012210,0
000012216,0
000012222,0
000012228,0
000012234,0
000012240,0
000012246,0
000012252,0
000012258,0
000012264,0
000012270,0
000012276,0
000012282,0
000012288,0
000012294,0
000012300,0
000012306,0
000012312,0
000012318,0
000012324,0
000012330,0
000012336,0
000012342,0
000012348,0
000012354,0
000012360,0
000012366,0
000012372,0
000012378,0
000012384,0
000012390,0
000012396,0
000012402,0
000012408,0
000012414,0
000012420,0
000012426,0
000012432,0
000012438,0
000012444,0
000012450,0
000012456,0
000012462,0
000012468,0
000012474,0
000012480,0
000012486,0
000012492,0
000012498,0
000012504,0
000012510,0
000012516,0
000012522,0
000012528,0
000012534,0
000012540,0
000012546,0
000012552,0
000012558,0
000012564,0
000012570,0
000012576,0
000012582,0
000012588,0
000012594,0
000012600,0
000012606,0
000012612,0
000012618,0
000012624,0
000012630,0
000012636,0
000012642,0
000012648,0
000012654,0
000012660,0
000012666,0
000012672,0
000012678,0
000012684,0
000012690,0
000012696,0
000012702,0
000012708,0
000012714,0
000012720,0
000012726,0
000012732,0
000012738,0
000012744,0
000012750,0
000012756,0
000012762,0
000012768,0
000012774,0
000012780,0
000012786,0
000012792,0
000012798,0
000012804,0
000012810,0
000012816,0
000012822,0
000012828,0
000012834,0
000012840,0
000012846,0
000012852,0
000012858,0
000012864,0
000012870,0
000012876,0
000012882,0
000012888,0
000012894,0
000012900,0
000012906,0
000012912,0
000012918,0
000012924,0
000012930,0
000012936,0
000012942,0
000012948,0
000012954,0
000012960,0
000012966,0
000012972,0
000012978,0
000012984,0
000012990,0
000012996,0
000013002,0
000013008,0
000013014,0
000013020,0
000013026,0
000013032,0
000013038,0
000013044,0
000013050,0
000013056,0
000013062,0
000013068,0
000013074,0
000013080,0
000013086,0
000013092,0
000013098,0
000013104,0
000013110,0
000013116,0
000013122,0
000013128,0
000013134,0
000013140,0
000013146,0
000013152,0
000013158,0
000013164,0
000013170,0
000013176,0
000013182,0
000013188,0
000013194,0
000013200,0
000013206,0
000013212,0
000013218,0
000013224,0
000013230,0
000013236,0
000013242,0
000013248,0
000013254,0
000013260,0
000013266,0
000013272,0
000013278,0
000013284,0
000013290,0
000013296,0
000013302,0
000013308,0
000013314,0
000013320,0
000013326,0
000013332,0
000013338,0
000013344,0
000013350,0
000013356,0
000013362,0
000013368,0
000013374,0
000013380,0
000013386,0
000013392,0
000013398,0
000013404,0
000013410,0
000013416,0
000013422,0
000013428,0
000013434,0
000013440,0
000013446,0
000013452,0
000013458,0
000013464,0
000013470,0
000013476,0
000013482,0
000013488,0
000013494,0
000013500,0
000013506,0
000013512,0
000013518,0
000013524,0
000013530,0
000013536,0
000013542,0
000013548,0
000013554,0
000013560,0
000013566,0
000013572,0
000013578,0
000013584,0
000013590,0
000013596,0
000013602,0
000013608,0
000013614,0
000013620,0
000013626,0
000013632,0
000013638,0
000013644,0
000013650,0
000013656,0
000013662,0
000013668,0
000013674,0
000013680,0
000013686,0
000013692,0
000013698,0
000013704,0
000013710,0
000013716,0
000013722,0
000013728,0
000013734,0
000013740,0
000013746,0
000013752,0
000013758,0
000013764,0
000013770,0
000013776,0
000013782,0
000013788,0
000013794,0
000013800,0
000013806,0
000013812,0
000013818,0
000013824,0
000013830,0
000013836,0
000013842,0
000013848,0
000013854,0
000013860,0
000013866,0
000013872,0
000013878,0
000013884,0
000013890,0
000013896,0
000013902,0
000013908,0
000013914,0
000013920,0
000013926,0
000013932,0
000013938,0
000013944,0
000013950,0
000013956,0
000013962,0
000013968,0
000013974,0
000013980,0
000013986,0
000013992,0
000013998,0
000014004,0
000014010,0
000014016,0
000014022,0
000014028,0
000014034,0
000014040,0
000014046,0
000014052,0
000014058,0
000014064,0
000014070,0
000014076,0
000014082,0
000014088,0
000014094,0
000014100,0
000014106,0
000014112,0
000014118,0
000014124,0
000014130,0
000014136,0
000014142,0
000014148,0
000014154,0
000014160,0
000014166,6
000014172,6
000014178,6
000014184,6
000014190,6
000014196,6
000014202,6
000014208,6
000014214,6
000014220,6
000014226,6
000014232,6
000014238,6
000014244,6
000014250,6
000014256,6
000014262,6
000014268,6
000014274,6
000014280,6
000014286,6
000014292,6
000014298,6
000014304,6
000014310,6
000014316,6
000014322,6
000014328,6
000014334,6
000014340,6
000014346,6
000014352,6
000014358,6
000014364,6
000014370,6
000014376,6
000014382,6
000014388,6
000014394,6
000014400,6
000014406,6
000014412,6
000014418,6
000014424,6
000014430,6
000014436,6
000014442,6
000014448,6
000014454,6
000014460,6
000014466,6
000014472,6
000014478,6
000014484,6
000014490,6
000014496,6
000014502,6
000014508,6
000014514,6
000014520,6
000014526,6
000014532,6
000014538,6
000014544,6
000014550,6
000014556,6
000014562,6
000014568,6
000014574,6
000014580,6
000014586,6
000014592,6
000014598,6
000014604,6
000014610,6
000014616,6
000014622,6
000014628,6
000014634,6
000014640,6
000014646,6
000014652,6
000014658,6
000014664,6
000014670,6
000014676,6
000014682,6
000014688,6
000014694,6
000014700,6
000014706,6
000014712,6
000014718,6
000014724,6
000014730,6
000014736,6
000014742,6
000014748,6
000014754,6
000014760,6
000014766,6
000014772,6
000014778,6
000014784,6
000014790,6
000014796,6
000014802,6
000014808,6
000014814,6
000014820,6
000014826,6
000014832,6
000014838,6
000014844,6
000014850,6
000014856,6
000014862,6
000014868,6
000014874,6
000014880,6
000014886,6
000014892,6
000014898,6
000014904,6
000014910,6
000014916,6
000014922,6
000014928,6
000014934,6
000014940,6
000014946,1
000014952,1
000014958,1
000014964,1
000014970,1
000014976,1
000014982,1
000014988,1
000014994,1
000015000,1
000015006,1
000015012,1
000015018,1
000015024,1
000015030,1
000015036,1
000015042,1
000015048,1
000015054,1
000015060,1
000015066,1
000015072,1
000015078,7
000015084,7
000015090,7
000015096,7
000015102,7
000015108,7
000015114,7
000015120,7
000015126,7
000015132,7
000015138,7
000015144,7
000015150,7
000015156,7
000015162,7
000015168,7
000015174,7
000015180,7
000015186,7
000015192,7
000015198,7
000015204,7
000015210,7
000015216,7
000015222,7
000015228,7
000015234,7
000015240,7
000015246,7
000015252,7
000015258,7
000015264,7
000015270,7
000015276,7
000015282,7
000015288,7
000015294,7
000015300,7
000015306,7
000015312,7
000015318,7
000015324,7
000015330,7
000015336,7
000015342,0
000015348,0
000015354,0
000015360,0
000015366,0
000015372,0
