00000 01463 0 
01464 01592 1 
01593 02267 0 
02268 02893 2 
02894 03456 0 
03457 03552 2 
03553 03995 3 
03996 04378 4 
04379 04866 2 
04867 05612 3 
05613 06165 4 
06166 06626 2 
06627 07333 3 
07334 07965 4 
07966 08284 1 
08285 09206 2 
09207 10052 3 
10053 10685 4 
10686 10769 2 
10770 11434 3 
11435 11828 4 
11829 12072 2 
12073 12643 3 
12644 13068 4 
13069 13289 2 
13290 13851 3 
13852 14155 4 
14156 14262 2 
14263 14639 3 
14640 14993 4 
14994 15092 2 
15093 15548 3 
15549 16096 4 
16097 16260 1 
16261 16703 7 
16704 16819 0 
