00000 01653 0 
01654 01757 1 
01758 02835 2 
02836 02941 3 
02942 03377 7 
03378 03542 1 
03543 04271 7 
04272 05075 0 
05076 05175 1 
05176 05888 2 
05889 06406 3 
06407 06751 4 
06752 07127 1 
07128 07257 2 
07258 07571 3 
07572 07936 4 
07937 08232 1 
08233 08347 2 
08348 08628 3 
08629 09021 4 
09022 09337 1 
09338 09497 2 
09498 09698 3 
09699 10000 4 
10001 10342 1 
10343 10714 2 
10715 10917 3 
10918 11373 4 
11374 11639 1 
11640 11990 2 
11991 12156 3 
12157 12370 4 
12371 12482 1 
12483 12741 2 
12742 12941 3 
12942 13153 4 
13154 13249 1 
13250 13515 2 
13516 13691 3 
13692 13878 4 
13879 15150 5 
15151 15716 6 
15717 15958 1 
15959 16430 7 
16431 16524 0 
