00000 00740 0 
00741 00827 1 
00828 00930 0 
00931 01150 2 
01151 01789 0 
01790 02259 2 
02260 03298 0 
03299 04049 2 
04050 04433 3 
04434 05119 4 
05120 07266 5 
07267 07575 1 
07576 08131 2 
08132 08367 3 
08368 08671 4 
08672 09270 2 
09271 09487 3 
09488 09840 4 
09841 10169 2 
10170 10805 3 
10806 11134 4 
11135 11364 2 
11365 11813 3 
11814 12020 4 
12021 12213 2 
12214 12585 3 
12586 12694 4 
12695 12761 1 
12762 12943 4 
12944 13361 2 
13362 13769 3 
13770 13821 4 
13822 14191 2 
14192 14393 3 
14394 14749 4 
14750 15509 6 
15510 16135 7 
16136 16274 0 
