000000000,0
000000006,0
000000012,0
000000018,0
000000024,0
000000030,0
000000036,0
000000042,0
000000048,0
000000054,0
000000060,0
000000066,0
000000072,0
000000078,0
000000084,0
000000090,0
000000096,0
000000102,0
000000108,0
000000114,0
000000120,0
000000126,0
000000132,0
000000138,0
000000144,0
000000150,0
000000156,0
000000162,0
000000168,0
000000174,0
000000180,0
000000186,0
000000192,0
000000198,0
000000204,0
000000210,0
000000216,0
000000222,0
000000228,0
000000234,0
000000240,0
000000246,0
000000252,0
000000258,0
000000264,0
000000270,0
000000276,0
000000282,0
000000288,0
000000294,0
000000300,0
000000306,0
000000312,0
000000318,0
000000324,0
000000330,0
000000336,0
000000342,0
000000348,0
000000354,0
000000360,0
000000366,0
000000372,0
000000378,0
000000384,0
000000390,0
000000396,0
000000402,0
000000408,0
000000414,0
000000420,0
000000426,0
000000432,0
000000438,0
000000444,0
000000450,0
000000456,0
000000462,0
000000468,0
000000474,0
000000480,0
000000486,0
000000492,0
000000498,0
000000504,0
000000510,0
000000516,0
000000522,0
000000528,0
000000534,0
000000540,0
000000546,0
000000552,0
000000558,0
000000564,0
000000570,0
000000576,0
000000582,0
000000588,0
000000594,0
000000600,0
000000606,0
000000612,0
000000618,0
000000624,0
000000630,0
000000636,0
000000642,0
000000648,0
000000654,0
000000660,0
000000666,0
000000672,0
000000678,0
000000684,0
000000690,0
000000696,0
000000702,0
000000708,0
000000714,0
000000720,0
000000726,0
000000732,0
000000738,1
000000744,1
000000750,1
000000756,1
000000762,1
000000768,1
000000774,1
000000780,1
000000786,1
000000792,1
000000798,1
000000804,1
000000810,1
000000816,1
000000822,1
000000828,0
000000834,0
000000840,0
000000846,0
000000852,0
000000858,0
000000864,0
000000870,0
000000876,0
000000882,0
000000888,0
000000894,0
000000900,0
000000906,0
000000912,0
000000918,0
000000924,0
000000930,2
000000936,2
000000942,2
000000948,2
000000954,2
000000960,2
000000966,2
000000972,2
000000978,2
000000984,2
000000990,2
000000996,2
000001002,2
000001008,2
000001014,2
000001020,2
000001026,2
000001032,2
000001038,2
000001044,2
000001050,2
000001056,2
000001062,2
000001068,2
000001074,2
000001080,2
000001086,2
000001092,2
000001098,2
000001104,2
000001110,2
000001116,2
000001122,2
000001128,2
000001134,2
000001140,2
000001146,0
000001152,0
000001158,0
000001164,0
000001170,0
000001176,0
000001182,0
000001188,0
000001194,0
000001200,0
000001206,0
000001212,0
000001218,0
000001224,0
000001230,0
000001236,0
000001242,0
000001248,0
000001254,0
000001260,0
000001266,0
000001272,0
000001278,0
000001284,0
000001290,0
000001296,0
000001302,0
000001308,0
000001314,0
000001320,0
000001326,0
000001332,0
000001338,0
000001344,0
000001350,0
000001356,0
000001362,0
000001368,0
000001374,0
000001380,0
000001386,0
000001392,0
000001398,0
000001404,0
000001410,0
000001416,0
000001422,0
000001428,0
000001434,0
000001440,0
000001446,0
000001452,0
000001458,0
000001464,0
000001470,0
000001476,0
000001482,0
000001488,0
000001494,0
000001500,0
000001506,0
000001512,0
000001518,0
000001524,0
000001530,0
000001536,0
000001542,0
000001548,0
000001554,0
000001560,0
000001566,0
000001572,0
000001578,0
000001584,0
000001590,0
000001596,0
000001602,0
000001608,0
000001614,0
000001620,0
000001626,0
000001632,0
000001638,0
000001644,0
000001650,0
000001656,0
000001662,0
000001668,0
000001674,0
000001680,0
000001686,0
000001692,0
000001698,0
000001704,0
000001710,0
000001716,0
000001722,0
000001728,0
000001734,0
000001740,0
000001746,0
000001752,0
000001758,0
000001764,0
000001770,0
000001776,0
000001782,0
000001788,2
000001794,2
000001800,2
000001806,2
000001812,2
000001818,2
000001824,2
000001830,2
000001836,2
000001842,2
000001848,2
000001854,2
000001860,2
000001866,2
000001872,2
000001878,2
000001884,2
000001890,2
000001896,2
000001902,2
000001908,2
000001914,2
000001920,2
000001926,2
000001932,2
000001938,2
000001944,2
000001950,2
000001956,2
000001962,2
000001968,2
000001974,2
000001980,2
000001986,2
000001992,2
000001998,2
000002004,2
000002010,2
000002016,2
000002022,2
000002028,2
000002034,2
000002040,2
000002046,2
000002052,2
000002058,2
000002064,2
000002070,2
000002076,2
000002082,2
000002088,2
000002094,2
000002100,2
000002106,2
000002112,2
000002118,2
000002124,2
000002130,2
000002136,2
000002142,2
000002148,2
000002154,2
000002160,2
000002166,2
000002172,2
000002178,2
000002184,2
000002190,2
000002196,2
000002202,2
000002208,2
000002214,2
000002220,2
000002226,2
000002232,2
000002238,2
000002244,2
000002250,2
000002256,0
000002262,0
000002268,0
000002274,0
000002280,0
000002286,0
000002292,0
000002298,0
000002304,0
000002310,0
000002316,0
000002322,0
000002328,0
000002334,0
000002340,0
000002346,0
000002352,0
000002358,0
000002364,0
000002370,0
000002376,0
000002382,0
000002388,0
000002394,0
000002400,0
000002406,0
000002412,0
000002418,0
000002424,0
000002430,0
000002436,0
000002442,0
000002448,0
000002454,0
000002460,0
000002466,0
000002472,0
000002478,0
000002484,0
000002490,0
000002496,0
000002502,0
000002508,0
000002514,0
000002520,0
000002526,0
000002532,0
000002538,0
000002544,0
000002550,0
000002556,0
000002562,0
000002568,0
000002574,0
000002580,0
000002586,0
000002592,0
000002598,0
000002604,0
000002610,0
000002616,0
000002622,0
000002628,0
000002634,0
000002640,0
000002646,0
000002652,0
000002658,0
000002664,0
000002670,0
000002676,0
000002682,0
000002688,0
000002694,0
000002700,0
000002706,0
000002712,0
000002718,0
000002724,0
000002730,0
000002736,0
000002742,0
000002748,0
000002754,0
000002760,0
000002766,0
000002772,0
000002778,0
000002784,0
000002790,0
000002796,0
000002802,0
000002808,0
000002814,0
000002820,0
000002826,0
000002832,0
000002838,0
000002844,0
000002850,0
000002856,0
000002862,0
000002868,0
000002874,0
000002880,0
000002886,0
000002892,0
000002898,0
000002904,0
000002910,0
000002916,0
000002922,0
000002928,0
000002934,0
000002940,0
000002946,0
000002952,0
000002958,0
000002964,0
000002970,0
000002976,0
000002982,0
000002988,0
000002994,0
000003000,0
000003006,0
000003012,0
000003018,0
000003024,0
000003030,0
000003036,0
000003042,0
000003048,0
000003054,0
000003060,0
000003066,0
000003072,0
000003078,0
000003084,0
000003090,0
000003096,0
000003102,0
000003108,0
000003114,0
000003120,0
000003126,0
000003132,0
000003138,0
000003144,0
000003150,0
000003156,0
000003162,0
000003168,0
000003174,0
000003180,0
000003186,0
000003192,0
000003198,0
000003204,0
000003210,0
000003216,0
000003222,0
000003228,0
000003234,0
000003240,0
000003246,0
000003252,0
000003258,0
000003264,0
000003270,0
000003276,0
000003282,0
000003288,0
000003294,2
000003300,2
000003306,2
000003312,2
000003318,2
000003324,2
000003330,2
000003336,2
000003342,2
000003348,2
000003354,2
000003360,2
000003366,2
000003372,2
000003378,2
000003384,2
000003390,2
000003396,2
000003402,2
000003408,2
000003414,2
000003420,2
000003426,2
000003432,2
000003438,2
000003444,2
000003450,2
000003456,2
000003462,2
000003468,2
000003474,2
000003480,2
000003486,2
000003492,2
000003498,2
000003504,2
000003510,2
000003516,2
000003522,2
000003528,2
000003534,2
000003540,2
000003546,2
000003552,2
000003558,2
000003564,2
000003570,2
000003576,2
000003582,2
000003588,2
000003594,2
000003600,2
000003606,2
000003612,2
000003618,2
000003624,2
000003630,2
000003636,2
000003642,2
000003648,2
000003654,2
000003660,2
000003666,2
000003672,2
000003678,2
000003684,2
000003690,2
000003696,2
000003702,2
000003708,2
000003714,2
000003720,2
000003726,2
000003732,2
000003738,2
000003744,2
000003750,2
000003756,2
000003762,2
000003768,2
000003774,2
000003780,2
000003786,2
000003792,2
000003798,2
000003804,2
000003810,2
000003816,2
000003822,2
000003828,2
000003834,2
000003840,2
000003846,2
000003852,2
000003858,2
000003864,2
000003870,2
000003876,2
000003882,2
000003888,2
000003894,2
000003900,2
000003906,2
000003912,2
000003918,2
000003924,2
000003930,2
000003936,2
000003942,2
000003948,2
000003954,2
000003960,2
000003966,2
000003972,2
000003978,2
000003984,2
000003990,2
000003996,2
000004002,2
000004008,2
000004014,2
000004020,2
000004026,2
000004032,2
000004038,2
000004044,2
000004050,3
000004056,3
000004062,3
000004068,3
000004074,3
000004080,3
000004086,3
000004092,3
000004098,3
000004104,3
000004110,3
000004116,3
000004122,3
000004128,3
000004134,3
000004140,3
000004146,3
000004152,3
000004158,3
000004164,3
000004170,3
000004176,3
000004182,3
000004188,3
000004194,3
000004200,3
000004206,3
000004212,3
000004218,3
000004224,3
000004230,3
000004236,3
000004242,3
000004248,3
000004254,3
000004260,3
000004266,3
000004272,3
000004278,3
000004284,3
000004290,3
000004296,3
000004302,3
000004308,3
000004314,3
000004320,3
000004326,3
000004332,3
000004338,3
000004344,3
000004350,3
000004356,3
000004362,3
000004368,3
000004374,3
000004380,3
000004386,3
000004392,3
000004398,3
000004404,3
000004410,3
000004416,3
000004422,3
000004428,3
000004434,4
000004440,4
000004446,4
000004452,4
000004458,4
000004464,4
000004470,4
000004476,4
000004482,4
000004488,4
000004494,4
000004500,4
000004506,4
000004512,4
000004518,4
000004524,4
000004530,4
000004536,4
000004542,4
000004548,4
000004554,4
000004560,4
000004566,4
000004572,4
000004578,4
000004584,4
000004590,4
000004596,4
000004602,4
000004608,4
000004614,4
000004620,4
000004626,4
000004632,4
000004638,4
000004644,4
000004650,4
000004656,4
000004662,4
000004668,4
000004674,4
000004680,4
000004686,4
000004692,4
000004698,4
000004704,4
000004710,4
000004716,4
000004722,4
000004728,4
000004734,4
000004740,4
000004746,4
000004752,4
000004758,4
000004764,4
000004770,4
000004776,4
000004782,4
000004788,4
000004794,4
000004800,4
000004806,4
000004812,4
000004818,4
000004824,4
000004830,4
000004836,4
000004842,4
000004848,4
000004854,4
000004860,4
000004866,4
000004872,4
000004878,4
000004884,4
000004890,4
000004896,4
000004902,4
000004908,4
000004914,4
000004920,4
000004926,4
000004932,4
000004938,4
000004944,4
000004950,4
000004956,4
000004962,4
000004968,4
000004974,4
000004980,4
000004986,4
000004992,4
000004998,4
000005004,4
000005010,4
000005016,4
000005022,4
000005028,4
000005034,4
000005040,4
000005046,4
000005052,4
000005058,4
000005064,4
000005070,4
000005076,4
000005082,4
000005088,4
000005094,4
000005100,4
000005106,4
000005112,4
000005118,5
000005124,5
000005130,5
000005136,5
000005142,5
000005148,5
000005154,5
000005160,5
000005166,5
000005172,5
000005178,5
000005184,5
000005190,5
000005196,5
000005202,5
000005208,5
000005214,5
000005220,5
000005226,5
000005232,5
000005238,5
000005244,5
000005250,5
000005256,5
000005262,5
000005268,5
000005274,5
000005280,5
000005286,5
000005292,5
000005298,5
000005304,5
000005310,5
000005316,5
000005322,5
000005328,5
000005334,5
000005340,5
000005346,5
000005352,5
000005358,5
000005364,5
000005370,5
000005376,5
000005382,5
000005388,5
000005394,5
000005400,5
000005406,5
000005412,5
000005418,5
000005424,5
000005430,5
000005436,5
000005442,5
000005448,5
000005454,5
000005460,5
000005466,5
000005472,5
000005478,5
000005484,5
000005490,5
000005496,5
000005502,5
000005508,5
000005514,5
000005520,5
000005526,5
000005532,5
000005538,5
000005544,5
000005550,5
000005556,5
000005562,5
000005568,5
000005574,5
000005580,5
000005586,5
000005592,5
000005598,5
000005604,5
000005610,5
000005616,5
000005622,5
000005628,5
000005634,5
000005640,5
000005646,5
000005652,5
000005658,5
000005664,5
000005670,5
000005676,5
000005682,5
000005688,5
000005694,5
000005700,5
000005706,5
000005712,5
000005718,5
000005724,5
000005730,5
000005736,5
000005742,5
000005748,5
000005754,5
000005760,5
000005766,5
000005772,5
000005778,5
000005784,5
000005790,5
000005796,5
000005802,5
000005808,5
000005814,5
000005820,5
000005826,5
000005832,5
000005838,5
000005844,5
000005850,5
000005856,5
000005862,5
000005868,5
000005874,5
000005880,5
000005886,5
000005892,5
000005898,5
000005904,5
000005910,5
000005916,5
000005922,5
000005928,5
000005934,5
000005940,5
000005946,5
000005952,5
000005958,5
000005964,5
000005970,5
000005976,5
000005982,5
000005988,5
000005994,5
000006000,5
000006006,5
000006012,5
000006018,5
000006024,5
000006030,5
000006036,5
000006042,5
000006048,5
000006054,5
000006060,5
000006066,5
000006072,5
000006078,5
000006084,5
000006090,5
000006096,5
000006102,5
000006108,5
000006114,5
000006120,5
000006126,5
000006132,5
000006138,5
000006144,5
000006150,5
000006156,5
000006162,5
000006168,5
000006174,5
000006180,5
000006186,5
000006192,5
000006198,5
000006204,5
000006210,5
000006216,5
000006222,5
000006228,5
000006234,5
000006240,5
000006246,5
000006252,5
000006258,5
000006264,5
000006270,5
000006276,5
000006282,5
000006288,5
000006294,5
000006300,5
000006306,5
000006312,5
000006318,5
000006324,5
000006330,5
000006336,5
000006342,5
000006348,5
000006354,5
000006360,5
000006366,5
000006372,5
000006378,5
000006384,5
000006390,5
000006396,5
000006402,5
000006408,5
000006414,5
000006420,5
000006426,5
000006432,5
000006438,5
000006444,5
000006450,5
000006456,5
000006462,5
000006468,5
000006474,5
000006480,5
000006486,5
000006492,5
000006498,5
000006504,5
000006510,5
000006516,5
000006522,5
000006528,5
000006534,5
000006540,5
000006546,5
000006552,5
000006558,5
000006564,5
000006570,5
000006576,5
000006582,5
000006588,5
000006594,5
000006600,5
000006606,5
000006612,5
000006618,5
000006624,5
000006630,5
000006636,5
000006642,5
000006648,5
000006654,5
000006660,5
000006666,5
000006672,5
000006678,5
000006684,5
000006690,5
000006696,5
000006702,5
000006708,5
000006714,5
000006720,5
000006726,5
000006732,5
000006738,5
000006744,5
000006750,5
000006756,5
000006762,5
000006768,5
000006774,5
000006780,5
000006786,5
000006792,5
000006798,5
000006804,5
000006810,5
000006816,5
000006822,5
000006828,5
000006834,5
000006840,5
000006846,5
000006852,5
000006858,5
000006864,5
000006870,5
000006876,5
000006882,5
000006888,5
000006894,5
000006900,5
000006906,5
000006912,5
000006918,5
000006924,5
000006930,5
000006936,5
000006942,5
000006948,5
000006954,5
000006960,5
000006966,5
000006972,5
000006978,5
000006984,5
000006990,5
000006996,5
000007002,5
000007008,5
000007014,5
000007020,5
000007026,5
000007032,5
000007038,5
000007044,5
000007050,5
000007056,5
000007062,5
000007068,5
000007074,5
000007080,5
000007086,5
000007092,5
000007098,5
000007104,5
000007110,5
000007116,5
000007122,5
000007128,5
000007134,5
000007140,5
000007146,5
000007152,5
000007158,5
000007164,5
000007170,5
000007176,5
000007182,5
000007188,5
000007194,5
000007200,5
000007206,5
000007212,5
000007218,5
000007224,5
000007230,5
000007236,5
000007242,5
000007248,5
000007254,5
000007260,5
000007266,1
000007272,1
000007278,1
000007284,1
000007290,1
000007296,1
000007302,1
000007308,1
000007314,1
000007320,1
000007326,1
000007332,1
000007338,1
000007344,1
000007350,1
000007356,1
000007362,1
000007368,1
000007374,1
000007380,1
000007386,1
000007392,1
000007398,1
000007404,1
000007410,1
000007416,1
000007422,1
000007428,1
000007434,1
000007440,1
000007446,1
000007452,1
000007458,1
000007464,1
000007470,1
000007476,1
000007482,1
000007488,1
000007494,1
000007500,1
000007506,1
000007512,1
000007518,1
000007524,1
000007530,1
000007536,1
000007542,1
000007548,1
000007554,1
000007560,1
000007566,1
000007572,2
000007578,2
000007584,2
000007590,2
000007596,2
000007602,2
000007608,2
000007614,2
000007620,2
000007626,2
000007632,2
000007638,2
000007644,2
000007650,2
000007656,2
000007662,2
000007668,2
000007674,2
000007680,2
000007686,2
000007692,2
000007698,2
000007704,2
000007710,2
000007716,2
000007722,2
000007728,2
000007734,2
000007740,2
000007746,2
000007752,2
000007758,2
000007764,2
000007770,2
000007776,2
000007782,2
000007788,2
000007794,2
000007800,2
000007806,2
000007812,2
000007818,2
000007824,2
000007830,2
000007836,2
000007842,2
000007848,2
000007854,2
000007860,2
000007866,2
000007872,2
000007878,2
000007884,2
000007890,2
000007896,2
000007902,2
000007908,2
000007914,2
000007920,2
000007926,2
000007932,2
000007938,2
000007944,2
000007950,2
000007956,2
000007962,2
000007968,2
000007974,2
000007980,2
000007986,2
000007992,2
000007998,2
000008004,2
000008010,2
000008016,2
000008022,2
000008028,2
000008034,2
000008040,2
000008046,2
000008052,2
000008058,2
000008064,2
000008070,2
000008076,2
000008082,2
000008088,2
000008094,2
000008100,2
000008106,2
000008112,2
000008118,2
000008124,2
000008130,3
000008136,3
000008142,3
000008148,3
000008154,3
000008160,3
000008166,3
000008172,3
000008178,3
000008184,3
000008190,3
000008196,3
000008202,3
000008208,3
000008214,3
000008220,3
000008226,3
000008232,3
000008238,3
000008244,3
000008250,3
000008256,3
000008262,3
000008268,3
000008274,3
000008280,3
000008286,3
000008292,3
000008298,3
000008304,3
000008310,3
000008316,3
000008322,3
000008328,3
000008334,3
000008340,3
000008346,3
000008352,3
000008358,3
000008364,4
000008370,4
000008376,4
000008382,4
000008388,4
000008394,4
000008400,4
000008406,4
000008412,4
000008418,4
000008424,4
000008430,4
000008436,4
000008442,4
000008448,4
000008454,4
000008460,4
000008466,4
000008472,4
000008478,4
000008484,4
000008490,4
000008496,4
000008502,4
000008508,4
000008514,4
000008520,4
000008526,4
000008532,4
000008538,4
000008544,4
000008550,4
000008556,4
000008562,4
000008568,4
000008574,4
000008580,4
000008586,4
000008592,4
000008598,4
000008604,4
000008610,4
000008616,4
000008622,4
000008628,4
000008634,4
000008640,4
000008646,4
000008652,4
000008658,4
000008664,4
000008670,2
000008676,2
000008682,2
000008688,2
000008694,2
000008700,2
000008706,2
000008712,2
000008718,2
000008724,2
000008730,2
000008736,2
000008742,2
000008748,2
000008754,2
000008760,2
000008766,2
000008772,2
000008778,2
000008784,2
000008790,2
000008796,2
000008802,2
000008808,2
000008814,2
000008820,2
000008826,2
000008832,2
000008838,2
000008844,2
000008850,2
000008856,2
000008862,2
000008868,2
000008874,2
000008880,2
000008886,2
000008892,2
000008898,2
000008904,2
000008910,2
000008916,2
000008922,2
000008928,2
000008934,2
000008940,2
000008946,2
000008952,2
000008958,2
000008964,2
000008970,2
000008976,2
000008982,2
000008988,2
000008994,2
000009000,2
000009006,2
000009012,2
000009018,2
000009024,2
000009030,2
000009036,2
000009042,2
000009048,2
000009054,2
000009060,2
000009066,2
000009072,2
000009078,2
000009084,2
000009090,2
000009096,2
000009102,2
000009108,2
000009114,2
000009120,2
000009126,2
000009132,2
000009138,2
000009144,2
000009150,2
000009156,2
000009162,2
000009168,2
000009174,2
000009180,2
000009186,2
000009192,2
000009198,2
000009204,2
000009210,2
000009216,2
000009222,2
000009228,2
000009234,2
000009240,2
000009246,2
000009252,2
000009258,2
000009264,2
000009270,3
000009276,3
000009282,3
000009288,3
000009294,3
000009300,3
000009306,3
000009312,3
000009318,3
000009324,3
000009330,3
000009336,3
000009342,3
000009348,3
000009354,3
000009360,3
000009366,3
000009372,3
000009378,3
000009384,3
000009390,3
000009396,3
000009402,3
000009408,3
000009414,3
000009420,3
000009426,3
000009432,3
000009438,3
000009444,3
000009450,3
000009456,3
000009462,3
000009468,3
000009474,3
000009480,3
000009486,4
000009492,4
000009498,4
000009504,4
000009510,4
000009516,4
000009522,4
000009528,4
000009534,4
000009540,4
000009546,4
000009552,4
000009558,4
000009564,4
000009570,4
000009576,4
000009582,4
000009588,4
000009594,4
000009600,4
000009606,4
000009612,4
000009618,4
000009624,4
000009630,4
000009636,4
000009642,4
000009648,4
000009654,4
000009660,4
000009666,4
000009672,4
000009678,4
000009684,4
000009690,4
000009696,4
000009702,4
000009708,4
000009714,4
000009720,4
000009726,4
000009732,4
000009738,4
000009744,4
000009750,4
000009756,4
000009762,4
000009768,4
000009774,4
000009780,4
000009786,4
000009792,4
000009798,4
000009804,4
000009810,4
000009816,4
000009822,4
000009828,4
000009834,4
000009840,2
000009846,2
000009852,2
000009858,2
000009864,2
000009870,2
000009876,2
000009882,2
000009888,2
000009894,2
000009900,2
000009906,2
000009912,2
000009918,2
000009924,2
000009930,2
000009936,2
000009942,2
000009948,2
000009954,2
000009960,2
000009966,2
000009972,2
000009978,2
000009984,2
000009990,2
000009996,2
000010002,2
000010008,2
000010014,2
000010020,2
000010026,2
000010032,2
000010038,2
000010044,2
000010050,2
000010056,2
000010062,2
000010068,2
000010074,2
000010080,2
000010086,2
000010092,2
000010098,2
000010104,2
000010110,2
000010116,2
000010122,2
000010128,2
000010134,2
000010140,2
000010146,2
000010152,2
000010158,2
000010164,2
000010170,3
000010176,3
000010182,3
000010188,3
000010194,3
000010200,3
000010206,3
000010212,3
000010218,3
000010224,3
000010230,3
000010236,3
000010242,3
000010248,3
000010254,3
000010260,3
000010266,3
000010272,3
000010278,3
000010284,3
000010290,3
000010296,3
000010302,3
000010308,3
000010314,3
000010320,3
000010326,3
000010332,3
000010338,3
000010344,3
000010350,3
000010356,3
000010362,3
000010368,3
000010374,3
000010380,3
000010386,3
000010392,3
000010398,3
000010404,3
000010410,3
000010416,3
000010422,3
000010428,3
000010434,3
000010440,3
000010446,3
000010452,3
000010458,3
000010464,3
000010470,3
000010476,3
000010482,3
000010488,3
000010494,3
000010500,3
000010506,3
000010512,3
000010518,3
000010524,3
000010530,3
000010536,3
000010542,3
000010548,3
000010554,3
000010560,3
000010566,3
000010572,3
000010578,3
000010584,3
000010590,3
000010596,3
000010602,3
000010608,3
000010614,3
000010620,3
000010626,3
000010632,3
000010638,3
000010644,3
000010650,3
000010656,3
000010662,3
000010668,3
000010674,3
000010680,3
000010686,3
000010692,3
000010698,3
000010704,3
000010710,3
000010716,3
000010722,3
000010728,3
000010734,3
000010740,3
000010746,3
000010752,3
000010758,3
000010764,3
000010770,3
000010776,3
000010782,3
000010788,3
000010794,3
000010800,3
000010806,4
000010812,4
000010818,4
000010824,4
000010830,4
000010836,4
000010842,4
000010848,4
000010854,4
000010860,4
000010866,4
000010872,4
000010878,4
000010884,4
000010890,4
000010896,4
000010902,4
000010908,4
000010914,4
000010920,4
000010926,4
000010932,4
000010938,4
000010944,4
000010950,4
000010956,4
000010962,4
000010968,4
000010974,4
000010980,4
000010986,4
000010992,4
000010998,4
000011004,4
000011010,4
000011016,4
000011022,4
000011028,4
000011034,4
000011040,4
000011046,4
000011052,4
000011058,4
000011064,4
000011070,4
000011076,4
000011082,4
000011088,4
000011094,4
000011100,4
000011106,4
000011112,4
000011118,4
000011124,4
000011130,2
000011136,2
000011142,2
000011148,2
000011154,2
000011160,2
000011166,2
000011172,2
000011178,2
000011184,2
000011190,2
000011196,2
000011202,2
000011208,2
000011214,2
000011220,2
000011226,2
000011232,2
000011238,2
000011244,2
000011250,2
000011256,2
000011262,2
000011268,2
000011274,2
000011280,2
000011286,2
000011292,2
000011298,2
000011304,2
000011310,2
000011316,2
000011322,2
000011328,2
000011334,2
000011340,2
000011346,2
000011352,2
000011358,2
000011364,3
000011370,3
000011376,3
000011382,3
000011388,3
000011394,3
000011400,3
000011406,3
000011412,3
000011418,3
000011424,3
000011430,3
000011436,3
000011442,3
000011448,3
000011454,3
000011460,3
000011466,3
000011472,3
000011478,3
000011484,3
000011490,3
000011496,3
000011502,3
000011508,3
000011514,3
000011520,3
000011526,3
000011532,3
000011538,3
000011544,3
000011550,3
000011556,3
000011562,3
000011568,3
000011574,3
000011580,3
000011586,3
000011592,3
000011598,3
000011604,3
000011610,3
000011616,3
000011622,3
000011628,3
000011634,3
000011640,3
000011646,3
000011652,3
000011658,3
000011664,3
000011670,3
000011676,3
000011682,3
000011688,3
000011694,3
000011700,3
000011706,3
000011712,3
000011718,3
000011724,3
000011730,3
000011736,3
000011742,3
000011748,3
000011754,3
000011760,3
000011766,3
000011772,3
000011778,3
000011784,3
000011790,3
000011796,3
000011802,3
000011808,3
000011814,4
000011820,4
000011826,4
000011832,4
000011838,4
000011844,4
000011850,4
000011856,4
000011862,4
000011868,4
000011874,4
000011880,4
000011886,4
000011892,4
000011898,4
000011904,4
000011910,4
000011916,4
000011922,4
000011928,4
000011934,4
000011940,4
000011946,4
000011952,4
000011958,4
000011964,4
000011970,4
000011976,4
000011982,4
000011988,4
000011994,4
000012000,4
000012006,4
000012012,4
000012018,2
000012024,2
000012030,2
000012036,2
000012042,2
000012048,2
000012054,2
000012060,2
000012066,2
000012072,2
000012078,2
000012084,2
000012090,2
000012096,2
000012102,2
000012108,2
000012114,2
000012120,2
000012126,2
000012132,2
000012138,2
000012144,2
000012150,2
000012156,2
000012162,2
000012168,2
000012174,2
000012180,2
000012186,2
000012192,2
000012198,2
000012204,2
000012210,3
000012216,3
000012222,3
000012228,3
000012234,3
000012240,3
000012246,3
000012252,3
000012258,3
000012264,3
000012270,3
000012276,3
000012282,3
000012288,3
000012294,3
000012300,3
000012306,3
000012312,3
000012318,3
000012324,3
000012330,3
000012336,3
000012342,3
000012348,3
000012354,3
000012360,3
000012366,3
000012372,3
000012378,3
000012384,3
000012390,3
000012396,3
000012402,3
000012408,3
000012414,3
000012420,3
000012426,3
000012432,3
000012438,3
000012444,3
000012450,3
000012456,3
000012462,3
000012468,3
000012474,3
000012480,3
000012486,3
000012492,3
000012498,3
000012504,3
000012510,3
000012516,3
000012522,3
000012528,3
000012534,3
000012540,3
000012546,3
000012552,3
000012558,3
000012564,3
000012570,3
000012576,3
000012582,4
000012588,4
000012594,4
000012600,4
000012606,4
000012612,4
000012618,4
000012624,4
000012630,4
000012636,4
000012642,4
000012648,4
000012654,4
000012660,4
000012666,4
000012672,4
000012678,4
000012684,4
000012690,1
000012696,1
000012702,1
000012708,1
000012714,1
000012720,1
000012726,1
000012732,1
000012738,1
000012744,1
000012750,1
000012756,1
000012762,4
000012768,4
000012774,4
000012780,4
000012786,4
000012792,4
000012798,4
000012804,4
000012810,4
000012816,4
000012822,4
000012828,4
000012834,4
000012840,4
000012846,4
000012852,4
000012858,4
000012864,4
000012870,4
000012876,4
000012882,4
000012888,4
000012894,4
000012900,4
000012906,4
000012912,4
000012918,4
000012924,4
000012930,4
000012936,4
000012942,2
000012948,2
000012954,2
000012960,2
000012966,2
000012972,2
000012978,2
000012984,2
000012990,2
000012996,2
000013002,2
000013008,2
000013014,2
000013020,2
000013026,2
000013032,2
000013038,2
000013044,2
000013050,2
000013056,2
000013062,2
000013068,2
000013074,2
000013080,2
000013086,2
000013092,2
000013098,2
000013104,2
000013110,2
000013116,2
000013122,2
000013128,2
000013134,2
000013140,2
000013146,2
000013152,2
000013158,2
000013164,2
000013170,2
000013176,2
000013182,2
000013188,2
000013194,2
000013200,2
000013206,2
000013212,2
000013218,2
000013224,2
000013230,2
000013236,2
000013242,2
000013248,2
000013254,2
000013260,2
000013266,2
000013272,2
000013278,2
000013284,2
000013290,2
000013296,2
000013302,2
000013308,2
000013314,2
000013320,2
000013326,2
000013332,2
000013338,2
000013344,2
000013350,2
000013356,2
000013362,3
000013368,3
000013374,3
000013380,3
000013386,3
000013392,3
000013398,3
000013404,3
000013410,3
000013416,3
000013422,3
000013428,3
000013434,3
000013440,3
000013446,3
000013452,3
000013458,3
000013464,3
000013470,3
000013476,3
000013482,3
000013488,3
000013494,3
000013500,3
000013506,3
000013512,3
000013518,3
000013524,3
000013530,3
000013536,3
000013542,3
000013548,3
000013554,3
000013560,3
000013566,3
000013572,3
000013578,3
000013584,3
000013590,3
000013596,3
000013602,3
000013608,3
000013614,3
000013620,3
000013626,3
000013632,3
000013638,3
000013644,3
000013650,3
000013656,3
000013662,3
000013668,3
000013674,3
000013680,3
000013686,3
000013692,3
000013698,3
000013704,3
000013710,3
000013716,3
000013722,3
000013728,3
000013734,3
000013740,3
000013746,3
000013752,3
000013758,3
000013764,3
000013770,4
000013776,4
000013782,4
000013788,4
000013794,4
000013800,4
000013806,4
000013812,4
000013818,2
000013824,2
000013830,2
000013836,2
000013842,2
000013848,2
000013854,2
000013860,2
000013866,2
000013872,2
000013878,2
000013884,2
000013890,2
000013896,2
000013902,2
000013908,2
000013914,2
000013920,2
000013926,2
000013932,2
000013938,2
000013944,2
000013950,2
000013956,2
000013962,2
000013968,2
000013974,2
000013980,2
000013986,2
000013992,2
000013998,2
000014004,2
000014010,2
000014016,2
000014022,2
000014028,2
000014034,2
000014040,2
000014046,2
000014052,2
000014058,2
000014064,2
000014070,2
000014076,2
000014082,2
000014088,2
000014094,2
000014100,2
000014106,2
000014112,2
000014118,2
000014124,2
000014130,2
000014136,2
000014142,2
000014148,2
000014154,2
000014160,2
000014166,2
000014172,2
000014178,2
000014184,2
000014190,3
000014196,3
000014202,3
000014208,3
000014214,3
000014220,3
000014226,3
000014232,3
000014238,3
000014244,3
000014250,3
000014256,3
000014262,3
000014268,3
000014274,3
000014280,3
000014286,3
000014292,3
000014298,3
000014304,3
000014310,3
000014316,3
000014322,3
000014328,3
000014334,3
000014340,3
000014346,3
000014352,3
000014358,3
000014364,3
000014370,3
000014376,3
000014382,3
000014388,3
000014394,4
000014400,4
000014406,4
000014412,4
000014418,4
000014424,4
000014430,4
000014436,4
000014442,4
000014448,4
000014454,4
000014460,4
000014466,4
000014472,4
000014478,4
000014484,4
000014490,4
000014496,4
000014502,4
000014508,4
000014514,4
000014520,4
000014526,4
000014532,4
000014538,4
000014544,4
000014550,4
000014556,4
000014562,4
000014568,4
000014574,4
000014580,4
000014586,4
000014592,4
000014598,4
000014604,4
000014610,4
000014616,4
000014622,4
000014628,4
000014634,4
000014640,4
000014646,4
000014652,4
000014658,4
000014664,4
000014670,4
000014676,4
000014682,4
000014688,4
000014694,4
000014700,4
000014706,4
000014712,4
000014718,4
000014724,4
000014730,4
000014736,4
000014742,4
000014748,6
000014754,6
000014760,6
000014766,6
000014772,6
000014778,6
000014784,6
000014790,6
000014796,6
000014802,6
000014808,6
000014814,6
000014820,6
000014826,6
000014832,6
000014838,6
000014844,6
000014850,6
000014856,6
000014862,6
000014868,6
000014874,6
000014880,6
000014886,6
000014892,6
000014898,6
000014904,6
000014910,6
000014916,6
000014922,6
000014928,6
000014934,6
000014940,6
000014946,6
000014952,6
000014958,6
000014964,6
000014970,6
000014976,6
000014982,6
000014988,6
000014994,6
000015000,6
000015006,6
000015012,6
000015018,6
000015024,6
000015030,6
000015036,6
000015042,6
000015048,6
000015054,6
000015060,6
000015066,6
000015072,6
000015078,6
000015084,6
000015090,6
000015096,6
000015102,6
000015108,6
000015114,6
000015120,6
000015126,6
000015132,6
000015138,6
000015144,6
000015150,6
000015156,6
000015162,6
000015168,6
000015174,6
000015180,6
000015186,6
000015192,6
000015198,6
000015204,6
000015210,6
000015216,6
000015222,6
000015228,6
000015234,6
000015240,6
000015246,6
000015252,6
000015258,6
000015264,6
000015270,6
000015276,6
000015282,6
000015288,6
000015294,6
000015300,6
000015306,6
000015312,6
000015318,6
000015324,6
000015330,6
000015336,6
000015342,6
000015348,6
000015354,6
000015360,6
000015366,6
000015372,6
000015378,6
000015384,6
000015390,6
000015396,6
000015402,6
000015408,6
000015414,6
000015420,6
000015426,6
000015432,6
000015438,6
000015444,6
000015450,6
000015456,6
000015462,6
000015468,6
000015474,6
000015480,6
000015486,6
000015492,6
000015498,6
000015504,6
000015510,7
000015516,7
000015522,7
000015528,7
000015534,7
000015540,7
000015546,7
000015552,7
000015558,7
000015564,7
000015570,7
000015576,7
000015582,7
000015588,7
000015594,7
000015600,7
000015606,7
000015612,7
000015618,7
000015624,7
000015630,7
000015636,7
000015642,7
000015648,7
000015654,7
000015660,7
000015666,7
000015672,7
000015678,7
000015684,7
000015690,7
000015696,7
000015702,7
000015708,7
000015714,7
000015720,7
000015726,7
000015732,7
000015738,7
000015744,7
000015750,7
000015756,7
000015762,7
000015768,7
000015774,7
000015780,7
000015786,7
000015792,7
000015798,7
000015804,7
000015810,7
000015816,7
000015822,7
000015828,7
000015834,7
000015840,7
000015846,7
000015852,7
000015858,7
000015864,7
000015870,7
000015876,7
000015882,7
000015888,7
000015894,7
000015900,7
000015906,7
000015912,7
000015918,7
000015924,7
000015930,7
000015936,7
000015942,7
000015948,7
000015954,7
000015960,7
000015966,7
000015972,7
000015978,7
000015984,7
000015990,7
000015996,7
000016002,7
000016008,7
000016014,7
000016020,7
000016026,7
000016032,7
000016038,7
000016044,7
000016050,7
000016056,7
000016062,7
000016068,7
000016074,7
000016080,7
000016086,7
000016092,7
000016098,7
000016104,7
000016110,7
000016116,7
000016122,7
000016128,7
000016134,0
000016140,0
000016146,0
000016152,0
000016158,0
000016164,0
000016170,0
000016176,0
000016182,0
000016188,0
000016194,0
000016200,0
000016206,0
000016212,0
000016218,0
000016224,0
000016230,0
000016236,0
000016242,0
000016248,0
000016254,0
000016260,0
000016266,0
000016272,0
