000000000,0
000000006,0
000000012,0
000000018,0
000000024,0
000000030,0
000000036,0
000000042,0
000000048,0
000000054,0
000000060,0
000000066,0
000000072,0
000000078,0
000000084,0
000000090,0
000000096,0
000000102,0
000000108,0
000000114,0
000000120,0
000000126,0
000000132,0
000000138,0
000000144,0
000000150,0
000000156,0
000000162,0
000000168,0
000000174,0
000000180,0
000000186,0
000000192,0
000000198,0
000000204,0
000000210,0
000000216,0
000000222,0
000000228,0
000000234,0
000000240,0
000000246,0
000000252,0
000000258,0
000000264,0
000000270,0
000000276,0
000000282,0
000000288,0
000000294,0
000000300,0
000000306,0
000000312,0
000000318,0
000000324,0
000000330,0
000000336,0
000000342,0
000000348,0
000000354,0
000000360,0
000000366,0
000000372,0
000000378,0
000000384,0
000000390,0
000000396,0
000000402,0
000000408,0
000000414,0
000000420,0
000000426,0
000000432,0
000000438,0
000000444,1
000000450,1
000000456,1
000000462,1
000000468,1
000000474,1
000000480,1
000000486,1
000000492,1
000000498,1
000000504,1
000000510,1
000000516,1
000000522,1
000000528,1
000000534,1
000000540,1
000000546,1
000000552,1
000000558,1
000000564,1
000000570,1
000000576,0
000000582,0
000000588,0
000000594,0
000000600,0
000000606,0
000000612,0
000000618,0
000000624,0
000000630,0
000000636,0
000000642,0
000000648,0
000000654,0
000000660,0
000000666,0
000000672,0
000000678,0
000000684,0
000000690,0
000000696,0
000000702,0
000000708,0
000000714,0
000000720,0
000000726,0
000000732,0
000000738,0
000000744,0
000000750,0
000000756,0
000000762,0
000000768,0
000000774,0
000000780,0
000000786,0
000000792,0
000000798,0
000000804,0
000000810,0
000000816,0
000000822,0
000000828,0
000000834,0
000000840,0
000000846,0
000000852,0
000000858,0
000000864,0
000000870,0
000000876,0
000000882,0
000000888,0
000000894,0
000000900,0
000000906,0
000000912,0
000000918,0
000000924,0
000000930,0
000000936,0
000000942,0
000000948,0
000000954,0
000000960,0
000000966,0
000000972,0
000000978,0
000000984,0
000000990,0
000000996,0
000001002,0
000001008,0
000001014,0
000001020,0
000001026,0
000001032,0
000001038,0
000001044,0
000001050,0
000001056,0
000001062,0
000001068,0
000001074,0
000001080,0
000001086,0
000001092,0
000001098,0
000001104,0
000001110,0
000001116,0
000001122,0
000001128,0
000001134,0
000001140,0
000001146,0
000001152,0
000001158,0
000001164,0
000001170,0
000001176,0
000001182,0
000001188,0
000001194,0
000001200,0
000001206,0
000001212,0
000001218,0
000001224,0
000001230,0
000001236,0
000001242,0
000001248,0
000001254,0
000001260,0
000001266,0
000001272,0
000001278,0
000001284,0
000001290,0
000001296,0
000001302,0
000001308,0
000001314,0
000001320,0
000001326,0
000001332,0
000001338,0
000001344,0
000001350,0
000001356,0
000001362,0
000001368,0
000001374,0
000001380,0
000001386,0
000001392,0
000001398,0
000001404,0
000001410,0
000001416,0
000001422,0
000001428,0
000001434,0
000001440,0
000001446,0
000001452,0
000001458,0
000001464,0
000001470,0
000001476,0
000001482,0
000001488,0
000001494,0
000001500,0
000001506,0
000001512,0
000001518,0
000001524,0
000001530,0
000001536,0
000001542,0
000001548,0
000001554,0
000001560,0
000001566,0
000001572,0
000001578,0
000001584,0
000001590,0
000001596,0
000001602,0
000001608,0
000001614,0
000001620,0
000001626,0
000001632,0
000001638,0
000001644,0
000001650,0
000001656,0
000001662,0
000001668,0
000001674,0
000001680,0
000001686,0
000001692,0
000001698,0
000001704,0
000001710,0
000001716,0
000001722,0
000001728,2
000001734,2
000001740,2
000001746,2
000001752,2
000001758,2
000001764,2
000001770,2
000001776,2
000001782,2
000001788,2
000001794,2
000001800,2
000001806,2
000001812,2
000001818,2
000001824,2
000001830,2
000001836,2
000001842,2
000001848,2
000001854,2
000001860,2
000001866,2
000001872,2
000001878,2
000001884,2
000001890,2
000001896,2
000001902,2
000001908,2
000001914,2
000001920,2
000001926,2
000001932,2
000001938,2
000001944,2
000001950,2
000001956,2
000001962,2
000001968,2
000001974,2
000001980,2
000001986,2
000001992,2
000001998,2
000002004,2
000002010,2
000002016,2
000002022,2
000002028,2
000002034,2
000002040,2
000002046,2
000002052,2
000002058,2
000002064,2
000002070,2
000002076,2
000002082,2
000002088,2
000002094,2
000002100,2
000002106,2
000002112,2
000002118,2
000002124,2
000002130,2
000002136,2
000002142,2
000002148,2
000002154,2
000002160,2
000002166,2
000002172,2
000002178,2
000002184,2
000002190,2
000002196,2
000002202,2
000002208,2
000002214,2
000002220,0
000002226,0
000002232,0
000002238,0
000002244,0
000002250,0
000002256,0
000002262,0
000002268,0
000002274,0
000002280,0
000002286,0
000002292,0
000002298,0
000002304,0
000002310,0
000002316,0
000002322,0
000002328,0
000002334,0
000002340,0
000002346,0
000002352,0
000002358,0
000002364,0
000002370,0
000002376,0
000002382,0
000002388,0
000002394,0
000002400,0
000002406,0
000002412,0
000002418,0
000002424,0
000002430,0
000002436,0
000002442,0
000002448,0
000002454,0
000002460,0
000002466,0
000002472,0
000002478,0
000002484,0
000002490,0
000002496,0
000002502,0
000002508,0
000002514,0
000002520,0
000002526,0
000002532,0
000002538,0
000002544,0
000002550,0
000002556,0
000002562,0
000002568,0
000002574,0
000002580,0
000002586,0
000002592,0
000002598,0
000002604,0
000002610,0
000002616,0
000002622,2
000002628,2
000002634,2
000002640,2
000002646,2
000002652,2
000002658,2
000002664,2
000002670,2
000002676,2
000002682,2
000002688,2
000002694,2
000002700,2
000002706,2
000002712,2
000002718,2
000002724,2
000002730,2
000002736,2
000002742,2
000002748,2
000002754,2
000002760,2
000002766,2
000002772,2
000002778,2
000002784,2
000002790,2
000002796,2
000002802,2
000002808,2
000002814,2
000002820,2
000002826,2
000002832,3
000002838,3
000002844,3
000002850,3
000002856,3
000002862,3
000002868,3
000002874,3
000002880,3
000002886,3
000002892,3
000002898,3
000002904,3
000002910,3
000002916,3
000002922,3
000002928,3
000002934,3
000002940,3
000002946,3
000002952,3
000002958,3
000002964,3
000002970,3
000002976,3
000002982,3
000002988,3
000002994,3
000003000,3
000003006,3
000003012,3
000003018,3
000003024,3
000003030,3
000003036,3
000003042,3
000003048,3
000003054,3
000003060,3
000003066,3
000003072,3
000003078,3
000003084,3
000003090,3
000003096,3
000003102,3
000003108,3
000003114,3
000003120,3
000003126,3
000003132,3
000003138,3
000003144,3
000003150,3
000003156,3
000003162,3
000003168,3
000003174,3
000003180,3
000003186,3
000003192,4
000003198,4
000003204,4
000003210,4
000003216,4
000003222,4
000003228,4
000003234,4
000003240,4
000003246,4
000003252,4
000003258,4
000003264,4
000003270,4
000003276,4
000003282,4
000003288,4
000003294,4
000003300,4
000003306,4
000003312,4
000003318,4
000003324,4
000003330,4
000003336,4
000003342,4
000003348,4
000003354,4
000003360,4
000003366,4
000003372,4
000003378,4
000003384,4
000003390,4
000003396,4
000003402,4
000003408,4
000003414,4
000003420,4
000003426,4
000003432,4
000003438,4
000003444,4
000003450,4
000003456,4
000003462,4
000003468,4
000003474,4
000003480,4
000003486,4
000003492,4
000003498,4
000003504,4
000003510,4
000003516,4
000003522,4
000003528,4
000003534,4
000003540,4
000003546,4
000003552,4
000003558,4
000003564,4
000003570,4
000003576,4
000003582,4
000003588,4
000003594,4
000003600,4
000003606,4
000003612,4
000003618,4
000003624,4
000003630,4
000003636,4
000003642,4
000003648,4
000003654,4
000003660,4
000003666,4
000003672,4
000003678,4
000003684,4
000003690,4
000003696,4
000003702,1
000003708,1
000003714,1
000003720,1
000003726,1
000003732,1
000003738,1
000003744,1
000003750,1
000003756,1
000003762,1
000003768,1
000003774,1
000003780,1
000003786,1
000003792,1
000003798,1
000003804,1
000003810,1
000003816,1
000003822,1
000003828,1
000003834,1
000003840,1
000003846,1
000003852,1
000003858,1
000003864,1
000003870,1
000003876,1
000003882,1
000003888,1
000003894,1
000003900,1
000003906,1
000003912,1
000003918,1
000003924,1
000003930,1
000003936,1
000003942,1
000003948,1
000003954,1
000003960,1
000003966,1
000003972,1
000003978,1
000003984,1
000003990,1
000003996,1
000004002,1
000004008,1
000004014,1
000004020,1
000004026,1
000004032,1
000004038,1
000004044,1
000004050,1
000004056,1
000004062,1
000004068,1
000004074,1
000004080,1
000004086,1
000004092,1
000004098,1
000004104,1
000004110,1
000004116,1
000004122,1
000004128,1
000004134,1
000004140,1
000004146,1
000004152,1
000004158,1
000004164,1
000004170,1
000004176,1
000004182,1
000004188,1
000004194,1
000004200,1
000004206,1
000004212,1
000004218,1
000004224,1
000004230,1
000004236,1
000004242,1
000004248,1
000004254,1
000004260,1
000004266,1
000004272,1
000004278,1
000004284,1
000004290,1
000004296,1
000004302,1
000004308,1
000004314,1
000004320,1
000004326,1
000004332,1
000004338,1
000004344,1
000004350,1
000004356,1
000004362,1
000004368,1
000004374,1
000004380,1
000004386,1
000004392,1
000004398,1
000004404,1
000004410,1
000004416,1
000004422,1
000004428,1
000004434,1
000004440,1
000004446,1
000004452,1
000004458,1
000004464,1
000004470,1
000004476,1
000004482,1
000004488,1
000004494,1
000004500,1
000004506,1
000004512,1
000004518,1
000004524,1
000004530,1
000004536,1
000004542,1
000004548,1
000004554,1
000004560,1
000004566,1
000004572,1
000004578,1
000004584,2
000004590,2
000004596,2
000004602,2
000004608,2
000004614,2
000004620,2
000004626,2
000004632,2
000004638,2
000004644,2
000004650,2
000004656,2
000004662,2
000004668,2
000004674,2
000004680,2
000004686,2
000004692,2
000004698,2
000004704,2
000004710,2
000004716,2
000004722,2
000004728,2
000004734,2
000004740,2
000004746,2
000004752,2
000004758,2
000004764,2
000004770,2
000004776,2
000004782,2
000004788,2
000004794,2
000004800,2
000004806,2
000004812,2
000004818,2
000004824,2
000004830,2
000004836,2
000004842,2
000004848,2
000004854,2
000004860,2
000004866,2
000004872,2
000004878,2
000004884,2
000004890,2
000004896,2
000004902,2
000004908,2
000004914,2
000004920,2
000004926,2
000004932,2
000004938,2
000004944,2
000004950,2
000004956,2
000004962,2
000004968,2
000004974,2
000004980,2
000004986,2
000004992,2
000004998,2
000005004,2
000005010,2
000005016,2
000005022,2
000005028,3
000005034,3
000005040,3
000005046,3
000005052,3
000005058,3
000005064,3
000005070,3
000005076,3
000005082,3
000005088,3
000005094,3
000005100,3
000005106,3
000005112,3
000005118,3
000005124,3
000005130,3
000005136,3
000005142,3
000005148,3
000005154,3
000005160,3
000005166,3
000005172,3
000005178,3
000005184,3
000005190,3
000005196,3
000005202,3
000005208,3
000005214,3
000005220,3
000005226,3
000005232,3
000005238,3
000005244,3
000005250,3
000005256,3
000005262,3
000005268,3
000005274,3
000005280,3
000005286,3
000005292,3
000005298,3
000005304,3
000005310,3
000005316,3
000005322,3
000005328,3
000005334,3
000005340,3
000005346,3
000005352,3
000005358,3
000005364,3
000005370,4
000005376,4
000005382,4
000005388,4
000005394,4
000005400,4
000005406,4
000005412,4
000005418,4
000005424,4
000005430,4
000005436,4
000005442,4
000005448,4
000005454,4
000005460,4
000005466,4
000005472,4
000005478,4
000005484,4
000005490,4
000005496,4
000005502,4
000005508,4
000005514,4
000005520,4
000005526,4
000005532,4
000005538,4
000005544,4
000005550,4
000005556,4
000005562,4
000005568,4
000005574,4
000005580,4
000005586,4
000005592,4
000005598,4
000005604,4
000005610,4
000005616,4
000005622,4
000005628,4
000005634,4
000005640,4
000005646,4
000005652,4
000005658,4
000005664,4
000005670,4
000005676,4
000005682,4
000005688,4
000005694,4
000005700,4
000005706,4
000005712,4
000005718,4
000005724,4
000005730,4
000005736,4
000005742,4
000005748,4
000005754,4
000005760,4
000005766,4
000005772,4
000005778,4
000005784,4
000005790,4
000005796,4
000005802,4
000005808,4
000005814,4
000005820,4
000005826,4
000005832,4
000005838,4
000005844,4
000005850,4
000005856,4
000005862,4
000005868,4
000005874,4
000005880,4
000005886,4
000005892,4
000005898,4
000005904,4
000005910,4
000005916,4
000005922,4
000005928,4
000005934,4
000005940,4
000005946,4
000005952,4
000005958,4
000005964,4
000005970,4
000005976,4
000005982,4
000005988,4
000005994,4
000006000,4
000006006,4
000006012,4
000006018,4
000006024,4
000006030,4
000006036,1
000006042,1
000006048,1
000006054,1
000006060,1
000006066,1
000006072,1
000006078,1
000006084,1
000006090,1
000006096,1
000006102,1
000006108,1
000006114,1
000006120,1
000006126,1
000006132,1
000006138,1
000006144,1
000006150,1
000006156,1
000006162,1
000006168,1
000006174,1
000006180,1
000006186,1
000006192,1
000006198,1
000006204,1
000006210,1
000006216,1
000006222,1
000006228,1
000006234,1
000006240,1
000006246,1
000006252,1
000006258,1
000006264,1
000006270,1
000006276,1
000006282,1
000006288,1
000006294,1
000006300,1
000006306,1
000006312,1
000006318,1
000006324,1
000006330,1
000006336,1
000006342,1
000006348,1
000006354,1
000006360,1
000006366,1
000006372,1
000006378,1
000006384,1
000006390,1
000006396,1
000006402,1
000006408,1
000006414,1
000006420,1
000006426,1
000006432,1
000006438,1
000006444,1
000006450,1
000006456,1
000006462,1
000006468,1
000006474,1
000006480,1
000006486,1
000006492,1
000006498,1
000006504,1
000006510,1
000006516,1
000006522,1
000006528,1
000006534,1
000006540,1
000006546,1
000006552,1
000006558,1
000006564,1
000006570,1
000006576,1
000006582,1
000006588,1
000006594,1
000006600,1
000006606,1
000006612,1
000006618,1
000006624,1
000006630,1
000006636,1
000006642,1
000006648,1
000006654,1
000006660,1
000006666,1
000006672,1
000006678,1
000006684,1
000006690,1
000006696,1
000006702,1
000006708,1
000006714,1
000006720,1
000006726,1
000006732,1
000006738,1
000006744,1
000006750,1
000006756,2
000006762,2
000006768,2
000006774,2
000006780,2
000006786,2
000006792,2
000006798,2
000006804,2
000006810,2
000006816,2
000006822,2
000006828,2
000006834,2
000006840,2
000006846,2
000006852,2
000006858,2
000006864,2
000006870,2
000006876,2
000006882,2
000006888,2
000006894,2
000006900,2
000006906,2
000006912,2
000006918,2
000006924,2
000006930,2
000006936,2
000006942,2
000006948,2
000006954,2
000006960,2
000006966,2
000006972,2
000006978,2
000006984,2
000006990,2
000006996,2
000007002,2
000007008,2
000007014,2
000007020,2
000007026,2
000007032,2
000007038,2
000007044,2
000007050,2
000007056,2
000007062,2
000007068,2
000007074,2
000007080,2
000007086,2
000007092,2
000007098,2
000007104,2
000007110,2
000007116,2
000007122,2
000007128,2
000007134,2
000007140,2
000007146,2
000007152,3
000007158,3
000007164,3
000007170,3
000007176,3
000007182,3
000007188,3
000007194,3
000007200,3
000007206,3
000007212,3
000007218,3
000007224,3
000007230,3
000007236,3
000007242,3
000007248,3
000007254,3
000007260,3
000007266,3
000007272,3
000007278,3
000007284,3
000007290,3
000007296,3
000007302,3
000007308,3
000007314,3
000007320,3
000007326,3
000007332,3
000007338,3
000007344,3
000007350,3
000007356,3
000007362,3
000007368,3
000007374,3
000007380,3
000007386,3
000007392,3
000007398,3
000007404,3
000007410,3
000007416,3
000007422,3
000007428,3
000007434,3
000007440,3
000007446,3
000007452,3
000007458,3
000007464,3
000007470,3
000007476,3
000007482,3
000007488,3
000007494,3
000007500,3
000007506,3
000007512,3
000007518,3
000007524,3
000007530,3
000007536,3
000007542,3
000007548,3
000007554,3
000007560,3
000007566,3
000007572,3
000007578,4
000007584,4
000007590,4
000007596,4
000007602,4
000007608,4
000007614,4
000007620,4
000007626,4
000007632,4
000007638,4
000007644,4
000007650,4
000007656,4
000007662,4
000007668,4
000007674,4
000007680,4
000007686,4
000007692,4
000007698,4
000007704,4
000007710,4
000007716,4
000007722,4
000007728,4
000007734,4
000007740,4
000007746,4
000007752,4
000007758,4
000007764,4
000007770,4
000007776,4
000007782,4
000007788,4
000007794,4
000007800,4
000007806,4
000007812,4
000007818,4
000007824,4
000007830,4
000007836,4
000007842,4
000007848,4
000007854,4
000007860,4
000007866,4
000007872,4
000007878,4
000007884,4
000007890,4
000007896,4
000007902,4
000007908,4
000007914,4
000007920,4
000007926,4
000007932,4
000007938,4
000007944,4
000007950,4
000007956,4
000007962,4
000007968,4
000007974,4
000007980,4
000007986,4
000007992,4
000007998,4
000008004,4
000008010,4
000008016,4
000008022,4
000008028,4
000008034,4
000008040,4
000008046,4
000008052,4
000008058,4
000008064,4
000008070,4
000008076,4
000008082,4
000008088,4
000008094,4
000008100,4
000008106,4
000008112,4
000008118,4
000008124,4
000008130,4
000008136,4
000008142,4
000008148,4
000008154,4
000008160,4
000008166,4
000008172,4
000008178,4
000008184,4
000008190,4
000008196,4
000008202,4
000008208,4
000008214,4
000008220,4
000008226,4
000008232,4
000008238,4
000008244,4
000008250,4
000008256,4
000008262,4
000008268,4
000008274,4
000008280,4
000008286,4
000008292,4
000008298,4
000008304,4
000008310,4
000008316,4
000008322,4
000008328,4
000008334,4
000008340,4
000008346,4
000008352,4
000008358,4
000008364,4
000008370,4
000008376,4
000008382,4
000008388,4
000008394,4
000008400,4
000008406,4
000008412,4
000008418,4
000008424,4
000008430,4
000008436,4
000008442,4
000008448,4
000008454,4
000008460,4
000008466,4
000008472,4
000008478,4
000008484,4
000008490,4
000008496,4
000008502,4
000008508,4
000008514,4
000008520,4
000008526,4
000008532,4
000008538,4
000008544,4
000008550,1
000008556,1
000008562,1
000008568,1
000008574,1
000008580,1
000008586,1
000008592,1
000008598,1
000008604,1
000008610,1
000008616,1
000008622,1
000008628,1
000008634,1
000008640,1
000008646,1
000008652,1
000008658,1
000008664,1
000008670,1
000008676,1
000008682,1
000008688,1
000008694,1
000008700,1
000008706,1
000008712,1
000008718,1
000008724,1
000008730,1
000008736,1
000008742,1
000008748,1
000008754,1
000008760,1
000008766,1
000008772,1
000008778,1
000008784,1
000008790,1
000008796,1
000008802,1
000008808,1
000008814,1
000008820,1
000008826,1
000008832,1
000008838,1
000008844,1
000008850,1
000008856,1
000008862,1
000008868,1
000008874,1
000008880,1
000008886,1
000008892,1
000008898,1
000008904,1
000008910,1
000008916,1
000008922,1
000008928,1
000008934,1
000008940,2
000008946,2
000008952,2
000008958,2
000008964,2
000008970,2
000008976,2
000008982,2
000008988,2
000008994,2
000009000,2
000009006,2
000009012,2
000009018,2
000009024,2
000009030,2
000009036,2
000009042,2
000009048,2
000009054,2
000009060,2
000009066,2
000009072,2
000009078,2
000009084,2
000009090,2
000009096,2
000009102,2
000009108,2
000009114,2
000009120,2
000009126,2
000009132,2
000009138,2
000009144,2
000009150,2
000009156,2
000009162,2
000009168,2
000009174,2
000009180,2
000009186,2
000009192,2
000009198,2
000009204,2
000009210,2
000009216,2
000009222,2
000009228,2
000009234,2
000009240,2
000009246,2
000009252,2
000009258,2
000009264,2
000009270,2
000009276,2
000009282,2
000009288,2
000009294,2
000009300,2
000009306,2
000009312,2
000009318,2
000009324,2
000009330,3
000009336,3
000009342,3
000009348,3
000009354,3
000009360,3
000009366,3
000009372,3
000009378,3
000009384,3
000009390,3
000009396,3
000009402,3
000009408,3
000009414,3
000009420,3
000009426,3
000009432,3
000009438,3
000009444,3
000009450,3
000009456,3
000009462,3
000009468,3
000009474,3
000009480,3
000009486,3
000009492,3
000009498,3
000009504,3
000009510,3
000009516,3
000009522,3
000009528,3
000009534,3
000009540,3
000009546,3
000009552,3
000009558,3
000009564,3
000009570,3
000009576,3
000009582,3
000009588,3
000009594,3
000009600,3
000009606,3
000009612,3
000009618,3
000009624,3
000009630,3
000009636,3
000009642,3
000009648,3
000009654,3
000009660,3
000009666,3
000009672,3
000009678,3
000009684,3
000009690,3
000009696,3
000009702,3
000009708,3
000009714,3
000009720,3
000009726,3
000009732,3
000009738,3
000009744,3
000009750,3
000009756,3
000009762,3
000009768,4
000009774,4
000009780,4
000009786,4
000009792,4
000009798,4
000009804,4
000009810,4
000009816,4
000009822,4
000009828,4
000009834,4
000009840,4
000009846,4
000009852,4
000009858,4
000009864,4
000009870,4
000009876,4
000009882,4
000009888,4
000009894,4
000009900,4
000009906,4
000009912,4
000009918,4
000009924,4
000009930,4
000009936,4
000009942,4
000009948,4
000009954,4
000009960,4
000009966,4
000009972,4
000009978,4
000009984,4
000009990,4
000009996,4
000010002,4
000010008,4
000010014,4
000010020,4
000010026,4
000010032,4
000010038,4
000010044,4
000010050,4
000010056,4
000010062,4
000010068,4
000010074,4
000010080,4
000010086,4
000010092,4
000010098,4
000010104,4
000010110,4
000010116,4
000010122,4
000010128,4
000010134,4
000010140,4
000010146,4
000010152,4
000010158,4
000010164,4
000010170,4
000010176,4
000010182,4
000010188,4
000010194,4
000010200,4
000010206,4
000010212,4
000010218,4
000010224,4
000010230,4
000010236,4
000010242,4
000010248,4
000010254,4
000010260,4
000010266,4
000010272,4
000010278,4
000010284,4
000010290,4
000010296,4
000010302,4
000010308,4
000010314,4
000010320,4
000010326,4
000010332,4
000010338,4
000010344,4
000010350,4
000010356,4
000010362,4
000010368,4
000010374,4
000010380,4
000010386,4
000010392,4
000010398,4
000010404,4
000010410,4
000010416,4
000010422,4
000010428,4
000010434,4
000010440,4
000010446,4
000010452,4
000010458,4
000010464,4
000010470,1
000010476,1
000010482,1
000010488,1
000010494,1
000010500,1
000010506,1
000010512,1
000010518,1
000010524,1
000010530,1
000010536,1
000010542,1
000010548,1
000010554,1
000010560,1
000010566,1
000010572,1
000010578,1
000010584,1
000010590,1
000010596,1
000010602,1
000010608,1
000010614,1
000010620,1
000010626,1
000010632,1
000010638,1
000010644,1
000010650,1
000010656,1
000010662,1
000010668,1
000010674,1
000010680,1
000010686,1
000010692,1
000010698,1
000010704,1
000010710,1
000010716,1
000010722,1
000010728,1
000010734,1
000010740,1
000010746,1
000010752,1
000010758,1
000010764,1
000010770,1
000010776,1
000010782,1
000010788,1
000010794,1
000010800,1
000010806,1
000010812,1
000010818,1
000010824,1
000010830,1
000010836,1
000010842,1
000010848,1
000010854,2
000010860,2
000010866,2
000010872,2
000010878,2
000010884,2
000010890,2
000010896,2
000010902,2
000010908,2
000010914,2
000010920,2
000010926,2
000010932,2
000010938,2
000010944,2
000010950,2
000010956,2
000010962,2
000010968,2
000010974,2
000010980,2
000010986,2
000010992,2
000010998,2
000011004,2
000011010,2
000011016,2
000011022,2
000011028,2
000011034,2
000011040,2
000011046,2
000011052,2
000011058,2
000011064,2
000011070,2
000011076,2
000011082,2
000011088,2
000011094,2
000011100,2
000011106,2
000011112,2
000011118,2
000011124,2
000011130,2
000011136,2
000011142,2
000011148,2
000011154,2
000011160,2
000011166,2
000011172,2
000011178,2
000011184,2
000011190,2
000011196,2
000011202,2
000011208,2
000011214,2
000011220,2
000011226,2
000011232,2
000011238,2
000011244,2
000011250,2
000011256,2
000011262,2
000011268,2
000011274,2
000011280,2
000011286,2
000011292,2
000011298,2
000011304,2
000011310,2
000011316,3
000011322,3
000011328,3
000011334,3
000011340,3
000011346,3
000011352,3
000011358,3
000011364,3
000011370,3
000011376,3
000011382,3
000011388,3
000011394,3
000011400,3
000011406,3
000011412,3
000011418,3
000011424,3
000011430,3
000011436,3
000011442,3
000011448,3
000011454,3
000011460,3
000011466,3
000011472,3
000011478,3
000011484,3
000011490,3
000011496,3
000011502,3
000011508,3
000011514,3
000011520,3
000011526,3
000011532,3
000011538,3
000011544,3
000011550,3
000011556,3
000011562,3
000011568,3
000011574,3
000011580,3
000011586,3
000011592,3
000011598,3
000011604,3
000011610,3
000011616,3
000011622,3
000011628,3
000011634,3
000011640,3
000011646,3
000011652,3
000011658,3
000011664,3
000011670,3
000011676,3
000011682,3
000011688,3
000011694,3
000011700,3
000011706,3
000011712,3
000011718,3
000011724,3
000011730,3
000011736,3
000011742,3
000011748,3
000011754,3
000011760,3
000011766,3
000011772,3
000011778,3
000011784,3
000011790,3
000011796,3
000011802,3
000011808,3
000011814,3
000011820,3
000011826,4
000011832,4
000011838,4
000011844,4
000011850,4
000011856,4
000011862,4
000011868,4
000011874,4
000011880,4
000011886,4
000011892,4
000011898,4
000011904,4
000011910,4
000011916,4
000011922,4
000011928,4
000011934,4
000011940,4
000011946,4
000011952,4
000011958,4
000011964,4
000011970,4
000011976,4
000011982,4
000011988,4
000011994,4
000012000,4
000012006,4
000012012,4
000012018,4
000012024,4
000012030,4
000012036,4
000012042,4
000012048,4
000012054,4
000012060,4
000012066,4
000012072,4
000012078,4
000012084,4
000012090,4
000012096,4
000012102,4
000012108,4
000012114,4
000012120,4
000012126,4
000012132,4
000012138,4
000012144,4
000012150,4
000012156,4
000012162,4
000012168,4
000012174,4
000012180,4
000012186,4
000012192,4
000012198,4
000012204,4
000012210,4
000012216,4
000012222,4
000012228,4
000012234,4
000012240,4
000012246,4
000012252,4
000012258,4
000012264,4
000012270,4
000012276,4
000012282,4
000012288,4
000012294,4
000012300,4
000012306,4
000012312,4
000012318,4
000012324,4
000012330,4
000012336,4
000012342,4
000012348,4
000012354,4
000012360,4
000012366,4
000012372,4
000012378,4
000012384,4
000012390,4
000012396,4
000012402,4
000012408,4
000012414,4
000012420,4
000012426,4
000012432,4
000012438,4
000012444,4
000012450,4
000012456,4
000012462,4
000012468,4
000012474,4
000012480,4
000012486,4
000012492,1
000012498,1
000012504,1
000012510,1
000012516,1
000012522,1
000012528,1
000012534,1
000012540,1
000012546,1
000012552,1
000012558,1
000012564,1
000012570,1
000012576,1
000012582,1
000012588,1
000012594,1
000012600,1
000012606,1
000012612,1
000012618,1
000012624,1
000012630,1
000012636,1
000012642,1
000012648,1
000012654,1
000012660,1
000012666,1
000012672,1
000012678,1
000012684,1
000012690,1
000012696,1
000012702,1
000012708,1
000012714,1
000012720,1
000012726,1
000012732,1
000012738,1
000012744,1
000012750,1
000012756,1
000012762,1
000012768,1
000012774,1
000012780,1
000012786,1
000012792,1
000012798,1
000012804,1
000012810,1
000012816,1
000012822,1
000012828,1
000012834,1
000012840,1
000012846,1
000012852,2
000012858,2
000012864,2
000012870,2
000012876,2
000012882,2
000012888,2
000012894,2
000012900,2
000012906,2
000012912,2
000012918,2
000012924,2
000012930,2
000012936,2
000012942,2
000012948,2
000012954,2
000012960,2
000012966,2
000012972,2
000012978,2
000012984,2
000012990,2
000012996,2
000013002,2
000013008,2
000013014,2
000013020,2
000013026,2
000013032,2
000013038,2
000013044,2
000013050,2
000013056,2
000013062,2
000013068,2
000013074,2
000013080,2
000013086,2
000013092,2
000013098,2
000013104,2
000013110,2
000013116,2
000013122,2
000013128,2
000013134,2
000013140,2
000013146,2
000013152,2
000013158,2
000013164,2
000013170,2
000013176,2
000013182,2
000013188,2
000013194,2
000013200,2
000013206,2
000013212,2
000013218,2
000013224,2
000013230,2
000013236,2
000013242,2
000013248,2
000013254,2
000013260,2
000013266,2
000013272,2
000013278,2
000013284,2
000013290,2
000013296,2
000013302,2
000013308,2
000013314,2
000013320,2
000013326,2
000013332,2
000013338,2
000013344,3
000013350,3
000013356,3
000013362,3
000013368,3
000013374,3
000013380,3
000013386,3
000013392,3
000013398,3
000013404,3
000013410,3
000013416,3
000013422,3
000013428,3
000013434,3
000013440,3
000013446,3
000013452,3
000013458,3
000013464,3
000013470,3
000013476,3
000013482,3
000013488,3
000013494,3
000013500,3
000013506,3
000013512,3
000013518,3
000013524,3
000013530,3
000013536,3
000013542,3
000013548,3
000013554,3
000013560,3
000013566,3
000013572,3
000013578,3
000013584,3
000013590,3
000013596,3
000013602,3
000013608,3
000013614,3
000013620,3
000013626,3
000013632,3
000013638,3
000013644,3
000013650,3
000013656,3
000013662,3
000013668,3
000013674,3
000013680,3
000013686,3
000013692,3
000013698,3
000013704,3
000013710,3
000013716,3
000013722,3
000013728,3
000013734,3
000013740,3
000013746,3
000013752,3
000013758,3
000013764,3
000013770,3
000013776,3
000013782,3
000013788,3
000013794,3
000013800,3
000013806,3
000013812,3
000013818,3
000013824,3
000013830,3
000013836,3
000013842,3
000013848,3
000013854,3
000013860,3
000013866,3
000013872,3
000013878,3
000013884,3
000013890,3
000013896,3
000013902,3
000013908,3
000013914,3
000013920,3
000013926,3
000013932,3
000013938,3
000013944,3
000013950,3
000013956,3
000013962,3
000013968,3
000013974,3
000013980,3
000013986,3
000013992,3
000013998,3
000014004,3
000014010,3
000014016,2
000014022,2
000014028,2
000014034,2
000014040,2
000014046,2
000014052,2
000014058,2
000014064,2
000014070,2
000014076,2
000014082,2
000014088,2
000014094,2
000014100,2
000014106,2
000014112,2
000014118,2
000014124,2
000014130,2
000014136,2
000014142,2
000014148,3
000014154,3
000014160,3
000014166,3
000014172,3
000014178,3
000014184,3
000014190,3
000014196,3
000014202,3
000014208,3
000014214,3
000014220,3
000014226,3
000014232,3
000014238,3
000014244,3
000014250,3
000014256,3
000014262,3
000014268,3
000014274,3
000014280,3
000014286,3
000014292,3
000014298,3
000014304,3
000014310,3
000014316,3
000014322,3
000014328,3
000014334,3
000014340,3
000014346,3
000014352,3
000014358,3
000014364,3
000014370,3
000014376,3
000014382,3
000014388,3
000014394,3
000014400,3
000014406,3
000014412,3
000014418,3
000014424,3
000014430,3
000014436,3
000014442,3
000014448,3
000014454,3
000014460,3
000014466,3
000014472,3
000014478,3
000014484,3
000014490,3
000014496,3
000014502,3
000014508,3
000014514,3
000014520,3
000014526,3
000014532,3
000014538,3
000014544,3
000014550,3
000014556,4
000014562,4
000014568,4
000014574,4
000014580,4
000014586,4
000014592,4
000014598,4
000014604,4
000014610,4
000014616,4
000014622,4
000014628,4
000014634,4
000014640,4
000014646,4
000014652,4
000014658,4
000014664,4
000014670,4
000014676,4
000014682,4
000014688,4
000014694,4
000014700,4
000014706,4
000014712,4
000014718,4
000014724,4
000014730,4
000014736,4
000014742,4
000014748,4
000014754,4
000014760,4
000014766,4
000014772,4
000014778,4
000014784,4
000014790,4
000014796,4
000014802,4
000014808,4
000014814,4
000014820,4
000014826,4
000014832,4
000014838,4
000014844,4
000014850,4
000014856,4
000014862,4
000014868,4
000014874,4
000014880,4
000014886,4
000014892,4
000014898,4
000014904,4
000014910,4
000014916,4
000014922,4
000014928,4
000014934,4
000014940,4
000014946,4
000014952,4
000014958,4
000014964,4
000014970,4
000014976,4
000014982,4
000014988,4
000014994,4
000015000,4
000015006,4
000015012,4
000015018,4
000015024,4
000015030,4
000015036,4
000015042,4
000015048,4
000015054,4
000015060,4
000015066,4
000015072,4
000015078,4
000015084,4
000015090,4
000015096,4
000015102,4
000015108,4
000015114,4
000015120,4
000015126,4
000015132,4
000015138,4
000015144,4
000015150,4
000015156,4
000015162,4
000015168,4
000015174,4
000015180,4
000015186,4
000015192,4
000015198,4
000015204,4
000015210,4
000015216,4
000015222,4
000015228,4
000015234,4
000015240,4
000015246,4
000015252,4
000015258,4
000015264,4
000015270,4
000015276,4
000015282,4
000015288,4
000015294,4
000015300,4
000015306,4
000015312,4
000015318,4
000015324,4
000015330,4
000015336,4
000015342,4
000015348,4
000015354,4
000015360,4
000015366,4
000015372,4
000015378,4
000015384,4
000015390,4
000015396,4
000015402,4
000015408,4
000015414,4
000015420,4
000015426,4
000015432,4
000015438,4
000015444,4
000015450,4
000015456,4
000015462,4
000015468,4
000015474,4
000015480,4
000015486,4
000015492,4
000015498,4
000015504,4
000015510,4
000015516,4
000015522,4
000015528,4
000015534,4
000015540,4
000015546,4
000015552,4
000015558,4
000015564,4
000015570,4
000015576,4
000015582,4
000015588,4
000015594,4
000015600,4
000015606,4
000015612,4
000015618,4
000015624,4
000015630,4
000015636,4
000015642,4
000015648,4
000015654,4
000015660,1
000015666,1
000015672,1
000015678,1
000015684,1
000015690,1
000015696,1
000015702,1
000015708,1
000015714,1
000015720,1
000015726,1
000015732,1
000015738,1
000015744,1
000015750,1
000015756,1
000015762,1
000015768,1
000015774,1
000015780,1
000015786,1
000015792,1
000015798,1
000015804,1
000015810,1
000015816,1
000015822,2
000015828,2
000015834,2
000015840,2
000015846,2
000015852,2
000015858,2
000015864,2
000015870,2
000015876,2
000015882,2
000015888,2
000015894,2
000015900,2
000015906,2
000015912,2
000015918,2
000015924,2
000015930,2
000015936,2
000015942,2
000015948,2
000015954,2
000015960,2
000015966,2
000015972,2
000015978,2
000015984,2
000015990,2
000015996,2
000016002,2
000016008,2
000016014,2
000016020,2
000016026,0
000016032,0
000016038,0
000016044,0
000016050,0
000016056,0
000016062,0
000016068,0
000016074,0
000016080,0
000016086,0
000016092,0
000016098,0
000016104,0
000016110,0
000016116,0
000016122,0
000016128,0
000016134,0
000016140,0
000016146,0
000016152,0
000016158,0
000016164,0
000016170,0
000016176,0
000016182,0
000016188,0
000016194,0
000016200,0
000016206,0
000016212,0
000016218,0
000016224,0
000016230,0
000016236,2
000016242,2
000016248,2
000016254,2
000016260,2
000016266,2
000016272,2
000016278,2
000016284,2
000016290,2
000016296,2
000016302,2
000016308,2
000016314,3
000016320,3
000016326,3
000016332,3
000016338,3
000016344,3
000016350,3
000016356,3
000016362,3
000016368,3
000016374,3
000016380,3
000016386,3
000016392,3
000016398,3
000016404,3
000016410,3
000016416,3
000016422,3
000016428,3
000016434,3
000016440,3
000016446,3
000016452,3
000016458,3
000016464,3
000016470,3
000016476,3
000016482,3
000016488,3
000016494,3
000016500,3
000016506,3
000016512,3
000016518,3
000016524,3
000016530,3
000016536,3
000016542,3
000016548,3
000016554,3
000016560,3
000016566,3
000016572,3
000016578,3
000016584,3
000016590,3
000016596,3
000016602,3
000016608,3
000016614,3
000016620,3
000016626,3
000016632,3
000016638,3
000016644,3
000016650,3
000016656,3
000016662,3
000016668,3
000016674,3
000016680,3
000016686,3
000016692,3
000016698,3
000016704,3
000016710,3
000016716,3
000016722,3
000016728,3
000016734,3
000016740,3
000016746,3
000016752,3
000016758,3
000016764,3
000016770,3
000016776,3
000016782,3
000016788,3
000016794,3
000016800,3
000016806,3
000016812,3
000016818,3
000016824,3
000016830,3
000016836,3
000016842,3
000016848,3
000016854,3
000016860,3
000016866,3
000016872,3
000016878,3
000016884,3
000016890,3
000016896,3
000016902,3
000016908,3
000016914,3
000016920,3
000016926,3
000016932,3
000016938,3
000016944,3
000016950,3
000016956,3
000016962,3
000016968,3
000016974,3
000016980,3
000016986,4
000016992,4
000016998,4
000017004,4
000017010,4
000017016,4
000017022,4
000017028,4
000017034,4
000017040,4
000017046,4
000017052,4
000017058,4
000017064,4
000017070,4
000017076,4
000017082,4
000017088,4
000017094,4
000017100,4
000017106,4
000017112,4
000017118,4
000017124,4
000017130,4
000017136,4
000017142,4
000017148,4
000017154,4
000017160,4
000017166,4
000017172,4
000017178,4
000017184,4
000017190,4
000017196,4
000017202,4
000017208,4
000017214,4
000017220,4
000017226,4
000017232,4
000017238,4
000017244,4
000017250,4
000017256,4
000017262,4
000017268,4
000017274,4
000017280,4
000017286,4
000017292,4
000017298,4
000017304,4
000017310,4
000017316,4
000017322,4
000017328,4
000017334,4
000017340,4
000017346,4
000017352,4
000017358,4
000017364,4
000017370,4
000017376,4
000017382,4
000017388,4
000017394,4
000017400,4
000017406,4
000017412,4
000017418,4
000017424,4
000017430,4
000017436,4
000017442,4
000017448,4
000017454,4
000017460,4
000017466,4
000017472,4
000017478,4
000017484,4
000017490,4
000017496,4
000017502,4
000017508,4
000017514,4
000017520,4
000017526,4
000017532,4
000017538,4
000017544,4
000017550,1
000017556,1
000017562,1
000017568,1
000017574,1
000017580,1
000017586,1
000017592,1
000017598,1
000017604,1
000017610,1
000017616,1
000017622,1
000017628,1
000017634,1
000017640,1
000017646,1
000017652,1
000017658,1
000017664,1
000017670,1
000017676,1
000017682,1
000017688,1
000017694,1
000017700,1
000017706,1
000017712,1
000017718,1
000017724,1
000017730,1
000017736,1
000017742,1
000017748,1
000017754,1
000017760,1
000017766,1
000017772,1
000017778,1
000017784,1
000017790,1
000017796,1
000017802,1
000017808,1
000017814,1
000017820,1
000017826,1
000017832,1
000017838,1
000017844,1
000017850,1
000017856,1
000017862,1
000017868,2
000017874,2
000017880,2
000017886,2
000017892,2
000017898,2
000017904,2
000017910,2
000017916,2
000017922,2
000017928,2
000017934,2
000017940,2
000017946,2
000017952,2
000017958,2
000017964,2
000017970,2
000017976,2
000017982,2
000017988,2
000017994,2
000018000,2
000018006,2
000018012,2
000018018,2
000018024,2
000018030,2
000018036,2
000018042,2
000018048,2
000018054,2
000018060,2
000018066,2
000018072,2
000018078,2
000018084,2
000018090,2
000018096,2
000018102,2
000018108,2
000018114,2
000018120,2
000018126,2
000018132,2
000018138,2
000018144,2
000018150,2
000018156,2
000018162,2
000018168,2
000018174,2
000018180,2
000018186,2
000018192,2
000018198,2
000018204,2
000018210,2
000018216,2
000018222,2
000018228,2
000018234,2
000018240,2
000018246,2
000018252,2
000018258,2
000018264,3
000018270,3
000018276,3
000018282,3
000018288,3
000018294,3
000018300,3
000018306,3
000018312,3
000018318,3
000018324,3
000018330,3
000018336,3
000018342,3
000018348,3
000018354,0
000018360,0
000018366,0
000018372,0
000018378,0
000018384,0
000018390,0
000018396,0
000018402,0
000018408,0
000018414,0
000018420,0
000018426,0
000018432,0
000018438,0
000018444,0
000018450,0
000018456,0
000018462,0
000018468,0
000018474,0
000018480,0
000018486,0
000018492,0
000018498,0
000018504,0
000018510,0
000018516,0
000018522,0
000018528,0
000018534,0
000018540,0
000018546,0
000018552,0
000018558,0
000018564,0
000018570,0
000018576,0
000018582,0
000018588,0
000018594,0
000018600,0
000018606,0
000018612,0
000018618,0
000018624,0
000018630,0
000018636,0
000018642,0
000018648,0
000018654,0
000018660,0
000018666,0
000018672,0
000018678,0
000018684,0
000018690,0
000018696,0
000018702,0
000018708,0
000018714,0
000018720,0
000018726,0
000018732,0
000018738,0
000018744,0
000018750,0
000018756,0
000018762,0
000018768,0
000018774,0
000018780,0
000018786,0
000018792,0
000018798,0
000018804,0
000018810,0
000018816,0
000018822,0
000018828,0
000018834,0
000018840,2
000018846,2
000018852,2
000018858,2
000018864,2
000018870,2
000018876,2
000018882,2
000018888,2
000018894,2
000018900,2
000018906,2
000018912,2
000018918,2
000018924,2
000018930,2
000018936,2
000018942,2
000018948,2
000018954,2
000018960,2
000018966,2
000018972,2
000018978,2
000018984,2
000018990,2
000018996,2
000019002,2
000019008,2
000019014,2
000019020,2
000019026,2
000019032,2
000019038,2
000019044,2
000019050,2
000019056,2
000019062,2
000019068,2
000019074,2
000019080,2
000019086,2
000019092,2
000019098,2
000019104,2
000019110,2
000019116,2
000019122,2
000019128,2
000019134,2
000019140,2
000019146,2
000019152,2
000019158,2
000019164,2
000019170,2
000019176,2
000019182,2
000019188,2
000019194,2
000019200,2
000019206,2
000019212,2
000019218,2
000019224,2
000019230,2
000019236,2
000019242,2
000019248,2
000019254,2
000019260,2
000019266,3
000019272,3
000019278,3
000019284,3
000019290,3
000019296,3
000019302,3
000019308,3
000019314,3
000019320,2
000019326,2
000019332,2
000019338,2
000019344,2
000019350,2
000019356,2
000019362,2
000019368,2
000019374,2
000019380,3
000019386,3
000019392,3
000019398,3
000019404,3
000019410,3
000019416,3
000019422,3
000019428,3
000019434,3
000019440,3
000019446,3
000019452,3
000019458,3
000019464,3
000019470,3
000019476,3
000019482,3
000019488,3
000019494,3
000019500,3
000019506,3
000019512,3
000019518,3
000019524,3
000019530,3
000019536,3
000019542,3
000019548,3
000019554,3
000019560,3
000019566,3
000019572,3
000019578,3
000019584,3
000019590,3
000019596,3
000019602,3
000019608,3
000019614,3
000019620,3
000019626,3
000019632,3
000019638,3
000019644,3
000019650,3
000019656,3
000019662,3
000019668,3
000019674,3
000019680,3
000019686,3
000019692,3
000019698,3
000019704,3
000019710,3
000019716,3
000019722,3
000019728,3
000019734,3
000019740,4
000019746,4
000019752,4
000019758,4
000019764,4
000019770,4
000019776,4
000019782,4
000019788,4
000019794,4
000019800,4
000019806,4
000019812,4
000019818,4
000019824,4
000019830,4
000019836,4
000019842,4
000019848,4
000019854,4
000019860,4
000019866,4
000019872,4
000019878,4
000019884,4
000019890,4
000019896,4
000019902,4
000019908,4
000019914,4
000019920,4
000019926,4
000019932,4
000019938,4
000019944,4
000019950,4
000019956,4
000019962,4
000019968,4
000019974,4
000019980,4
000019986,4
000019992,4
000019998,4
000020004,4
000020010,4
000020016,4
000020022,4
000020028,4
000020034,4
000020040,4
000020046,4
000020052,4
000020058,4
000020064,4
000020070,4
000020076,4
000020082,4
000020088,4
000020094,4
000020100,4
000020106,4
000020112,4
000020118,4
000020124,4
000020130,4
000020136,4
000020142,4
000020148,4
000020154,4
000020160,4
000020166,4
000020172,4
000020178,1
000020184,1
000020190,1
000020196,1
000020202,1
000020208,1
000020214,1
000020220,1
000020226,1
000020232,1
000020238,1
000020244,1
000020250,1
000020256,1
000020262,1
000020268,1
000020274,1
000020280,1
000020286,1
000020292,1
000020298,1
000020304,1
000020310,1
000020316,1
000020322,1
000020328,1
000020334,1
000020340,2
000020346,2
000020352,2
000020358,2
000020364,2
000020370,2
000020376,2
000020382,2
000020388,2
000020394,2
000020400,2
000020406,2
000020412,2
000020418,2
000020424,2
000020430,2
000020436,2
000020442,2
000020448,2
000020454,2
000020460,2
000020466,2
000020472,2
000020478,2
000020484,2
000020490,2
000020496,2
000020502,2
000020508,2
000020514,2
000020520,2
000020526,2
000020532,2
000020538,2
000020544,2
000020550,2
000020556,2
000020562,2
000020568,2
000020574,2
000020580,2
000020586,2
000020592,2
000020598,2
000020604,2
000020610,2
000020616,2
000020622,2
000020628,2
000020634,2
000020640,2
000020646,2
000020652,2
000020658,2
000020664,2
000020670,2
000020676,2
000020682,2
000020688,2
000020694,3
000020700,3
000020706,3
000020712,3
000020718,3
000020724,3
000020730,3
000020736,3
000020742,3
000020748,3
000020754,3
000020760,3
000020766,3
000020772,3
000020778,3
000020784,3
000020790,3
000020796,3
000020802,3
000020808,3
000020814,3
000020820,3
000020826,3
000020832,3
000020838,3
000020844,3
000020850,3
000020856,3
000020862,3
000020868,3
000020874,3
000020880,3
000020886,3
000020892,3
000020898,3
000020904,3
000020910,3
000020916,3
000020922,3
000020928,3
000020934,3
000020940,3
000020946,3
000020952,3
000020958,3
000020964,3
000020970,3
000020976,3
000020982,3
000020988,3
000020994,3
000021000,3
000021006,3
000021012,3
000021018,3
000021024,3
000021030,3
000021036,3
000021042,3
000021048,3
000021054,3
000021060,3
000021066,3
000021072,3
000021078,3
000021084,3
000021090,3
000021096,3
000021102,3
000021108,3
000021114,3
000021120,3
000021126,3
000021132,3
000021138,3
000021144,3
000021150,3
000021156,3
000021162,3
000021168,3
000021174,3
000021180,3
000021186,3
000021192,3
000021198,3
000021204,3
000021210,3
000021216,3
000021222,3
000021228,3
000021234,3
000021240,3
000021246,3
000021252,3
000021258,3
000021264,3
000021270,3
000021276,3
000021282,3
000021288,3
000021294,3
000021300,3
000021306,3
000021312,3
000021318,3
000021324,3
000021330,3
000021336,3
000021342,3
000021348,3
000021354,3
000021360,3
000021366,3
000021372,3
000021378,3
000021384,3
000021390,3
000021396,3
000021402,3
000021408,3
000021414,3
000021420,3
000021426,3
000021432,3
000021438,3
000021444,3
000021450,3
000021456,3
000021462,3
000021468,3
000021474,3
000021480,3
000021486,3
000021492,3
000021498,3
000021504,3
000021510,3
000021516,3
000021522,3
000021528,4
000021534,4
000021540,4
000021546,4
000021552,4
000021558,4
000021564,4
000021570,4
000021576,4
000021582,4
000021588,4
000021594,4
000021600,4
000021606,4
000021612,4
000021618,4
000021624,4
000021630,4
000021636,4
000021642,4
000021648,4
000021654,4
000021660,4
000021666,4
000021672,4
000021678,4
000021684,4
000021690,4
000021696,4
000021702,4
000021708,4
000021714,4
000021720,4
000021726,4
000021732,4
000021738,4
000021744,4
000021750,4
000021756,4
000021762,4
000021768,4
000021774,4
000021780,4
000021786,4
000021792,4
000021798,4
000021804,4
000021810,4
000021816,4
000021822,4
000021828,4
000021834,4
000021840,4
000021846,4
000021852,4
000021858,4
000021864,4
000021870,4
000021876,4
000021882,4
000021888,4
000021894,4
000021900,4
000021906,4
000021912,4
000021918,4
000021924,4
000021930,2
000021936,2
000021942,2
000021948,2
000021954,2
000021960,2
000021966,2
000021972,2
000021978,2
000021984,2
000021990,2
000021996,2
000022002,2
000022008,2
000022014,2
000022020,2
000022026,2
000022032,2
000022038,2
000022044,2
000022050,2
000022056,2
000022062,2
000022068,2
000022074,2
000022080,2
000022086,2
000022092,2
000022098,2
000022104,2
000022110,2
000022116,2
000022122,2
000022128,2
000022134,2
000022140,2
000022146,2
000022152,2
000022158,2
000022164,2
000022170,2
000022176,2
000022182,2
000022188,3
000022194,3
000022200,3
000022206,3
000022212,3
000022218,3
000022224,3
000022230,3
000022236,3
000022242,3
000022248,3
000022254,3
000022260,3
000022266,3
000022272,3
000022278,3
000022284,3
000022290,3
000022296,3
000022302,3
000022308,3
000022314,3
000022320,3
000022326,3
000022332,3
000022338,3
000022344,3
000022350,3
000022356,3
000022362,3
000022368,3
000022374,3
000022380,3
000022386,3
000022392,3
000022398,3
000022404,3
000022410,3
000022416,3
000022422,3
000022428,3
000022434,3
000022440,4
000022446,4
000022452,4
000022458,4
000022464,4
000022470,4
000022476,4
000022482,4
000022488,4
000022494,4
000022500,4
000022506,4
000022512,4
000022518,4
000022524,4
000022530,4
000022536,4
000022542,4
000022548,4
000022554,4
000022560,4
000022566,4
000022572,4
000022578,4
000022584,4
000022590,4
000022596,4
000022602,4
000022608,4
000022614,4
000022620,4
000022626,4
000022632,4
000022638,4
000022644,4
000022650,4
000022656,4
000022662,4
000022668,4
000022674,4
000022680,4
000022686,4
000022692,4
000022698,4
000022704,1
000022710,1
000022716,1
000022722,1
000022728,1
000022734,1
000022740,1
000022746,1
000022752,1
000022758,1
000022764,1
000022770,1
000022776,1
000022782,1
000022788,1
000022794,1
000022800,1
000022806,1
000022812,1
000022818,1
000022824,2
000022830,2
000022836,2
000022842,2
000022848,2
000022854,2
000022860,2
000022866,2
000022872,2
000022878,2
000022884,2
000022890,2
000022896,2
000022902,2
000022908,2
000022914,2
000022920,2
000022926,2
000022932,2
000022938,2
000022944,2
000022950,2
000022956,2
000022962,2
000022968,2
000022974,2
000022980,2
000022986,2
000022992,2
000022998,2
000023004,2
000023010,2
000023016,2
000023022,2
000023028,2
000023034,2
000023040,2
000023046,2
000023052,2
000023058,2
000023064,2
000023070,2
000023076,2
000023082,2
000023088,2
000023094,2
000023100,2
000023106,2
000023112,2
000023118,2
000023124,2
000023130,2
000023136,3
000023142,3
000023148,3
000023154,3
000023160,3
000023166,3
000023172,3
000023178,3
000023184,3
000023190,3
000023196,3
000023202,3
000023208,3
000023214,3
000023220,3
000023226,3
000023232,3
000023238,3
000023244,3
000023250,3
000023256,3
000023262,3
000023268,3
000023274,3
000023280,3
000023286,3
000023292,3
000023298,3
000023304,3
000023310,3
000023316,3
000023322,3
000023328,3
000023334,3
000023340,3
000023346,3
000023352,3
000023358,3
000023364,3
000023370,3
000023376,3
000023382,3
000023388,3
000023394,3
000023400,3
000023406,3
000023412,3
000023418,3
000023424,3
000023430,3
000023436,3
000023442,3
000023448,3
000023454,3
000023460,3
000023466,3
000023472,4
000023478,4
000023484,4
000023490,4
000023496,4
000023502,4
000023508,4
000023514,4
000023520,4
000023526,4
000023532,4
000023538,4
000023544,4
000023550,4
000023556,4
000023562,4
000023568,4
000023574,4
000023580,4
000023586,4
000023592,4
000023598,4
000023604,4
000023610,4
000023616,4
000023622,4
000023628,4
000023634,4
000023640,4
000023646,4
000023652,4
000023658,4
000023664,4
000023670,4
000023676,4
000023682,4
000023688,4
000023694,4
000023700,4
000023706,4
000023712,4
000023718,4
000023724,4
000023730,4
000023736,4
000023742,4
000023748,4
000023754,4
000023760,4
000023766,4
000023772,4
000023778,4
000023784,4
000023790,4
000023796,4
000023802,4
000023808,4
000023814,4
000023820,4
000023826,4
000023832,4
000023838,4
000023844,4
000023850,4
000023856,4
000023862,4
000023868,4
000023874,4
000023880,4
000023886,4
000023892,4
000023898,4
000023904,4
000023910,4
000023916,4
000023922,4
000023928,4
000023934,4
000023940,4
000023946,4
000023952,4
000023958,4
000023964,4
000023970,4
000023976,4
000023982,4
000023988,4
000023994,4
000024000,4
000024006,4
000024012,4
000024018,4
000024024,4
000024030,4
000024036,4
000024042,4
000024048,4
000024054,4
000024060,4
000024066,4
000024072,4
000024078,4
000024084,4
000024090,4
000024096,4
000024102,4
000024108,4
000024114,4
000024120,4
000024126,4
000024132,4
000024138,4
000024144,4
000024150,4
000024156,1
000024162,1
000024168,1
000024174,1
000024180,1
000024186,1
000024192,1
000024198,1
000024204,1
000024210,1
000024216,1
000024222,1
000024228,1
000024234,1
000024240,1
000024246,1
000024252,1
000024258,1
000024264,1
000024270,1
000024276,1
000024282,1
000024288,1
000024294,2
000024300,2
000024306,2
000024312,2
000024318,2
000024324,2
000024330,2
000024336,2
000024342,2
000024348,2
000024354,2
000024360,2
000024366,2
000024372,2
000024378,2
000024384,2
000024390,2
000024396,2
000024402,2
000024408,2
000024414,2
000024420,2
000024426,2
000024432,2
000024438,2
000024444,2
000024450,2
000024456,2
000024462,2
000024468,2
000024474,2
000024480,2
000024486,2
000024492,2
000024498,2
000024504,2
000024510,2
000024516,2
000024522,2
000024528,0
000024534,0
000024540,0
000024546,0
000024552,0
000024558,0
000024564,0
000024570,0
000024576,0
000024582,0
000024588,0
000024594,0
000024600,0
000024606,0
000024612,0
000024618,0
000024624,0
000024630,2
000024636,2
000024642,2
000024648,2
000024654,2
000024660,2
000024666,2
000024672,2
000024678,2
000024684,2
000024690,2
000024696,2
000024702,3
000024708,3
000024714,3
000024720,3
000024726,3
000024732,3
000024738,3
000024744,3
000024750,3
000024756,3
000024762,3
000024768,3
000024774,3
000024780,3
000024786,3
000024792,3
000024798,3
000024804,3
000024810,3
000024816,3
000024822,3
000024828,3
000024834,3
000024840,3
000024846,3
000024852,3
000024858,3
000024864,3
000024870,3
000024876,3
000024882,3
000024888,3
000024894,3
000024900,3
000024906,3
000024912,3
000024918,3
000024924,3
000024930,3
000024936,3
000024942,3
000024948,3
000024954,3
000024960,3
000024966,3
000024972,4
000024978,4
000024984,4
000024990,4
000024996,4
000025002,4
000025008,4
000025014,4
000025020,4
000025026,4
000025032,4
000025038,4
000025044,4
000025050,4
000025056,4
000025062,4
000025068,4
000025074,4
000025080,4
000025086,4
000025092,4
000025098,4
000025104,4
000025110,4
000025116,4
000025122,4
000025128,4
000025134,4
000025140,4
000025146,4
000025152,4
000025158,4
000025164,4
000025170,4
000025176,4
000025182,4
000025188,4
000025194,4
000025200,4
000025206,4
000025212,4
000025218,4
000025224,4
000025230,4
000025236,4
000025242,2
000025248,2
000025254,2
000025260,2
000025266,2
000025272,2
000025278,2
000025284,2
000025290,2
000025296,2
000025302,2
000025308,2
000025314,2
000025320,2
000025326,2
000025332,2
000025338,2
000025344,2
000025350,2
000025356,2
000025362,2
000025368,2
000025374,2
000025380,2
000025386,2
000025392,2
000025398,2
000025404,2
000025410,2
000025416,2
000025422,2
000025428,2
000025434,2
000025440,2
000025446,2
000025452,2
000025458,2
000025464,2
000025470,2
000025476,2
000025482,2
000025488,2
000025494,2
000025500,2
000025506,2
000025512,2
000025518,2
000025524,2
000025530,2
000025536,2
000025542,2
000025548,2
000025554,2
000025560,2
000025566,2
000025572,2
000025578,2
000025584,2
000025590,2
000025596,2
000025602,2
000025608,2
000025614,2
000025620,3
000025626,3
000025632,3
000025638,3
000025644,3
000025650,3
000025656,3
000025662,3
000025668,3
000025674,3
000025680,3
000025686,3
000025692,3
000025698,3
000025704,3
000025710,3
000025716,3
000025722,3
000025728,3
000025734,3
000025740,3
000025746,3
000025752,3
000025758,3
000025764,3
000025770,3
000025776,3
000025782,3
000025788,3
000025794,3
000025800,3
000025806,3
000025812,3
000025818,3
000025824,3
000025830,3
000025836,3
000025842,3
000025848,3
000025854,3
000025860,3
000025866,3
000025872,3
000025878,3
000025884,3
000025890,3
000025896,4
000025902,4
000025908,4
000025914,4
000025920,4
000025926,4
000025932,4
000025938,4
000025944,4
000025950,4
000025956,4
000025962,4
000025968,4
000025974,4
000025980,4
000025986,4
000025992,4
000025998,4
000026004,4
000026010,4
000026016,4
000026022,4
000026028,4
000026034,4
000026040,4
000026046,4
000026052,4
000026058,4
000026064,4
000026070,4
000026076,4
000026082,4
000026088,4
000026094,4
000026100,4
000026106,6
000026112,6
000026118,6
000026124,6
000026130,6
000026136,6
000026142,6
000026148,6
000026154,6
000026160,6
000026166,6
000026172,6
000026178,6
000026184,6
000026190,6
000026196,6
000026202,6
000026208,6
000026214,6
000026220,6
000026226,6
000026232,6
000026238,6
000026244,6
000026250,6
000026256,6
000026262,6
000026268,6
000026274,6
000026280,6
000026286,6
000026292,6
000026298,6
000026304,6
000026310,6
000026316,6
000026322,6
000026328,6
000026334,6
000026340,6
000026346,6
000026352,6
000026358,6
000026364,6
000026370,6
000026376,6
000026382,6
000026388,6
000026394,6
000026400,6
000026406,6
000026412,6
000026418,6
000026424,6
000026430,6
000026436,6
000026442,6
000026448,6
000026454,6
000026460,6
000026466,6
000026472,6
000026478,6
000026484,6
000026490,6
000026496,6
000026502,6
000026508,6
000026514,6
000026520,6
000026526,6
000026532,6
000026538,6
000026544,6
000026550,6
000026556,7
000026562,7
000026568,7
000026574,7
000026580,7
000026586,7
000026592,7
000026598,7
000026604,7
000026610,7
000026616,7
000026622,7
000026628,7
000026634,7
000026640,1
000026646,1
000026652,1
000026658,1
000026664,1
000026670,1
000026676,7
000026682,7
000026688,7
000026694,7
000026700,7
000026706,7
000026712,7
000026718,7
000026724,7
000026730,7
000026736,7
000026742,1
000026748,1
000026754,1
000026760,1
000026766,1
000026772,1
000026778,1
000026784,1
000026790,1
000026796,1
000026802,1
000026808,1
000026814,1
000026820,1
000026826,1
000026832,1
000026838,1
000026844,1
000026850,1
000026856,1
000026862,1
000026868,1
000026874,1
000026880,7
000026886,7
000026892,7
000026898,7
000026904,7
000026910,7
000026916,7
000026922,7
000026928,7
000026934,7
000026940,7
000026946,7
000026952,7
000026958,7
000026964,7
000026970,7
000026976,7
000026982,7
000026988,7
000026994,7
000027000,7
000027006,7
000027012,7
000027018,7
000027024,7
000027030,7
000027036,7
000027042,7
000027048,7
000027054,7
000027060,7
000027066,7
000027072,7
000027078,7
000027084,7
000027090,7
000027096,7
000027102,7
000027108,7
000027114,7
000027120,7
000027126,7
000027132,7
000027138,7
000027144,7
000027150,7
000027156,7
000027162,7
000027168,7
000027174,7
000027180,7
000027186,0
000027192,0
000027198,0
000027204,0
000027210,0
000027216,0
000027222,0
000027228,0
000027234,0
000027240,0
000027246,0
000027252,0
000027258,0
