00000 00447 0 
00448 00576 1 
00577 01727 0 
01728 02224 2 
02225 02623 0 
02624 02833 2 
02834 03191 3 
03192 03703 4 
03704 04588 1 
04589 05027 2 
05028 05369 3 
05370 06039 4 
06040 06756 1 
06757 07151 2 
07152 07579 3 
07580 08552 4 
08553 08941 1 
08942 09331 2 
09332 09770 3 
09771 10474 4 
10475 10856 1 
10857 11315 2 
11316 11825 3 
11826 12492 4 
12493 12852 1 
12853 13343 2 
13344 14018 3 
14019 14151 2 
14152 14556 3 
14557 15664 4 
15665 15823 1 
15824 16030 2 
16031 16238 0 
16239 16318 2 
16319 16989 3 
16990 17549 4 
17550 17870 1 
17871 18268 2 
18269 18355 3 
18356 18844 0 
18845 19269 2 
19270 19320 3 
19321 19384 2 
19385 19744 3 
19745 20180 4 
20181 20340 1 
20341 20693 2 
20694 21531 3 
21532 21929 4 
21930 22191 2 
22192 22442 3 
22443 22704 4 
22705 22825 1 
22826 23138 2 
23139 23471 3 
23472 24156 4 
24157 24294 1 
24295 24528 2 
24529 24632 0 
24633 24705 2 
24706 24973 3 
24974 25243 4 
25244 25623 2 
25624 25899 3 
25900 26108 4 
26109 26556 6 
26557 26644 7 
26645 26679 1 
26680 26746 7 
26747 26884 1 
26885 27190 7 
27191 27263 0 
