000000000,0
000000006,0
000000012,0
000000018,0
000000024,0
000000030,0
000000036,0
000000042,0
000000048,0
000000054,0
000000060,0
000000066,0
000000072,0
000000078,0
000000084,0
000000090,0
000000096,0
000000102,0
000000108,0
000000114,0
000000120,0
000000126,0
000000132,0
000000138,0
000000144,0
000000150,0
000000156,0
000000162,0
000000168,0
000000174,0
000000180,0
000000186,0
000000192,0
000000198,0
000000204,0
000000210,0
000000216,0
000000222,0
000000228,0
000000234,0
000000240,0
000000246,0
000000252,0
000000258,0
000000264,0
000000270,0
000000276,0
000000282,0
000000288,0
000000294,0
000000300,0
000000306,0
000000312,0
000000318,0
000000324,0
000000330,0
000000336,0
000000342,0
000000348,0
000000354,0
000000360,0
000000366,0
000000372,0
000000378,0
000000384,0
000000390,0
000000396,0
000000402,1
000000408,1
000000414,1
000000420,1
000000426,1
000000432,1
000000438,1
000000444,1
000000450,1
000000456,1
000000462,1
000000468,1
000000474,1
000000480,1
000000486,1
000000492,1
000000498,2
000000504,2
000000510,2
000000516,2
000000522,2
000000528,2
000000534,2
000000540,2
000000546,2
000000552,2
000000558,2
000000564,2
000000570,2
000000576,2
000000582,2
000000588,2
000000594,2
000000600,2
000000606,2
000000612,2
000000618,2
000000624,2
000000630,2
000000636,2
000000642,2
000000648,2
000000654,2
000000660,2
000000666,2
000000672,2
000000678,2
000000684,2
000000690,2
000000696,2
000000702,2
000000708,2
000000714,2
000000720,2
000000726,3
000000732,3
000000738,3
000000744,3
000000750,3
000000756,3
000000762,3
000000768,3
000000774,3
000000780,3
000000786,3
000000792,3
000000798,3
000000804,3
000000810,3
000000816,3
000000822,3
000000828,3
000000834,3
000000840,3
000000846,3
000000852,3
000000858,3
000000864,3
000000870,3
000000876,3
000000882,3
000000888,3
000000894,3
000000900,3
000000906,3
000000912,3
000000918,3
000000924,3
000000930,3
000000936,3
000000942,3
000000948,3
000000954,3
000000960,3
000000966,3
000000972,3
000000978,3
000000984,3
000000990,3
000000996,3
000001002,3
000001008,3
000001014,3
000001020,3
000001026,3
000001032,3
000001038,3
000001044,3
000001050,3
000001056,3
000001062,3
000001068,3
000001074,3
000001080,3
000001086,3
000001092,3
000001098,3
000001104,4
000001110,4
000001116,4
000001122,4
000001128,4
000001134,4
000001140,4
000001146,4
000001152,4
000001158,4
000001164,4
000001170,4
000001176,4
000001182,4
000001188,4
000001194,4
000001200,4
000001206,4
000001212,4
000001218,4
000001224,4
000001230,4
000001236,4
000001242,4
000001248,4
000001254,4
000001260,4
000001266,4
000001272,4
000001278,4
000001284,4
000001290,4
000001296,4
000001302,4
000001308,4
000001314,4
000001320,4
000001326,4
000001332,4
000001338,4
000001344,4
000001350,4
000001356,4
000001362,4
000001368,4
000001374,4
000001380,4
000001386,4
000001392,4
000001398,4
000001404,4
000001410,4
000001416,4
000001422,4
000001428,4
000001434,4
000001440,4
000001446,4
000001452,4
000001458,4
000001464,4
000001470,4
000001476,4
000001482,4
000001488,4
000001494,4
000001500,4
000001506,4
000001512,4
000001518,4
000001524,4
000001530,4
000001536,4
000001542,4
000001548,4
000001554,4
000001560,4
000001566,4
000001572,4
000001578,4
000001584,4
000001590,4
000001596,4
000001602,4
000001608,4
000001614,4
000001620,4
000001626,4
000001632,4
000001638,4
000001644,4
000001650,4
000001656,4
000001662,4
000001668,4
000001674,4
000001680,4
000001686,4
000001692,4
000001698,4
000001704,4
000001710,4
000001716,4
000001722,4
000001728,4
000001734,4
000001740,4
000001746,4
000001752,4
000001758,4
000001764,4
000001770,4
000001776,4
000001782,4
000001788,4
000001794,4
000001800,2
000001806,2
000001812,2
000001818,2
000001824,2
000001830,2
000001836,2
000001842,2
000001848,2
000001854,2
000001860,2
000001866,2
000001872,2
000001878,2
000001884,2
000001890,2
000001896,2
000001902,2
000001908,2
000001914,2
000001920,2
000001926,2
000001932,3
000001938,3
000001944,3
000001950,3
000001956,3
000001962,3
000001968,3
000001974,3
000001980,3
000001986,3
000001992,3
000001998,3
000002004,3
000002010,3
000002016,3
000002022,3
000002028,3
000002034,3
000002040,3
000002046,3
000002052,3
000002058,3
000002064,3
000002070,3
000002076,3
000002082,3
000002088,3
000002094,3
000002100,3
000002106,3
000002112,3
000002118,3
000002124,3
000002130,3
000002136,3
000002142,3
000002148,3
000002154,3
000002160,3
000002166,3
000002172,3
000002178,3
000002184,3
000002190,3
000002196,3
000002202,3
000002208,3
000002214,3
000002220,3
000002226,3
000002232,3
000002238,3
000002244,3
000002250,3
000002256,3
000002262,3
000002268,3
000002274,3
000002280,3
000002286,3
000002292,3
000002298,3
000002304,3
000002310,3
000002316,3
000002322,3
000002328,3
000002334,3
000002340,3
000002346,4
000002352,4
000002358,4
000002364,4
000002370,4
000002376,4
000002382,4
000002388,4
000002394,4
000002400,4
000002406,4
000002412,4
000002418,4
000002424,4
000002430,4
000002436,4
000002442,4
000002448,4
000002454,4
000002460,4
000002466,4
000002472,4
000002478,4
000002484,4
000002490,4
000002496,4
000002502,4
000002508,4
000002514,2
000002520,2
000002526,2
000002532,2
000002538,2
000002544,2
000002550,2
000002556,2
000002562,2
000002568,2
000002574,2
000002580,2
000002586,2
000002592,2
000002598,2
000002604,2
000002610,2
000002616,2
000002622,2
000002628,2
000002634,3
000002640,3
000002646,3
000002652,3
000002658,3
000002664,3
000002670,3
000002676,3
000002682,3
000002688,3
000002694,3
000002700,3
000002706,3
000002712,3
000002718,3
000002724,3
000002730,3
000002736,3
000002742,3
000002748,3
000002754,3
000002760,3
000002766,3
000002772,3
000002778,3
000002784,3
000002790,3
000002796,3
000002802,3
000002808,3
000002814,3
000002820,3
000002826,3
000002832,3
000002838,3
000002844,3
000002850,3
000002856,3
000002862,3
000002868,3
000002874,3
000002880,3
000002886,3
000002892,3
000002898,3
000002904,3
000002910,3
000002916,3
000002922,3
000002928,3
000002934,3
000002940,3
000002946,3
000002952,3
000002958,3
000002964,3
000002970,3
000002976,3
000002982,3
000002988,3
000002994,3
000003000,3
000003006,3
000003012,3
000003018,3
000003024,3
000003030,3
000003036,3
000003042,3
000003048,3
000003054,3
000003060,3
000003066,3
000003072,3
000003078,3
000003084,3
000003090,3
000003096,3
000003102,3
000003108,3
000003114,3
000003120,3
000003126,3
000003132,3
000003138,3
000003144,3
000003150,3
000003156,3
000003162,3
000003168,3
000003174,3
000003180,3
000003186,3
000003192,3
000003198,3
000003204,3
000003210,3
000003216,3
000003222,3
000003228,3
000003234,3
000003240,3
000003246,3
000003252,4
000003258,4
000003264,4
000003270,4
000003276,4
000003282,4
000003288,4
000003294,4
000003300,4
000003306,4
000003312,4
000003318,4
000003324,4
000003330,4
000003336,4
000003342,4
000003348,4
000003354,4
000003360,4
000003366,4
000003372,4
000003378,4
000003384,4
000003390,4
000003396,4
000003402,4
000003408,4
000003414,4
000003420,4
000003426,4
000003432,4
000003438,4
000003444,4
000003450,4
000003456,4
000003462,4
000003468,4
000003474,4
000003480,4
000003486,4
000003492,4
000003498,4
000003504,4
000003510,4
000003516,4
000003522,4
000003528,4
000003534,4
000003540,4
000003546,4
000003552,4
000003558,4
000003564,4
000003570,4
000003576,4
000003582,4
000003588,4
000003594,4
000003600,4
000003606,4
000003612,4
000003618,4
000003624,4
000003630,4
000003636,4
000003642,4
000003648,4
000003654,4
000003660,4
000003666,4
000003672,4
000003678,4
000003684,4
000003690,4
000003696,4
000003702,4
000003708,4
000003714,4
000003720,4
000003726,2
000003732,2
000003738,2
000003744,2
000003750,2
000003756,2
000003762,2
000003768,2
000003774,2
000003780,2
000003786,2
000003792,2
000003798,2
000003804,2
000003810,2
000003816,2
000003822,2
000003828,2
000003834,2
000003840,2
000003846,2
000003852,2
000003858,2
000003864,2
000003870,2
000003876,2
000003882,2
000003888,2
000003894,2
000003900,2
000003906,2
000003912,2
000003918,2
000003924,2
000003930,2
000003936,3
000003942,3
000003948,3
000003954,3
000003960,3
000003966,3
000003972,3
000003978,3
000003984,3
000003990,3
000003996,3
000004002,3
000004008,3
000004014,3
000004020,3
000004026,3
000004032,3
000004038,3
000004044,3
000004050,3
000004056,3
000004062,3
000004068,3
000004074,3
000004080,3
000004086,3
000004092,3
000004098,3
000004104,3
000004110,3
000004116,3
000004122,3
000004128,3
000004134,3
000004140,3
000004146,3
000004152,3
000004158,3
000004164,3
000004170,3
000004176,3
000004182,3
000004188,3
000004194,3
000004200,3
000004206,3
000004212,3
000004218,3
000004224,3
000004230,3
000004236,3
000004242,3
000004248,3
000004254,3
000004260,3
000004266,3
000004272,3
000004278,3
000004284,3
000004290,3
000004296,3
000004302,3
000004308,3
000004314,3
000004320,3
000004326,3
000004332,3
000004338,3
000004344,3
000004350,3
000004356,3
000004362,3
000004368,3
000004374,3
000004380,3
000004386,3
000004392,3
000004398,3
000004404,3
000004410,3
000004416,3
000004422,3
000004428,3
000004434,3
000004440,4
000004446,4
000004452,4
000004458,4
000004464,4
000004470,4
000004476,4
000004482,4
000004488,4
000004494,4
000004500,4
000004506,4
000004512,4
000004518,4
000004524,4
000004530,4
000004536,4
000004542,4
000004548,4
000004554,4
000004560,4
000004566,4
000004572,4
000004578,4
000004584,4
000004590,4
000004596,2
000004602,2
000004608,2
000004614,2
000004620,2
000004626,2
000004632,2
000004638,2
000004644,2
000004650,2
000004656,2
000004662,2
000004668,2
000004674,2
000004680,2
000004686,2
000004692,2
000004698,2
000004704,2
000004710,2
000004716,2
000004722,2
000004728,2
000004734,2
000004740,2
000004746,2
000004752,2
000004758,2
000004764,2
000004770,2
000004776,2
000004782,2
000004788,2
000004794,2
000004800,2
000004806,2
000004812,2
000004818,2
000004824,2
000004830,2
000004836,2
000004842,2
000004848,2
000004854,3
000004860,3
000004866,3
000004872,3
000004878,3
000004884,3
000004890,3
000004896,3
000004902,3
000004908,3
000004914,3
000004920,3
000004926,3
000004932,3
000004938,3
000004944,3
000004950,3
000004956,3
000004962,3
000004968,3
000004974,3
000004980,3
000004986,3
000004992,3
000004998,3
000005004,3
000005010,3
000005016,3
000005022,3
000005028,3
000005034,3
000005040,3
000005046,3
000005052,3
000005058,3
000005064,3
000005070,3
000005076,3
000005082,3
000005088,3
000005094,3
000005100,3
000005106,3
000005112,3
000005118,3
000005124,3
000005130,3
000005136,3
000005142,3
000005148,3
000005154,3
000005160,3
000005166,3
000005172,3
000005178,3
000005184,3
000005190,3
000005196,3
000005202,3
000005208,3
000005214,3
000005220,3
000005226,3
000005232,3
000005238,3
000005244,3
000005250,3
000005256,3
000005262,3
000005268,3
000005274,3
000005280,3
000005286,3
000005292,3
000005298,3
000005304,3
000005310,3
000005316,3
000005322,3
000005328,3
000005334,3
000005340,3
000005346,3
000005352,3
000005358,3
000005364,3
000005370,3
000005376,3
000005382,3
000005388,3
000005394,3
000005400,3
000005406,3
000005412,3
000005418,3
000005424,3
000005430,3
000005436,3
000005442,4
000005448,4
000005454,4
000005460,4
000005466,4
000005472,4
000005478,4
000005484,4
000005490,4
000005496,4
000005502,4
000005508,4
000005514,4
000005520,4
000005526,4
000005532,4
000005538,4
000005544,4
000005550,4
000005556,4
000005562,4
000005568,4
000005574,4
000005580,4
000005586,4
000005592,4
000005598,4
000005604,4
000005610,4
000005616,4
000005622,4
000005628,4
000005634,4
000005640,4
000005646,4
000005652,4
000005658,4
000005664,4
000005670,4
000005676,4
000005682,7
000005688,7
000005694,7
000005700,7
000005706,7
000005712,7
000005718,7
000005724,7
000005730,7
000005736,7
000005742,7
000005748,7
000005754,7
000005760,7
000005766,7
000005772,7
000005778,7
000005784,7
000005790,7
000005796,7
000005802,7
000005808,7
000005814,7
000005820,7
000005826,7
000005832,7
000005838,7
000005844,7
000005850,7
000005856,7
000005862,7
000005868,7
000005874,7
000005880,7
000005886,7
000005892,7
000005898,7
000005904,7
000005910,7
000005916,7
000005922,7
000005928,7
000005934,7
000005940,7
000005946,7
000005952,7
000005958,7
000005964,7
000005970,7
000005976,7
000005982,7
000005988,0
000005994,0
000006000,0
000006006,0
000006012,0
000006018,0
000006024,0
000006030,0
000006036,0
000006042,0
