00000 00995 0 
00996 01097 1 
01098 01476 2 
01477 01560 1 
01561 01965 2 
01966 02427 0 
02428 02923 2 
02924 03599 3 
03600 04161 4 
04162 04556 2 
04557 05052 3 
05053 05605 4 
05606 06025 2 
06026 06383 3 
06384 06788 4 
06789 07304 2 
07305 07727 3 
07728 08122 4 
08123 08531 2 
08532 08682 3 
08683 08766 2 
08767 09236 3 
09237 09492 4 
09493 09580 1 
09581 09928 4 
09929 10335 2 
10336 10989 3 
10990 11536 4 
11537 11850 2 
11851 12851 0 
12852 13152 2 
13153 13366 3 
13367 13852 4 
13853 14766 2 
14767 14944 3 
14945 15328 4 
15329 15909 7 
15910 16007 0 
