00000 01002 0 
01003 01082 1 
01083 02847 2 
02848 03413 3 
03414 03606 4 
03607 03923 2 
03924 04646 3 
04647 04900 4 
04901 05194 2 
05195 06184 3 
06185 06537 4 
06538 06878 2 
06879 07192 0 
07193 07477 2 
07478 08219 3 
08220 08662 4 
08663 08902 2 
08903 09218 3 
09219 09446 4 
09447 09712 2 
09713 10087 3 
10088 10327 4 
10328 10545 2 
10546 10969 3 
10970 11168 4 
11169 11517 2 
11518 11654 3 
11655 12039 2 
12040 12751 3 
12752 13122 4 
13123 13364 2 
13365 13764 3 
13765 13909 4 
13910 14186 7 
14187 14210 0 
