000000000,0
000000006,0
000000012,0
000000018,0
000000024,0
000000030,0
000000036,0
000000042,0
000000048,0
000000054,0
000000060,0
000000066,0
000000072,0
000000078,0
000000084,0
000000090,0
000000096,0
000000102,0
000000108,0
000000114,0
000000120,0
000000126,0
000000132,0
000000138,0
000000144,0
000000150,0
000000156,0
000000162,0
000000168,0
000000174,0
000000180,0
000000186,0
000000192,0
000000198,0
000000204,0
000000210,0
000000216,1
000000222,1
000000228,1
000000234,1
000000240,1
000000246,1
000000252,1
000000258,1
000000264,1
000000270,1
000000276,1
000000282,1
000000288,1
000000294,1
000000300,1
000000306,1
000000312,1
000000318,1
000000324,1
000000330,1
000000336,1
000000342,1
000000348,1
000000354,1
000000360,1
000000366,1
000000372,1
000000378,1
000000384,1
000000390,1
000000396,1
000000402,1
000000408,1
000000414,1
000000420,1
000000426,1
000000432,1
000000438,1
000000444,1
000000450,1
000000456,1
000000462,1
000000468,1
000000474,1
000000480,1
000000486,1
000000492,1
000000498,2
000000504,2
000000510,2
000000516,2
000000522,2
000000528,2
000000534,2
000000540,2
000000546,2
000000552,2
000000558,2
000000564,2
000000570,2
000000576,2
000000582,2
000000588,2
000000594,2
000000600,2
000000606,2
000000612,2
000000618,2
000000624,2
000000630,2
000000636,2
000000642,2
000000648,2
000000654,2
000000660,2
000000666,2
000000672,2
000000678,2
000000684,2
000000690,2
000000696,2
000000702,2
000000708,2
000000714,2
000000720,2
000000726,2
000000732,2
000000738,2
000000744,2
000000750,2
000000756,2
000000762,2
000000768,2
000000774,2
000000780,2
000000786,2
000000792,2
000000798,2
000000804,2
000000810,2
000000816,2
000000822,2
000000828,2
000000834,2
000000840,2
000000846,2
000000852,2
000000858,2
000000864,2
000000870,2
000000876,2
000000882,2
000000888,2
000000894,2
000000900,2
000000906,2
000000912,2
000000918,2
000000924,2
000000930,2
000000936,2
000000942,2
000000948,2
000000954,2
000000960,2
000000966,2
000000972,2
000000978,3
000000984,3
000000990,3
000000996,3
000001002,3
000001008,3
000001014,3
000001020,3
000001026,3
000001032,3
000001038,3
000001044,3
000001050,3
000001056,3
000001062,3
000001068,3
000001074,3
000001080,3
000001086,3
000001092,3
000001098,3
000001104,3
000001110,3
000001116,3
000001122,3
000001128,3
000001134,3
000001140,3
000001146,3
000001152,3
000001158,3
000001164,3
000001170,3
000001176,3
000001182,3
000001188,3
000001194,3
000001200,3
000001206,3
000001212,3
000001218,3
000001224,3
000001230,3
000001236,3
000001242,3
000001248,3
000001254,3
000001260,3
000001266,3
000001272,3
000001278,3
000001284,3
000001290,4
000001296,4
000001302,4
000001308,4
000001314,4
000001320,4
000001326,4
000001332,4
000001338,4
000001344,4
000001350,4
000001356,4
000001362,4
000001368,4
000001374,4
000001380,4
000001386,4
000001392,4
000001398,4
000001404,4
000001410,4
000001416,4
000001422,4
000001428,4
000001434,4
000001440,4
000001446,4
000001452,4
000001458,4
000001464,4
000001470,4
000001476,4
000001482,4
000001488,4
000001494,4
000001500,4
000001506,4
000001512,4
000001518,4
000001524,4
000001530,4
000001536,4
000001542,4
000001548,4
000001554,4
000001560,4
000001566,4
000001572,4
000001578,4
000001584,4
000001590,4
000001596,4
000001602,4
000001608,4
000001614,4
000001620,4
000001626,4
000001632,4
000001638,4
000001644,4
000001650,4
000001656,4
000001662,4
000001668,4
000001674,4
000001680,4
000001686,4
000001692,4
000001698,4
000001704,4
000001710,4
000001716,4
000001722,4
000001728,4
000001734,4
000001740,4
000001746,4
000001752,4
000001758,4
000001764,4
000001770,4
000001776,4
000001782,4
000001788,4
000001794,4
000001800,4
000001806,4
000001812,4
000001818,4
000001824,2
000001830,2
000001836,2
000001842,2
000001848,2
000001854,2
000001860,2
000001866,2
000001872,2
000001878,2
000001884,2
000001890,2
000001896,2
000001902,2
000001908,2
000001914,2
000001920,2
000001926,2
000001932,2
000001938,2
000001944,2
000001950,2
000001956,2
000001962,2
000001968,2
000001974,2
000001980,2
000001986,2
000001992,2
000001998,2
000002004,2
000002010,2
000002016,2
000002022,2
000002028,2
000002034,2
000002040,2
000002046,2
000002052,2
000002058,2
000002064,2
000002070,2
000002076,2
000002082,2
000002088,2
000002094,2
000002100,2
000002106,2
000002112,2
000002118,2
000002124,2
000002130,2
000002136,2
000002142,2
000002148,2
000002154,2
000002160,2
000002166,2
000002172,2
000002178,2
000002184,2
000002190,2
000002196,3
000002202,3
000002208,3
000002214,3
000002220,3
000002226,3
000002232,3
000002238,3
000002244,3
000002250,3
000002256,3
000002262,3
000002268,3
000002274,3
000002280,3
000002286,3
000002292,3
000002298,3
000002304,3
000002310,3
000002316,3
000002322,3
000002328,3
000002334,3
000002340,3
000002346,3
000002352,3
000002358,3
000002364,3
000002370,3
000002376,3
000002382,3
000002388,3
000002394,3
000002400,3
000002406,3
000002412,3
000002418,3
000002424,3
000002430,3
000002436,3
000002442,3
000002448,3
000002454,3
000002460,3
000002466,3
000002472,3
000002478,3
000002484,3
000002490,3
000002496,3
000002502,3
000002508,3
000002514,3
000002520,3
000002526,3
000002532,3
000002538,3
000002544,3
000002550,3
000002556,3
000002562,3
000002568,3
000002574,3
000002580,3
000002586,3
000002592,3
000002598,3
000002604,3
000002610,3
000002616,3
000002622,3
000002628,4
000002634,4
000002640,4
000002646,4
000002652,4
000002658,4
000002664,4
000002670,4
000002676,4
000002682,4
000002688,4
000002694,4
000002700,4
000002706,4
000002712,4
000002718,4
000002724,4
000002730,4
000002736,4
000002742,4
000002748,4
000002754,4
000002760,4
000002766,4
000002772,4
000002778,4
000002784,4
000002790,4
000002796,4
000002802,4
000002808,4
000002814,4
000002820,4
000002826,4
000002832,4
000002838,4
000002844,4
000002850,4
000002856,4
000002862,4
000002868,4
000002874,4
000002880,4
000002886,4
000002892,4
000002898,4
000002904,4
000002910,4
000002916,4
000002922,4
000002928,4
000002934,4
000002940,4
000002946,4
000002952,4
000002958,4
000002964,4
000002970,4
000002976,4
000002982,2
000002988,2
000002994,2
000003000,2
000003006,2
000003012,2
000003018,2
000003024,2
000003030,2
000003036,2
000003042,2
000003048,2
000003054,2
000003060,2
000003066,2
000003072,2
000003078,2
000003084,2
000003090,2
000003096,2
000003102,2
000003108,2
000003114,2
000003120,2
000003126,2
000003132,2
000003138,2
000003144,2
000003150,2
000003156,2
000003162,2
000003168,2
000003174,2
000003180,2
000003186,2
000003192,2
000003198,2
000003204,2
000003210,2
000003216,2
000003222,2
000003228,2
000003234,2
000003240,2
000003246,2
000003252,2
000003258,2
000003264,2
000003270,2
000003276,2
000003282,2
000003288,2
000003294,2
000003300,2
000003306,2
000003312,3
000003318,3
000003324,3
000003330,3
000003336,3
000003342,3
000003348,3
000003354,3
000003360,3
000003366,3
000003372,3
000003378,3
000003384,3
000003390,3
000003396,3
000003402,3
000003408,3
000003414,3
000003420,3
000003426,3
000003432,3
000003438,3
000003444,3
000003450,3
000003456,3
000003462,3
000003468,3
000003474,3
000003480,3
000003486,3
000003492,3
000003498,3
000003504,3
000003510,3
000003516,3
000003522,3
000003528,3
000003534,3
000003540,3
000003546,3
000003552,3
000003558,3
000003564,3
000003570,4
000003576,4
000003582,4
000003588,4
000003594,4
000003600,4
000003606,4
000003612,4
000003618,4
000003624,4
000003630,4
000003636,4
000003642,4
000003648,4
000003654,4
000003660,4
000003666,4
000003672,4
000003678,4
000003684,4
000003690,4
000003696,4
000003702,4
000003708,4
000003714,4
000003720,4
000003726,4
000003732,4
000003738,4
000003744,4
000003750,4
000003756,4
000003762,4
000003768,4
000003774,4
000003780,4
000003786,4
000003792,4
000003798,4
000003804,4
000003810,4
000003816,4
000003822,4
000003828,4
000003834,2
000003840,2
000003846,2
000003852,2
000003858,2
000003864,2
000003870,2
000003876,2
000003882,2
000003888,2
000003894,2
000003900,2
000003906,2
000003912,2
000003918,2
000003924,2
000003930,2
000003936,2
000003942,2
000003948,2
000003954,2
000003960,2
000003966,2
000003972,2
000003978,2
000003984,2
000003990,2
000003996,2
000004002,2
000004008,2
000004014,2
000004020,2
000004026,2
000004032,2
000004038,2
000004044,2
000004050,2
000004056,2
000004062,2
000004068,2
000004074,2
000004080,2
000004086,2
000004092,2
000004098,2
000004104,2
000004110,2
000004116,2
000004122,2
000004128,2
000004134,2
000004140,2
000004146,2
000004152,2
000004158,2
000004164,2
000004170,2
000004176,2
000004182,3
000004188,3
000004194,3
000004200,3
000004206,3
000004212,3
000004218,3
000004224,3
000004230,3
000004236,3
000004242,3
000004248,3
000004254,3
000004260,3
000004266,3
000004272,3
000004278,3
000004284,3
000004290,3
000004296,3
000004302,3
000004308,3
000004314,3
000004320,3
000004326,3
000004332,3
000004338,3
000004344,3
000004350,3
000004356,3
000004362,3
000004368,3
000004374,3
000004380,3
000004386,3
000004392,3
000004398,3
000004404,3
000004410,3
000004416,3
000004422,3
000004428,3
000004434,3
000004440,3
000004446,3
000004452,3
000004458,3
000004464,3
000004470,3
000004476,3
000004482,3
000004488,3
000004494,3
000004500,3
000004506,3
000004512,3
000004518,3
000004524,3
000004530,3
000004536,3
000004542,3
000004548,3
000004554,3
000004560,3
000004566,3
000004572,3
000004578,3
000004584,3
000004590,3
000004596,3
000004602,3
000004608,3
000004614,3
000004620,3
000004626,3
000004632,3
000004638,3
000004644,3
000004650,3
000004656,3
000004662,3
000004668,3
000004674,3
000004680,3
000004686,4
000004692,4
000004698,4
000004704,4
000004710,4
000004716,4
000004722,4
000004728,4
000004734,4
000004740,4
000004746,4
000004752,4
000004758,4
000004764,4
000004770,4
000004776,4
000004782,4
000004788,4
000004794,4
000004800,4
000004806,4
000004812,4
000004818,4
000004824,4
000004830,4
000004836,4
000004842,4
000004848,4
000004854,4
000004860,4
000004866,4
000004872,4
000004878,4
000004884,4
000004890,4
000004896,4
000004902,4
000004908,4
000004914,4
000004920,4
000004926,4
000004932,4
000004938,4
000004944,4
000004950,4
000004956,4
000004962,4
000004968,4
000004974,4
000004980,4
000004986,4
000004992,4
000004998,4
000005004,4
000005010,4
000005016,4
000005022,4
000005028,4
000005034,4
000005040,2
000005046,2
000005052,2
000005058,2
000005064,2
000005070,2
000005076,2
000005082,2
000005088,2
000005094,2
000005100,2
000005106,2
000005112,2
000005118,2
000005124,2
000005130,2
000005136,2
000005142,2
000005148,2
000005154,2
000005160,2
000005166,2
000005172,2
000005178,2
000005184,2
000005190,2
000005196,2
000005202,2
000005208,2
000005214,2
000005220,2
000005226,2
000005232,2
000005238,2
000005244,2
000005250,2
000005256,2
000005262,2
000005268,2
000005274,2
000005280,2
000005286,2
000005292,2
000005298,2
000005304,2
000005310,2
000005316,2
000005322,2
000005328,2
000005334,2
000005340,2
000005346,2
000005352,2
000005358,2
000005364,1
000005370,1
000005376,1
000005382,1
000005388,1
000005394,1
000005400,1
000005406,1
000005412,1
000005418,1
000005424,1
000005430,2
000005436,2
000005442,2
000005448,2
000005454,2
000005460,2
000005466,2
000005472,2
000005478,2
000005484,2
000005490,2
000005496,2
000005502,2
000005508,2
000005514,2
000005520,2
000005526,2
000005532,2
000005538,2
000005544,2
000005550,2
000005556,2
000005562,2
000005568,2
000005574,2
000005580,2
000005586,2
000005592,2
000005598,2
000005604,2
000005610,2
000005616,2
000005622,2
000005628,2
000005634,2
000005640,2
000005646,2
000005652,2
000005658,2
000005664,2
000005670,2
000005676,2
000005682,2
000005688,2
000005694,2
000005700,2
000005706,2
000005712,2
000005718,2
000005724,2
000005730,2
000005736,2
000005742,2
000005748,2
000005754,2
000005760,2
000005766,2
000005772,2
000005778,2
000005784,2
000005790,2
000005796,2
000005802,2
000005808,2
000005814,2
000005820,2
000005826,2
000005832,2
000005838,2
000005844,2
000005850,2
000005856,2
000005862,2
000005868,2
000005874,2
000005880,2
000005886,2
000005892,2
000005898,2
000005904,2
000005910,2
000005916,2
000005922,2
000005928,2
000005934,2
000005940,2
000005946,2
000005952,2
000005958,2
000005964,2
000005970,2
000005976,2
000005982,2
000005988,2
000005994,2
000006000,2
000006006,3
000006012,3
000006018,3
000006024,3
000006030,3
000006036,3
000006042,3
000006048,3
000006054,3
000006060,3
000006066,3
000006072,3
000006078,3
000006084,3
000006090,3
000006096,3
000006102,3
000006108,3
000006114,3
000006120,3
000006126,3
000006132,3
000006138,3
000006144,3
000006150,3
000006156,3
000006162,3
000006168,3
000006174,3
000006180,3
000006186,3
000006192,3
000006198,3
000006204,3
000006210,3
000006216,3
000006222,3
000006228,3
000006234,3
000006240,3
000006246,3
000006252,3
000006258,3
000006264,3
000006270,3
000006276,3
000006282,3
000006288,3
000006294,3
000006300,3
000006306,3
000006312,4
000006318,4
000006324,4
000006330,4
000006336,4
000006342,4
000006348,4
000006354,4
000006360,4
000006366,4
000006372,4
000006378,4
000006384,4
000006390,4
000006396,4
000006402,4
000006408,4
000006414,4
000006420,4
000006426,4
000006432,4
000006438,4
000006444,4
000006450,4
000006456,4
000006462,4
000006468,4
000006474,4
000006480,4
000006486,4
000006492,4
000006498,4
000006504,4
000006510,4
000006516,4
000006522,4
000006528,4
000006534,4
000006540,4
000006546,4
000006552,4
000006558,4
000006564,4
000006570,4
000006576,4
000006582,4
000006588,4
000006594,4
000006600,4
000006606,4
000006612,4
000006618,4
000006624,4
000006630,4
000006636,4
000006642,4
000006648,4
000006654,4
000006660,1
000006666,1
000006672,1
000006678,1
000006684,1
000006690,1
000006696,1
000006702,1
000006708,1
000006714,1
000006720,1
000006726,1
000006732,1
000006738,1
000006744,1
000006750,1
000006756,1
000006762,2
000006768,2
000006774,2
000006780,2
000006786,2
000006792,2
000006798,2
000006804,2
000006810,2
000006816,2
000006822,2
000006828,2
000006834,2
000006840,2
000006846,2
000006852,2
000006858,2
000006864,2
000006870,2
000006876,2
000006882,2
000006888,2
000006894,2
000006900,2
000006906,2
000006912,2
000006918,2
000006924,2
000006930,2
000006936,2
000006942,2
000006948,2
000006954,2
000006960,2
000006966,2
000006972,2
000006978,2
000006984,2
000006990,2
000006996,2
000007002,2
000007008,2
000007014,2
000007020,2
000007026,2
000007032,2
000007038,2
000007044,2
000007050,2
000007056,2
000007062,2
000007068,2
000007074,2
000007080,2
000007086,2
000007092,2
000007098,2
000007104,2
000007110,2
000007116,2
000007122,2
000007128,2
000007134,2
000007140,2
000007146,2
000007152,2
000007158,2
000007164,2
000007170,2
000007176,2
000007182,2
000007188,2
000007194,2
000007200,2
000007206,2
000007212,2
000007218,2
000007224,2
000007230,2
000007236,2
000007242,2
000007248,2
000007254,2
000007260,3
000007266,3
000007272,3
000007278,3
000007284,3
000007290,3
000007296,3
000007302,3
000007308,3
000007314,3
000007320,3
000007326,3
000007332,3
000007338,3
000007344,3
000007350,3
000007356,3
000007362,3
000007368,3
000007374,3
000007380,3
000007386,3
000007392,3
000007398,3
000007404,3
000007410,3
000007416,3
000007422,3
000007428,3
000007434,3
000007440,3
000007446,3
000007452,3
000007458,3
000007464,3
000007470,3
000007476,3
000007482,3
000007488,3
000007494,3
000007500,3
000007506,3
000007512,3
000007518,4
000007524,4
000007530,4
000007536,4
000007542,4
000007548,4
000007554,4
000007560,4
000007566,4
000007572,4
000007578,4
000007584,4
000007590,4
000007596,4
000007602,4
000007608,4
000007614,4
000007620,4
000007626,4
000007632,4
000007638,4
000007644,4
000007650,4
000007656,4
000007662,4
000007668,4
000007674,4
000007680,4
000007686,4
000007692,4
000007698,4
000007704,4
000007710,4
000007716,4
000007722,4
000007728,4
000007734,4
000007740,4
000007746,4
000007752,4
000007758,4
000007764,4
000007770,4
000007776,4
000007782,4
000007788,4
000007794,4
000007800,4
000007806,4
000007812,4
000007818,2
000007824,2
000007830,2
000007836,2
000007842,2
000007848,2
000007854,2
000007860,2
000007866,2
000007872,2
000007878,2
000007884,2
000007890,2
000007896,2
000007902,2
000007908,2
000007914,2
000007920,2
000007926,2
000007932,2
000007938,0
000007944,0
000007950,0
000007956,0
000007962,0
000007968,0
000007974,0
000007980,0
000007986,0
000007992,0
000007998,0
000008004,0
000008010,0
000008016,0
000008022,0
000008028,0
000008034,0
000008040,0
000008046,0
000008052,0
000008058,0
000008064,0
000008070,0
000008076,0
000008082,0
000008088,0
000008094,0
000008100,0
000008106,0
000008112,0
000008118,0
000008124,0
000008130,0
000008136,0
000008142,0
000008148,0
000008154,0
000008160,0
000008166,0
000008172,0
000008178,0
000008184,0
000008190,0
000008196,0
000008202,0
000008208,0
000008214,0
000008220,0
000008226,0
000008232,0
000008238,0
000008244,0
000008250,0
000008256,0
000008262,0
000008268,0
000008274,0
000008280,0
000008286,2
000008292,2
000008298,2
000008304,2
000008310,2
000008316,2
000008322,2
000008328,2
000008334,2
000008340,2
000008346,2
000008352,2
000008358,2
000008364,2
000008370,2
000008376,2
000008382,2
000008388,2
000008394,2
000008400,2
000008406,2
000008412,2
000008418,2
000008424,2
000008430,2
000008436,2
000008442,2
000008448,2
000008454,2
000008460,3
000008466,3
000008472,3
000008478,3
000008484,3
000008490,3
000008496,3
000008502,3
000008508,3
000008514,3
000008520,3
000008526,3
000008532,3
000008538,3
000008544,3
000008550,3
000008556,3
000008562,3
000008568,3
000008574,3
000008580,3
000008586,3
000008592,3
000008598,3
000008604,3
000008610,3
000008616,3
000008622,3
000008628,3
000008634,3
000008640,3
000008646,3
000008652,3
000008658,3
000008664,3
000008670,3
000008676,3
000008682,3
000008688,3
000008694,3
000008700,3
000008706,3
000008712,3
000008718,3
000008724,3
000008730,3
000008736,3
000008742,3
000008748,3
000008754,3
000008760,3
000008766,3
000008772,4
000008778,4
000008784,4
000008790,4
000008796,4
000008802,4
000008808,4
000008814,4
000008820,4
000008826,4
000008832,4
000008838,4
000008844,4
000008850,4
000008856,4
000008862,4
000008868,4
000008874,4
000008880,4
000008886,4
000008892,4
000008898,4
000008904,4
000008910,7
000008916,7
000008922,7
000008928,7
000008934,7
000008940,7
000008946,7
000008952,7
000008958,7
000008964,7
000008970,7
000008976,7
000008982,7
000008988,7
000008994,7
000009000,7
000009006,7
000009012,7
000009018,7
000009024,7
000009030,7
000009036,7
000009042,7
000009048,7
000009054,7
000009060,7
000009066,7
000009072,7
000009078,7
000009084,7
000009090,7
000009096,7
000009102,7
000009108,7
000009114,7
000009120,7
000009126,7
000009132,7
000009138,7
000009144,7
000009150,7
000009156,7
000009162,0
000009168,0
000009174,0
000009180,0
000009186,0
