000000000,0
000000006,0
000000012,0
000000018,0
000000024,0
000000030,0
000000036,0
000000042,0
000000048,0
000000054,0
000000060,0
000000066,0
000000072,0
000000078,0
000000084,0
000000090,0
000000096,0
000000102,0
000000108,0
000000114,0
000000120,0
000000126,0
000000132,0
000000138,0
000000144,0
000000150,0
000000156,1
000000162,1
000000168,1
000000174,1
000000180,1
000000186,1
000000192,1
000000198,1
000000204,1
000000210,1
000000216,1
000000222,1
000000228,1
000000234,1
000000240,1
000000246,2
000000252,2
000000258,2
000000264,2
000000270,2
000000276,2
000000282,2
000000288,2
000000294,2
000000300,2
000000306,2
000000312,2
000000318,2
000000324,2
000000330,2
000000336,2
000000342,2
000000348,2
000000354,2
000000360,2
000000366,2
000000372,2
000000378,2
000000384,2
000000390,2
000000396,2
000000402,2
000000408,2
000000414,2
000000420,2
000000426,2
000000432,2
000000438,2
000000444,2
000000450,2
000000456,2
000000462,2
000000468,2
000000474,2
000000480,2
000000486,2
000000492,2
000000498,2
000000504,2
000000510,2
000000516,2
000000522,2
000000528,2
000000534,2
000000540,2
000000546,2
000000552,2
000000558,2
000000564,2
000000570,2
000000576,2
000000582,2
000000588,2
000000594,2
000000600,2
000000606,2
000000612,2
000000618,2
000000624,2
000000630,2
000000636,2
000000642,2
000000648,2
000000654,2
000000660,2
000000666,2
000000672,2
000000678,2
000000684,2
000000690,2
000000696,2
000000702,2
000000708,2
000000714,2
000000720,2
000000726,2
000000732,2
000000738,2
000000744,2
000000750,2
000000756,2
000000762,2
000000768,2
000000774,2
000000780,2
000000786,2
000000792,2
000000798,2
000000804,2
000000810,2
000000816,2
000000822,2
000000828,2
000000834,2
000000840,2
000000846,2
000000852,2
000000858,2
000000864,2
000000870,2
000000876,2
000000882,2
000000888,2
000000894,2
000000900,2
000000906,2
000000912,2
000000918,2
000000924,2
000000930,2
000000936,2
000000942,2
000000948,2
000000954,2
000000960,2
000000966,2
000000972,2
000000978,2
000000984,2
000000990,2
000000996,2
000001002,2
000001008,2
000001014,2
000001020,2
000001026,2
000001032,2
000001038,2
000001044,2
000001050,2
000001056,2
000001062,2
000001068,2
000001074,2
000001080,2
000001086,2
000001092,2
000001098,2
000001104,2
000001110,2
000001116,2
000001122,2
000001128,2
000001134,2
000001140,2
000001146,2
000001152,2
000001158,2
000001164,2
000001170,2
000001176,2
000001182,2
000001188,2
000001194,2
000001200,2
000001206,2
000001212,2
000001218,2
000001224,2
000001230,2
000001236,2
000001242,2
000001248,2
000001254,2
000001260,2
000001266,2
000001272,2
000001278,2
000001284,2
000001290,2
000001296,2
000001302,2
000001308,2
000001314,2
000001320,2
000001326,2
000001332,2
000001338,2
000001344,2
000001350,2
000001356,2
000001362,2
000001368,2
000001374,2
000001380,2
000001386,2
000001392,2
000001398,2
000001404,2
000001410,2
000001416,2
000001422,3
000001428,3
000001434,3
000001440,3
000001446,3
000001452,3
000001458,3
000001464,3
000001470,3
000001476,3
000001482,3
000001488,3
000001494,3
000001500,3
000001506,3
000001512,3
000001518,3
000001524,3
000001530,3
000001536,3
000001542,3
000001548,3
000001554,3
000001560,3
000001566,3
000001572,3
000001578,3
000001584,3
000001590,3
000001596,3
000001602,3
000001608,3
000001614,3
000001620,3
000001626,3
000001632,3
000001638,3
000001644,3
000001650,3
000001656,3
000001662,3
000001668,3
000001674,3
000001680,3
000001686,3
000001692,3
000001698,3
000001704,3
000001710,4
000001716,4
000001722,4
000001728,4
000001734,4
000001740,4
000001746,4
000001752,4
000001758,4
000001764,4
000001770,4
000001776,4
000001782,4
000001788,4
000001794,4
000001800,4
000001806,4
000001812,4
000001818,4
000001824,4
000001830,4
000001836,4
000001842,4
000001848,4
000001854,4
000001860,4
000001866,4
000001872,4
000001878,4
000001884,4
000001890,4
000001896,4
000001902,4
000001908,4
000001914,4
000001920,4
000001926,4
000001932,4
000001938,4
000001944,4
000001950,4
000001956,4
000001962,4
000001968,4
000001974,4
000001980,4
000001986,4
000001992,4
000001998,4
000002004,4
000002010,4
000002016,4
000002022,4
000002028,4
000002034,4
000002040,4
000002046,4
000002052,4
000002058,4
000002064,4
000002070,4
000002076,4
000002082,4
000002088,4
000002094,4
000002100,4
000002106,4
000002112,4
000002118,4
000002124,4
000002130,4
000002136,2
000002142,2
000002148,2
000002154,2
000002160,2
000002166,2
000002172,2
000002178,2
000002184,2
000002190,2
000002196,2
000002202,2
000002208,2
000002214,2
000002220,2
000002226,2
000002232,2
000002238,2
000002244,2
000002250,2
000002256,2
000002262,2
000002268,2
000002274,2
000002280,2
000002286,2
000002292,2
000002298,2
000002304,2
000002310,2
000002316,2
000002322,2
000002328,2
000002334,2
000002340,2
000002346,2
000002352,2
000002358,2
000002364,2
000002370,2
000002376,2
000002382,2
000002388,2
000002394,2
000002400,2
000002406,2
000002412,2
000002418,2
000002424,2
000002430,2
000002436,3
000002442,3
000002448,3
000002454,3
000002460,3
000002466,3
000002472,3
000002478,3
000002484,3
000002490,3
000002496,3
000002502,3
000002508,3
000002514,3
000002520,3
000002526,3
000002532,3
000002538,3
000002544,3
000002550,3
000002556,3
000002562,3
000002568,3
000002574,3
000002580,3
000002586,3
000002592,3
000002598,3
000002604,3
000002610,3
000002616,3
000002622,3
000002628,3
000002634,3
000002640,3
000002646,3
000002652,3
000002658,3
000002664,3
000002670,3
000002676,3
000002682,3
000002688,3
000002694,3
000002700,3
000002706,3
000002712,3
000002718,3
000002724,3
000002730,3
000002736,3
000002742,3
000002748,4
000002754,4
000002760,4
000002766,4
000002772,4
000002778,4
000002784,4
000002790,4
000002796,4
000002802,4
000002808,4
000002814,4
000002820,4
000002826,4
000002832,4
000002838,4
000002844,4
000002850,4
000002856,4
000002862,4
000002868,4
000002874,4
000002880,4
000002886,4
000002892,4
000002898,4
000002904,4
000002910,4
000002916,4
000002922,4
000002928,4
000002934,4
000002940,4
000002946,4
000002952,4
000002958,4
000002964,4
000002970,4
000002976,4
000002982,4
000002988,4
000002994,4
000003000,4
000003006,2
000003012,2
000003018,2
000003024,2
000003030,2
000003036,2
000003042,2
000003048,2
000003054,2
000003060,2
000003066,2
000003072,2
000003078,2
000003084,2
000003090,2
000003096,2
000003102,2
000003108,2
000003114,2
000003120,2
000003126,2
000003132,2
000003138,2
000003144,2
000003150,2
000003156,2
000003162,2
000003168,2
000003174,2
000003180,2
000003186,2
000003192,2
000003198,2
000003204,2
000003210,2
000003216,2
000003222,2
000003228,2
000003234,2
000003240,2
000003246,2
000003252,2
000003258,2
000003264,2
000003270,2
000003276,3
000003282,3
000003288,3
000003294,3
000003300,3
000003306,3
000003312,3
000003318,3
000003324,3
000003330,3
000003336,3
000003342,3
000003348,3
000003354,3
000003360,3
000003366,3
000003372,3
000003378,3
000003384,3
000003390,3
000003396,3
000003402,3
000003408,3
000003414,3
000003420,3
000003426,3
000003432,3
000003438,3
000003444,3
000003450,3
000003456,3
000003462,3
000003468,3
000003474,3
000003480,3
000003486,3
000003492,3
000003498,3
000003504,3
000003510,3
000003516,3
000003522,3
000003528,3
000003534,3
000003540,3
000003546,3
000003552,3
000003558,3
000003564,3
000003570,3
000003576,3
000003582,3
000003588,3
000003594,3
000003600,3
000003606,3
000003612,3
000003618,3
000003624,3
000003630,3
000003636,3
000003642,3
000003648,3
000003654,3
000003660,3
000003666,3
000003672,3
000003678,3
000003684,3
000003690,3
000003696,3
000003702,3
000003708,3
000003714,3
000003720,3
000003726,3
000003732,3
000003738,3
000003744,3
000003750,3
000003756,3
000003762,3
000003768,3
000003774,3
000003780,3
000003786,3
000003792,3
000003798,3
000003804,3
000003810,3
000003816,3
000003822,3
000003828,3
000003834,3
000003840,3
000003846,3
000003852,4
000003858,4
000003864,4
000003870,4
000003876,4
000003882,4
000003888,4
000003894,4
000003900,4
000003906,4
000003912,4
000003918,4
000003924,4
000003930,4
000003936,4
000003942,4
000003948,4
000003954,4
000003960,4
000003966,4
000003972,4
000003978,4
000003984,4
000003990,4
000003996,4
000004002,4
000004008,4
000004014,4
000004020,4
000004026,4
000004032,4
000004038,4
000004044,4
000004050,4
000004056,4
000004062,4
000004068,4
000004074,4
000004080,4
000004086,4
000004092,4
000004098,2
000004104,2
000004110,2
000004116,2
000004122,2
000004128,2
000004134,2
000004140,2
000004146,2
000004152,2
000004158,2
000004164,2
000004170,2
000004176,2
000004182,2
000004188,2
000004194,2
000004200,2
000004206,2
000004212,2
000004218,2
000004224,2
000004230,2
000004236,2
000004242,2
000004248,2
000004254,2
000004260,2
000004266,2
000004272,2
000004278,2
000004284,2
000004290,2
000004296,2
000004302,2
000004308,2
000004314,2
000004320,2
000004326,2
000004332,2
000004338,2
000004344,2
000004350,2
000004356,2
000004362,2
000004368,2
000004374,2
000004380,2
000004386,2
000004392,2
000004398,2
000004404,2
000004410,2
000004416,2
000004422,2
000004428,2
000004434,3
000004440,3
000004446,3
000004452,3
000004458,3
000004464,3
000004470,3
000004476,3
000004482,3
000004488,3
000004494,3
000004500,3
000004506,3
000004512,3
000004518,3
000004524,3
000004530,3
000004536,3
000004542,3
000004548,3
000004554,3
000004560,3
000004566,3
000004572,3
000004578,3
000004584,3
000004590,3
000004596,3
000004602,3
000004608,3
000004614,3
000004620,3
000004626,3
000004632,3
000004638,3
000004644,3
000004650,3
000004656,3
000004662,3
000004668,3
000004674,3
000004680,3
000004686,3
000004692,3
000004698,3
000004704,3
000004710,3
000004716,3
000004722,3
000004728,3
000004734,3
000004740,3
000004746,3
000004752,3
000004758,3
000004764,3
000004770,3
000004776,3
000004782,4
000004788,4
000004794,4
000004800,4
000004806,4
000004812,4
000004818,4
000004824,4
000004830,4
000004836,4
000004842,4
000004848,4
000004854,4
000004860,4
000004866,4
000004872,4
000004878,4
000004884,4
000004890,4
000004896,4
000004902,4
000004908,4
000004914,4
000004920,4
000004926,4
000004932,4
000004938,4
000004944,4
000004950,4
000004956,4
000004962,4
000004968,4
000004974,4
000004980,4
000004986,4
000004992,4
000004998,4
000005004,4
000005010,4
000005016,4
000005022,4
000005028,4
000005034,4
000005040,4
000005046,4
000005052,2
000005058,2
000005064,2
000005070,2
000005076,2
000005082,2
000005088,2
000005094,2
000005100,2
000005106,2
000005112,2
000005118,2
000005124,2
000005130,2
000005136,2
000005142,2
000005148,2
000005154,2
000005160,2
000005166,2
000005172,2
000005178,2
000005184,2
000005190,2
000005196,2
000005202,2
000005208,2
000005214,2
000005220,2
000005226,2
000005232,2
000005238,2
000005244,2
000005250,2
000005256,2
000005262,2
000005268,2
000005274,2
000005280,2
000005286,2
000005292,2
000005298,2
000005304,2
000005310,2
000005316,2
000005322,2
000005328,2
000005334,2
000005340,2
000005346,2
000005352,2
000005358,2
000005364,2
000005370,2
000005376,2
000005382,2
000005388,2
000005394,2
000005400,2
000005406,2
000005412,2
000005418,2
000005424,2
000005430,2
000005436,2
000005442,2
000005448,2
000005454,2
000005460,2
000005466,2
000005472,2
000005478,2
000005484,2
000005490,2
000005496,2
000005502,2
000005508,2
000005514,2
000005520,2
000005526,2
000005532,2
000005538,2
000005544,2
000005550,3
000005556,3
000005562,3
000005568,3
000005574,3
000005580,3
000005586,3
000005592,3
000005598,3
000005604,3
000005610,3
000005616,3
000005622,3
000005628,3
000005634,3
000005640,3
000005646,3
000005652,3
000005658,3
000005664,3
000005670,3
000005676,3
000005682,3
000005688,3
000005694,3
000005700,3
000005706,3
000005712,3
000005718,3
000005724,3
000005730,3
000005736,3
000005742,3
000005748,3
000005754,3
000005760,3
000005766,3
000005772,3
000005778,3
000005784,3
000005790,3
000005796,3
000005802,3
000005808,3
000005814,3
000005820,3
000005826,3
000005832,3
000005838,3
000005844,3
000005850,3
000005856,3
000005862,3
000005868,3
000005874,3
000005880,3
000005886,3
000005892,3
000005898,3
000005904,3
000005910,3
000005916,4
000005922,4
000005928,4
000005934,4
000005940,4
000005946,4
000005952,4
000005958,4
000005964,4
000005970,4
000005976,4
000005982,4
000005988,4
000005994,4
000006000,4
000006006,4
000006012,4
000006018,4
000006024,4
000006030,4
000006036,4
000006042,4
000006048,4
000006054,4
000006060,4
000006066,4
000006072,4
000006078,4
000006084,4
000006090,4
000006096,4
000006102,4
000006108,4
000006114,4
000006120,4
000006126,4
000006132,2
000006138,2
000006144,2
000006150,2
000006156,2
000006162,2
000006168,2
000006174,2
000006180,2
000006186,2
000006192,2
000006198,2
000006204,2
000006210,2
000006216,2
000006222,2
000006228,1
000006234,1
000006240,1
000006246,1
000006252,1
000006258,1
000006264,1
000006270,1
000006276,1
000006282,1
000006288,1
000006294,1
000006300,1
000006306,1
000006312,1
000006318,1
000006324,1
000006330,1
000006336,1
000006342,1
000006348,1
000006354,1
000006360,1
000006366,1
000006372,1
000006378,1
000006384,1
000006390,1
000006396,1
000006402,1
000006408,2
000006414,2
000006420,2
000006426,2
000006432,2
000006438,2
000006444,2
000006450,2
000006456,2
000006462,2
000006468,2
000006474,2
000006480,2
000006486,2
000006492,2
000006498,2
000006504,2
000006510,2
000006516,2
000006522,2
000006528,2
000006534,2
000006540,2
000006546,2
000006552,2
000006558,2
000006564,2
000006570,2
000006576,2
000006582,2
000006588,2
000006594,2
000006600,2
000006606,2
000006612,2
000006618,2
000006624,2
000006630,2
000006636,2
000006642,2
000006648,2
000006654,2
000006660,2
000006666,2
000006672,2
000006678,2
000006684,2
000006690,2
000006696,2
000006702,2
000006708,2
000006714,2
000006720,2
000006726,2
000006732,2
000006738,2
000006744,2
000006750,2
000006756,2
000006762,2
000006768,2
000006774,2
000006780,2
000006786,2
000006792,2
000006798,2
000006804,2
000006810,2
000006816,3
000006822,3
000006828,3
000006834,3
000006840,3
000006846,3
000006852,3
000006858,3
000006864,3
000006870,3
000006876,3
000006882,3
000006888,3
000006894,3
000006900,3
000006906,3
000006912,3
000006918,3
000006924,3
000006930,3
000006936,3
000006942,3
000006948,3
000006954,3
000006960,3
000006966,3
000006972,3
000006978,3
000006984,3
000006990,3
000006996,3
000007002,3
000007008,3
000007014,3
000007020,3
000007026,3
000007032,3
000007038,3
000007044,3
000007050,3
000007056,3
000007062,3
000007068,3
000007074,3
000007080,3
000007086,3
000007092,3
000007098,3
000007104,3
000007110,3
000007116,3
000007122,3
000007128,3
000007134,3
000007140,3
000007146,4
000007152,4
000007158,4
000007164,4
000007170,4
000007176,4
000007182,4
000007188,4
000007194,4
000007200,4
000007206,4
000007212,4
000007218,4
000007224,4
000007230,4
000007236,4
000007242,4
000007248,4
000007254,4
000007260,4
000007266,4
000007272,4
000007278,4
000007284,4
000007290,4
000007296,4
000007302,4
000007308,4
000007314,4
000007320,4
000007326,4
000007332,4
000007338,4
000007344,4
000007350,4
000007356,4
000007362,4
000007368,1
000007374,1
000007380,1
000007386,1
000007392,1
000007398,1
000007404,1
000007410,1
000007416,1
000007422,1
000007428,1
000007434,1
000007440,1
000007446,1
000007452,1
000007458,1
000007464,1
000007470,1
000007476,1
000007482,1
000007488,1
000007494,1
000007500,1
000007506,1
000007512,1
000007518,1
000007524,1
000007530,1
000007536,2
000007542,2
000007548,2
000007554,2
000007560,2
000007566,2
000007572,2
000007578,2
000007584,2
000007590,2
000007596,2
000007602,2
000007608,2
000007614,2
000007620,2
000007626,2
000007632,2
000007638,2
000007644,2
000007650,2
000007656,2
000007662,2
000007668,2
000007674,2
000007680,2
000007686,2
000007692,2
000007698,2
000007704,2
000007710,2
000007716,2
000007722,2
000007728,2
000007734,2
000007740,2
000007746,2
000007752,2
000007758,2
000007764,2
000007770,2
000007776,2
000007782,2
000007788,2
000007794,2
000007800,2
000007806,2
000007812,3
000007818,3
000007824,3
000007830,3
000007836,3
000007842,3
000007848,3
000007854,3
000007860,3
000007866,3
000007872,3
000007878,3
000007884,3
000007890,3
000007896,3
000007902,3
000007908,3
000007914,3
000007920,3
000007926,3
000007932,3
000007938,3
000007944,3
000007950,3
000007956,3
000007962,3
000007968,3
000007974,3
000007980,3
000007986,3
000007992,3
000007998,3
000008004,3
000008010,3
000008016,3
000008022,3
000008028,3
000008034,3
000008040,3
000008046,3
000008052,3
000008058,3
000008064,3
000008070,3
000008076,3
000008082,3
000008088,3
000008094,3
000008100,3
000008106,3
000008112,3
000008118,3
000008124,3
000008130,3
000008136,3
000008142,4
000008148,4
000008154,4
000008160,4
000008166,4
000008172,4
000008178,4
000008184,4
000008190,4
000008196,4
000008202,4
000008208,4
000008214,4
000008220,4
000008226,4
000008232,4
000008238,4
000008244,4
000008250,4
000008256,4
000008262,4
000008268,4
000008274,4
000008280,4
000008286,4
000008292,4
000008298,4
000008304,4
000008310,4
000008316,4
000008322,4
000008328,4
000008334,4
000008340,4
000008346,4
000008352,2
000008358,2
000008364,2
000008370,2
000008376,2
000008382,2
000008388,2
000008394,2
000008400,2
000008406,2
000008412,2
000008418,2
000008424,2
000008430,2
000008436,2
000008442,2
000008448,2
000008454,2
000008460,2
000008466,2
000008472,2
000008478,2
000008484,2
000008490,2
000008496,2
000008502,2
000008508,2
000008514,2
000008520,2
000008526,2
000008532,2
000008538,2
000008544,2
000008550,2
000008556,2
000008562,3
000008568,3
000008574,3
000008580,3
000008586,3
000008592,3
000008598,3
000008604,3
000008610,3
000008616,3
000008622,3
000008628,3
000008634,3
000008640,3
000008646,3
000008652,3
000008658,3
000008664,3
000008670,3
000008676,3
000008682,3
000008688,3
000008694,3
000008700,3
000008706,3
000008712,3
000008718,3
000008724,3
000008730,3
000008736,3
000008742,3
000008748,3
000008754,3
000008760,3
000008766,3
000008772,3
000008778,3
000008784,3
000008790,3
000008796,3
000008802,3
000008808,4
000008814,4
000008820,4
000008826,4
000008832,4
000008838,4
000008844,4
000008850,4
000008856,4
000008862,4
000008868,4
000008874,4
000008880,4
000008886,4
000008892,4
000008898,4
000008904,4
000008910,4
000008916,4
000008922,4
000008928,4
000008934,4
000008940,4
000008946,4
000008952,4
000008958,4
000008964,4
000008970,4
000008976,4
000008982,4
000008988,7
000008994,7
000009000,7
000009006,7
000009012,7
000009018,7
000009024,7
000009030,7
000009036,7
000009042,7
000009048,7
000009054,7
000009060,7
000009066,7
000009072,7
000009078,7
000009084,7
000009090,7
000009096,7
000009102,7
000009108,7
000009114,7
000009120,7
000009126,7
000009132,7
000009138,7
000009144,7
000009150,7
000009156,7
000009162,7
000009168,7
000009174,7
000009180,7
000009186,7
000009192,7
000009198,7
000009204,7
000009210,7
000009216,7
000009222,7
000009228,7
000009234,7
000009240,7
000009246,7
000009252,7
000009258,7
000009264,7
000009270,7
000009276,7
000009282,7
000009288,7
000009294,7
000009300,7
000009306,7
000009312,7
000009318,7
000009324,7
000009330,7
000009336,7
000009342,7
000009348,7
000009354,7
000009360,7
000009366,7
000009372,7
000009378,7
000009384,7
000009390,0
000009396,0
000009402,0
000009408,0
000009414,0
000009420,0
000009426,0
000009432,0
