000000000,0
000000006,0
000000012,0
000000018,0
000000024,0
000000030,0
000000036,0
000000042,0
000000048,0
000000054,0
000000060,0
000000066,0
000000072,0
000000078,0
000000084,0
000000090,0
000000096,0
000000102,0
000000108,0
000000114,0
000000120,0
000000126,0
000000132,0
000000138,0
000000144,0
000000150,0
000000156,0
000000162,0
000000168,0
000000174,0
000000180,0
000000186,0
000000192,0
000000198,0
000000204,0
000000210,0
000000216,0
000000222,0
000000228,0
000000234,0
000000240,0
000000246,0
000000252,0
000000258,0
000000264,0
000000270,0
000000276,0
000000282,0
000000288,0
000000294,0
000000300,0
000000306,0
000000312,0
000000318,0
000000324,0
000000330,0
000000336,0
000000342,0
000000348,0
000000354,0
000000360,0
000000366,0
000000372,0
000000378,0
000000384,0
000000390,0
000000396,0
000000402,0
000000408,0
000000414,0
000000420,0
000000426,0
000000432,0
000000438,0
000000444,0
000000450,0
000000456,0
000000462,0
000000468,0
000000474,0
000000480,0
000000486,0
000000492,0
000000498,0
000000504,0
000000510,0
000000516,0
000000522,0
000000528,0
000000534,0
000000540,0
000000546,0
000000552,0
000000558,0
000000564,0
000000570,0
000000576,0
000000582,0
000000588,0
000000594,0
000000600,0
000000606,0
000000612,0
000000618,0
000000624,0
000000630,0
000000636,0
000000642,0
000000648,0
000000654,0
000000660,0
000000666,0
000000672,0
000000678,0
000000684,0
000000690,0
000000696,0
000000702,0
000000708,0
000000714,0
000000720,0
000000726,0
000000732,0
000000738,0
000000744,0
000000750,0
000000756,0
000000762,0
000000768,0
000000774,0
000000780,0
000000786,0
000000792,0
000000798,0
000000804,0
000000810,0
000000816,0
000000822,0
000000828,0
000000834,0
000000840,0
000000846,0
000000852,0
000000858,0
000000864,0
000000870,0
000000876,0
000000882,0
000000888,0
000000894,0
000000900,0
000000906,0
000000912,0
000000918,0
000000924,0
000000930,0
000000936,0
000000942,0
000000948,0
000000954,0
000000960,0
000000966,0
000000972,0
000000978,0
000000984,0
000000990,0
000000996,0
000001002,0
000001008,0
000001014,0
000001020,0
000001026,0
000001032,0
000001038,0
000001044,0
000001050,0
000001056,0
000001062,0
000001068,0
000001074,0
000001080,0
000001086,0
000001092,0
000001098,0
000001104,0
000001110,0
000001116,0
000001122,0
000001128,0
000001134,0
000001140,0
000001146,0
000001152,0
000001158,0
000001164,0
000001170,0
000001176,0
000001182,0
000001188,0
000001194,0
000001200,0
000001206,0
000001212,0
000001218,0
000001224,0
000001230,0
000001236,0
000001242,0
000001248,0
000001254,0
000001260,0
000001266,0
000001272,0
000001278,0
000001284,0
000001290,0
000001296,0
000001302,0
000001308,0
000001314,0
000001320,0
000001326,0
000001332,0
000001338,0
000001344,0
000001350,0
000001356,0
000001362,0
000001368,0
000001374,0
000001380,0
000001386,0
000001392,0
000001398,0
000001404,0
000001410,0
000001416,0
000001422,0
000001428,0
000001434,0
000001440,0
000001446,0
000001452,0
000001458,0
000001464,0
000001470,0
000001476,0
000001482,0
000001488,0
000001494,0
000001500,0
000001506,0
000001512,0
000001518,0
000001524,0
000001530,0
000001536,0
000001542,0
000001548,0
000001554,0
000001560,0
000001566,0
000001572,0
000001578,0
000001584,0
000001590,0
000001596,0
000001602,0
000001608,0
000001614,0
000001620,0
000001626,0
000001632,0
000001638,0
000001644,0
000001650,0
000001656,0
000001662,0
000001668,0
000001674,0
000001680,0
000001686,0
000001692,0
000001698,0
000001704,0
000001710,0
000001716,0
000001722,0
000001728,0
000001734,0
000001740,0
000001746,0
000001752,0
000001758,0
000001764,0
000001770,0
000001776,0
000001782,0
000001788,0
000001794,0
000001800,0
000001806,0
000001812,0
000001818,0
000001824,0
000001830,0
000001836,0
000001842,0
000001848,0
000001854,0
000001860,0
000001866,0
000001872,0
000001878,0
000001884,0
000001890,0
000001896,0
000001902,0
000001908,1
000001914,1
000001920,1
000001926,1
000001932,1
000001938,1
000001944,1
000001950,1
000001956,1
000001962,1
000001968,1
000001974,1
000001980,1
000001986,1
000001992,1
000001998,1
000002004,1
000002010,1
000002016,1
000002022,1
000002028,1
000002034,1
000002040,1
000002046,1
000002052,1
000002058,1
000002064,1
000002070,1
000002076,2
000002082,2
000002088,2
000002094,2
000002100,2
000002106,2
000002112,2
000002118,2
000002124,2
000002130,2
000002136,2
000002142,2
000002148,2
000002154,2
000002160,2
000002166,2
000002172,2
000002178,2
000002184,2
000002190,2
000002196,2
000002202,2
000002208,2
000002214,2
000002220,2
000002226,2
000002232,2
000002238,2
000002244,2
000002250,2
000002256,2
000002262,2
000002268,2
000002274,2
000002280,2
000002286,2
000002292,2
000002298,2
000002304,2
000002310,2
000002316,2
000002322,2
000002328,2
000002334,2
000002340,2
000002346,2
000002352,2
000002358,2
000002364,2
000002370,2
000002376,2
000002382,2
000002388,2
000002394,2
000002400,2
000002406,2
000002412,2
000002418,2
000002424,2
000002430,2
000002436,2
000002442,2
000002448,2
000002454,2
000002460,2
000002466,2
000002472,2
000002478,2
000002484,2
000002490,2
000002496,2
000002502,2
000002508,2
000002514,2
000002520,2
000002526,2
000002532,2
000002538,2
000002544,2
000002550,2
000002556,2
000002562,2
000002568,2
000002574,2
000002580,2
000002586,2
000002592,2
000002598,2
000002604,2
000002610,2
000002616,2
000002622,2
000002628,2
000002634,2
000002640,2
000002646,2
000002652,2
000002658,2
000002664,2
000002670,2
000002676,2
000002682,2
000002688,2
000002694,2
000002700,2
000002706,2
000002712,2
000002718,2
000002724,2
000002730,2
000002736,2
000002742,2
000002748,2
000002754,2
000002760,2
000002766,2
000002772,2
000002778,2
000002784,2
000002790,2
000002796,2
000002802,2
000002808,2
000002814,2
000002820,2
000002826,2
000002832,3
000002838,3
000002844,3
000002850,3
000002856,3
000002862,3
000002868,3
000002874,3
000002880,3
000002886,3
000002892,3
000002898,3
000002904,3
000002910,3
000002916,3
000002922,3
000002928,3
000002934,3
000002940,3
000002946,3
000002952,3
000002958,3
000002964,3
000002970,3
000002976,3
000002982,3
000002988,3
000002994,3
000003000,3
000003006,3
000003012,3
000003018,3
000003024,3
000003030,3
000003036,3
000003042,3
000003048,3
000003054,3
000003060,3
000003066,3
000003072,3
000003078,3
000003084,3
000003090,3
000003096,3
000003102,3
000003108,3
000003114,3
000003120,3
000003126,3
000003132,3
000003138,3
000003144,3
000003150,3
000003156,3
000003162,3
000003168,3
000003174,3
000003180,3
000003186,3
000003192,3
000003198,3
000003204,3
000003210,3
000003216,4
000003222,4
000003228,4
000003234,4
000003240,4
000003246,4
000003252,4
000003258,4
000003264,4
000003270,4
000003276,4
000003282,4
000003288,4
000003294,4
000003300,4
000003306,4
000003312,4
000003318,4
000003324,4
000003330,4
000003336,4
000003342,4
000003348,4
000003354,4
000003360,4
000003366,4
000003372,4
000003378,4
000003384,4
000003390,4
000003396,4
000003402,4
000003408,4
000003414,4
000003420,4
000003426,4
000003432,4
000003438,4
000003444,4
000003450,4
000003456,4
000003462,4
000003468,4
000003474,4
000003480,4
000003486,4
000003492,4
000003498,4
000003504,4
000003510,4
000003516,4
000003522,4
000003528,4
000003534,4
000003540,4
000003546,4
000003552,4
000003558,4
000003564,4
000003570,4
000003576,4
000003582,4
000003588,4
000003594,4
000003600,4
000003606,4
000003612,4
000003618,4
000003624,4
000003630,4
000003636,4
000003642,4
000003648,4
000003654,4
000003660,4
000003666,4
000003672,4
000003678,4
000003684,4
000003690,4
000003696,4
000003702,4
000003708,4
000003714,4
000003720,4
000003726,4
000003732,4
000003738,4
000003744,4
000003750,4
000003756,4
000003762,4
000003768,4
000003774,4
000003780,4
000003786,4
000003792,4
000003798,4
000003804,4
000003810,4
000003816,4
000003822,4
000003828,4
000003834,4
000003840,2
000003846,2
000003852,2
000003858,2
000003864,2
000003870,2
000003876,2
000003882,2
000003888,2
000003894,2
000003900,2
000003906,2
000003912,2
000003918,2
000003924,2
000003930,2
000003936,2
000003942,2
000003948,2
000003954,2
000003960,3
000003966,3
000003972,3
000003978,3
000003984,3
000003990,3
000003996,3
000004002,3
000004008,3
000004014,3
000004020,3
000004026,3
000004032,3
000004038,3
000004044,3
000004050,3
000004056,3
000004062,3
000004068,3
000004074,3
000004080,3
000004086,3
000004092,3
000004098,3
000004104,3
000004110,3
000004116,3
000004122,3
000004128,3
000004134,3
000004140,3
000004146,3
000004152,3
000004158,3
000004164,3
000004170,3
000004176,3
000004182,3
000004188,3
000004194,3
000004200,3
000004206,3
000004212,3
000004218,3
000004224,3
000004230,3
000004236,3
000004242,3
000004248,3
000004254,3
000004260,4
000004266,4
000004272,4
000004278,4
000004284,4
000004290,4
000004296,4
000004302,4
000004308,4
000004314,4
000004320,4
000004326,4
000004332,4
000004338,4
000004344,4
000004350,4
000004356,4
000004362,4
000004368,4
000004374,4
000004380,4
000004386,4
000004392,4
000004398,4
000004404,4
000004410,4
000004416,4
000004422,4
000004428,4
000004434,4
000004440,4
000004446,4
000004452,4
000004458,4
000004464,4
000004470,4
000004476,4
000004482,4
000004488,4
000004494,4
000004500,4
000004506,4
000004512,4
000004518,4
000004524,4
000004530,4
000004536,4
000004542,4
000004548,4
000004554,4
000004560,4
000004566,4
000004572,4
000004578,4
000004584,4
000004590,4
000004596,4
000004602,4
000004608,4
000004614,4
000004620,4
000004626,4
000004632,4
000004638,4
000004644,4
000004650,4
000004656,4
000004662,4
000004668,4
000004674,2
000004680,2
000004686,2
000004692,2
000004698,2
000004704,2
000004710,2
000004716,2
000004722,2
000004728,2
000004734,2
000004740,2
000004746,2
000004752,2
000004758,2
000004764,2
000004770,2
000004776,2
000004782,2
000004788,2
000004794,2
000004800,2
000004806,2
000004812,2
000004818,2
000004824,2
000004830,2
000004836,2
000004842,2
000004848,2
000004854,2
000004860,2
000004866,2
000004872,2
000004878,2
000004884,2
000004890,2
000004896,2
000004902,2
000004908,2
000004914,2
000004920,2
000004926,2
000004932,2
000004938,2
000004944,2
000004950,2
000004956,2
000004962,2
000004968,2
000004974,2
000004980,2
000004986,2
000004992,2
000004998,2
000005004,2
000005010,2
000005016,2
000005022,2
000005028,2
000005034,2
000005040,2
000005046,2
000005052,2
000005058,2
000005064,2
000005070,2
000005076,2
000005082,3
000005088,3
000005094,3
000005100,3
000005106,3
000005112,3
000005118,3
000005124,3
000005130,3
000005136,3
000005142,3
000005148,3
000005154,3
000005160,3
000005166,3
000005172,3
000005178,3
000005184,3
000005190,3
000005196,3
000005202,3
000005208,3
000005214,3
000005220,3
000005226,3
000005232,3
000005238,3
000005244,3
000005250,3
000005256,3
000005262,3
000005268,3
000005274,3
000005280,3
000005286,3
000005292,3
000005298,3
000005304,3
000005310,3
000005316,3
000005322,3
000005328,3
000005334,3
000005340,3
000005346,3
000005352,3
000005358,3
000005364,3
000005370,3
000005376,3
000005382,3
000005388,3
000005394,4
000005400,4
000005406,4
000005412,4
000005418,4
000005424,4
000005430,4
000005436,4
000005442,4
000005448,4
000005454,4
000005460,4
000005466,4
000005472,4
000005478,4
000005484,4
000005490,4
000005496,4
000005502,4
000005508,4
000005514,4
000005520,4
000005526,4
000005532,4
000005538,4
000005544,4
000005550,4
000005556,4
000005562,4
000005568,4
000005574,4
000005580,4
000005586,4
000005592,4
000005598,4
000005604,4
000005610,4
000005616,4
000005622,4
000005628,4
000005634,4
000005640,4
000005646,4
000005652,4
000005658,4
000005664,4
000005670,4
000005676,4
000005682,4
000005688,4
000005694,4
000005700,4
000005706,4
000005712,4
000005718,4
000005724,4
000005730,4
000005736,4
000005742,4
000005748,4
000005754,4
000005760,4
000005766,4
000005772,4
000005778,4
000005784,4
000005790,4
000005796,4
000005802,4
000005808,4
000005814,4
000005820,4
000005826,4
000005832,4
000005838,4
000005844,4
000005850,4
000005856,4
000005862,4
000005868,4
000005874,4
000005880,4
000005886,4
000005892,4
000005898,4
000005904,4
000005910,4
000005916,4
000005922,4
000005928,4
000005934,4
000005940,4
000005946,4
000005952,4
000005958,4
000005964,4
000005970,4
000005976,4
000005982,4
000005988,4
000005994,4
000006000,4
000006006,4
000006012,4
000006018,4
000006024,4
000006030,4
000006036,4
000006042,4
000006048,4
000006054,4
000006060,4
000006066,4
000006072,4
000006078,4
000006084,4
000006090,4
000006096,4
000006102,4
000006108,4
000006114,4
000006120,4
000006126,4
000006132,4
000006138,4
000006144,4
000006150,4
000006156,4
000006162,4
000006168,4
000006174,4
000006180,4
000006186,4
000006192,4
000006198,4
000006204,4
000006210,4
000006216,4
000006222,4
000006228,4
000006234,4
000006240,4
000006246,4
000006252,4
000006258,4
000006264,4
000006270,4
000006276,4
000006282,4
000006288,4
000006294,4
000006300,4
000006306,4
000006312,4
000006318,4
000006324,4
000006330,4
000006336,4
000006342,4
000006348,4
000006354,4
000006360,4
000006366,4
000006372,4
000006378,4
000006384,4
000006390,4
000006396,4
000006402,4
000006408,4
000006414,4
000006420,4
000006426,4
000006432,4
000006438,4
000006444,4
000006450,2
000006456,2
000006462,2
000006468,2
000006474,2
000006480,2
000006486,2
000006492,2
000006498,2
000006504,2
000006510,2
000006516,2
000006522,2
000006528,2
000006534,2
000006540,2
000006546,2
000006552,2
000006558,2
000006564,2
000006570,2
000006576,2
000006582,2
000006588,2
000006594,2
000006600,2
000006606,2
000006612,2
000006618,2
000006624,2
000006630,2
000006636,2
000006642,2
000006648,2
000006654,2
000006660,2
000006666,2
000006672,2
000006678,2
000006684,2
000006690,3
000006696,3
000006702,3
000006708,3
000006714,3
000006720,3
000006726,3
000006732,3
000006738,3
000006744,3
000006750,3
000006756,3
000006762,3
000006768,3
000006774,3
000006780,3
000006786,3
000006792,3
000006798,3
000006804,3
000006810,3
000006816,3
000006822,3
000006828,3
000006834,3
000006840,3
000006846,3
000006852,3
000006858,3
000006864,3
000006870,3
000006876,3
000006882,3
000006888,3
000006894,3
000006900,3
000006906,3
000006912,3
000006918,3
000006924,3
000006930,3
000006936,3
000006942,3
000006948,3
000006954,3
000006960,3
000006966,3
000006972,3
000006978,3
000006984,3
000006990,3
000006996,3
000007002,3
000007008,3
000007014,3
000007020,3
000007026,3
000007032,3
000007038,3
000007044,3
000007050,3
000007056,3
000007062,3
000007068,3
000007074,3
000007080,3
000007086,3
000007092,3
000007098,3
000007104,3
000007110,3
000007116,3
000007122,3
000007128,4
000007134,4
000007140,4
000007146,4
000007152,4
000007158,4
000007164,4
000007170,4
000007176,4
000007182,4
000007188,4
000007194,4
000007200,4
000007206,4
000007212,4
000007218,4
000007224,4
000007230,4
000007236,4
000007242,4
000007248,4
000007254,4
000007260,4
000007266,4
000007272,4
000007278,4
000007284,4
000007290,4
000007296,4
000007302,4
000007308,4
000007314,4
000007320,4
000007326,4
000007332,4
000007338,4
000007344,4
000007350,4
000007356,4
000007362,4
000007368,4
000007374,4
000007380,4
000007386,4
000007392,4
000007398,4
000007404,4
000007410,4
000007416,4
000007422,4
000007428,4
000007434,4
000007440,4
000007446,4
000007452,4
000007458,4
000007464,4
000007470,4
000007476,4
000007482,4
000007488,4
000007494,4
000007500,4
000007506,4
000007512,4
000007518,4
000007524,4
000007530,4
000007536,4
000007542,4
000007548,4
000007554,4
000007560,4
000007566,4
000007572,4
000007578,4
000007584,4
000007590,4
000007596,4
000007602,4
000007608,4
000007614,4
000007620,4
000007626,4
000007632,4
000007638,4
000007644,4
000007650,4
000007656,4
000007662,4
000007668,4
000007674,4
000007680,4
000007686,4
000007692,4
000007698,4
000007704,4
000007710,4
000007716,4
000007722,4
000007728,4
000007734,4
000007740,4
000007746,4
000007752,4
000007758,4
000007764,4
000007770,4
000007776,4
000007782,4
000007788,4
000007794,4
000007800,4
000007806,4
000007812,4
000007818,4
000007824,4
000007830,4
000007836,4
000007842,4
000007848,4
000007854,4
000007860,4
000007866,4
000007872,4
000007878,4
000007884,4
000007890,4
000007896,4
000007902,4
000007908,4
000007914,4
000007920,4
000007926,4
000007932,4
000007938,4
000007944,4
000007950,4
000007956,4
000007962,4
000007968,4
000007974,2
000007980,2
000007986,2
000007992,2
000007998,2
000008004,2
000008010,2
000008016,2
000008022,2
000008028,2
000008034,2
000008040,2
000008046,2
000008052,2
000008058,2
000008064,2
000008070,2
000008076,2
000008082,2
000008088,2
000008094,2
000008100,2
000008106,2
000008112,2
000008118,2
000008124,2
000008130,2
000008136,2
000008142,2
000008148,2
000008154,2
000008160,2
000008166,2
000008172,2
000008178,2
000008184,2
000008190,2
000008196,2
000008202,2
000008208,2
000008214,2
000008220,2
000008226,2
000008232,2
000008238,3
000008244,3
000008250,3
000008256,3
000008262,3
000008268,3
000008274,3
000008280,3
000008286,3
000008292,3
000008298,3
000008304,3
000008310,3
000008316,3
000008322,3
000008328,3
000008334,3
000008340,3
000008346,3
000008352,3
000008358,3
000008364,3
000008370,3
000008376,3
000008382,3
000008388,3
000008394,3
000008400,3
000008406,3
000008412,3
000008418,3
000008424,3
000008430,3
000008436,3
000008442,3
000008448,3
000008454,3
000008460,3
000008466,3
000008472,3
000008478,3
000008484,3
000008490,3
000008496,3
000008502,3
000008508,3
000008514,3
000008520,3
000008526,3
000008532,3
000008538,3
000008544,3
000008550,3
000008556,3
000008562,3
000008568,3
000008574,3
000008580,3
000008586,3
000008592,3
000008598,3
000008604,3
000008610,3
000008616,3
000008622,3
000008628,3
000008634,3
000008640,3
000008646,3
000008652,3
000008658,3
000008664,3
000008670,3
000008676,3
000008682,3
000008688,3
000008694,3
000008700,3
000008706,3
000008712,3
000008718,3
000008724,3
000008730,3
000008736,3
000008742,3
000008748,4
000008754,4
000008760,4
000008766,4
000008772,4
000008778,4
000008784,4
000008790,4
000008796,4
000008802,4
000008808,4
000008814,4
000008820,4
000008826,4
000008832,4
000008838,4
000008844,4
000008850,4
000008856,4
000008862,4
000008868,4
000008874,4
000008880,4
000008886,4
000008892,4
000008898,4
000008904,4
000008910,4
000008916,4
000008922,4
000008928,4
000008934,4
000008940,4
000008946,4
000008952,4
000008958,4
000008964,4
000008970,4
000008976,4
000008982,4
000008988,4
000008994,4
000009000,4
000009006,4
000009012,4
000009018,4
000009024,4
000009030,4
000009036,4
000009042,4
000009048,4
000009054,4
000009060,4
000009066,4
000009072,4
000009078,4
000009084,4
000009090,4
000009096,4
000009102,4
000009108,4
000009114,4
000009120,4
000009126,4
000009132,4
000009138,4
000009144,2
000009150,2
000009156,2
000009162,2
000009168,2
000009174,2
000009180,2
000009186,2
000009192,2
000009198,2
000009204,2
000009210,2
000009216,2
000009222,2
000009228,2
000009234,2
000009240,2
000009246,2
000009252,2
000009258,2
000009264,2
000009270,2
000009276,2
000009282,2
000009288,2
000009294,2
000009300,2
000009306,2
000009312,2
000009318,2
000009324,2
000009330,2
000009336,2
000009342,2
000009348,2
000009354,2
000009360,2
000009366,2
000009372,2
000009378,2
000009384,2
000009390,2
000009396,2
000009402,2
000009408,2
000009414,2
000009420,2
000009426,2
000009432,2
000009438,2
000009444,2
000009450,2
000009456,2
000009462,2
000009468,3
000009474,3
000009480,3
000009486,3
000009492,3
000009498,3
000009504,3
000009510,3
000009516,3
000009522,3
000009528,3
000009534,3
000009540,3
000009546,3
000009552,3
000009558,3
000009564,3
000009570,3
000009576,3
000009582,3
000009588,3
000009594,3
000009600,3
000009606,3
000009612,3
000009618,3
000009624,3
000009630,3
000009636,3
000009642,3
000009648,3
000009654,3
000009660,3
000009666,3
000009672,3
000009678,3
000009684,3
000009690,3
000009696,3
000009702,3
000009708,3
000009714,3
000009720,3
000009726,3
000009732,3
000009738,3
000009744,3
000009750,3
000009756,3
000009762,3
000009768,3
000009774,3
000009780,3
000009786,3
000009792,3
000009798,3
000009804,3
000009810,3
000009816,4
000009822,4
000009828,4
000009834,4
000009840,4
000009846,4
000009852,4
000009858,4
000009864,4
000009870,4
000009876,4
000009882,4
000009888,4
000009894,4
000009900,4
000009906,4
000009912,4
000009918,4
000009924,4
000009930,4
000009936,4
000009942,4
000009948,4
000009954,4
000009960,4
000009966,4
000009972,4
000009978,4
000009984,4
000009990,4
000009996,4
000010002,4
000010008,4
000010014,4
000010020,4
000010026,4
000010032,4
000010038,4
000010044,4
000010050,4
000010056,4
000010062,4
000010068,4
000010074,4
000010080,4
000010086,4
000010092,4
000010098,4
000010104,4
000010110,4
000010116,4
000010122,4
000010128,4
000010134,4
000010140,4
000010146,4
000010152,4
000010158,2
000010164,2
000010170,2
000010176,2
000010182,2
000010188,2
000010194,2
000010200,2
000010206,2
000010212,2
000010218,2
000010224,2
000010230,2
000010236,2
000010242,2
000010248,2
000010254,2
000010260,2
000010266,2
000010272,2
000010278,2
000010284,2
000010290,2
000010296,2
000010302,2
000010308,2
000010314,2
000010320,2
000010326,2
000010332,2
000010338,2
000010344,2
000010350,2
000010356,2
000010362,2
000010368,2
000010374,2
000010380,2
000010386,2
000010392,2
000010398,2
000010404,2
000010410,2
000010416,2
000010422,2
000010428,2
000010434,2
000010440,2
000010446,2
000010452,2
000010458,2
000010464,2
000010470,3
000010476,3
000010482,3
000010488,3
000010494,3
000010500,3
000010506,3
000010512,3
000010518,3
000010524,3
000010530,3
000010536,3
000010542,3
000010548,3
000010554,3
000010560,3
000010566,3
000010572,3
000010578,3
000010584,3
000010590,3
000010596,3
000010602,3
000010608,3
000010614,3
000010620,3
000010626,3
000010632,3
000010638,3
000010644,3
000010650,3
000010656,3
000010662,3
000010668,3
000010674,3
000010680,3
000010686,3
000010692,3
000010698,3
000010704,3
000010710,3
000010716,3
000010722,3
000010728,3
000010734,3
000010740,3
000010746,3
000010752,3
000010758,3
000010764,3
000010770,3
000010776,3
000010782,3
000010788,3
000010794,3
000010800,4
000010806,4
000010812,4
000010818,4
000010824,4
000010830,4
000010836,4
000010842,4
000010848,4
000010854,4
000010860,4
000010866,4
000010872,4
000010878,4
000010884,4
000010890,4
000010896,4
000010902,4
000010908,4
000010914,4
000010920,4
000010926,4
000010932,4
000010938,4
000010944,4
000010950,4
000010956,4
000010962,4
000010968,4
000010974,4
000010980,4
000010986,4
000010992,4
000010998,4
000011004,4
000011010,4
000011016,4
000011022,4
000011028,4
000011034,4
000011040,4
000011046,4
000011052,4
000011058,4
000011064,4
000011070,4
000011076,4
000011082,4
000011088,4
000011094,4
000011100,4
000011106,4
000011112,4
000011118,4
000011124,4
000011130,4
000011136,4
000011142,4
000011148,4
000011154,4
000011160,4
000011166,4
000011172,2
000011178,2
000011184,2
000011190,2
000011196,2
000011202,2
000011208,2
000011214,2
000011220,2
000011226,2
000011232,2
000011238,2
000011244,2
000011250,2
000011256,2
000011262,2
000011268,2
000011274,2
000011280,2
000011286,2
000011292,3
000011298,3
000011304,3
000011310,3
000011316,3
000011322,3
000011328,3
000011334,3
000011340,3
000011346,3
000011352,3
000011358,3
000011364,3
000011370,3
000011376,3
000011382,3
000011388,3
000011394,3
000011400,3
000011406,3
000011412,3
000011418,3
000011424,3
000011430,3
000011436,3
000011442,3
000011448,3
000011454,3
000011460,3
000011466,3
000011472,3
000011478,3
000011484,3
000011490,3
000011496,3
000011502,3
000011508,3
000011514,3
000011520,3
000011526,3
000011532,3
000011538,3
000011544,3
000011550,3
000011556,3
000011562,3
000011568,3
000011574,3
000011580,3
000011586,3
000011592,3
000011598,3
000011604,3
000011610,3
000011616,3
000011622,3
000011628,3
000011634,3
000011640,3
000011646,3
000011652,4
000011658,4
000011664,4
000011670,4
000011676,4
000011682,4
000011688,4
000011694,4
000011700,4
000011706,4
000011712,4
000011718,4
000011724,4
000011730,4
000011736,4
000011742,4
000011748,4
000011754,4
000011760,4
000011766,4
000011772,4
000011778,4
000011784,4
000011790,4
000011796,4
000011802,4
000011808,4
000011814,4
000011820,4
000011826,4
000011832,4
000011838,4
000011844,4
000011850,4
000011856,4
000011862,4
000011868,4
000011874,4
000011880,4
000011886,4
000011892,4
000011898,4
000011904,4
000011910,4
000011916,4
000011922,4
000011928,4
000011934,4
000011940,4
000011946,4
000011952,4
000011958,4
000011964,4
000011970,4
000011976,4
000011982,4
000011988,4
000011994,4
000012000,4
000012006,4
000012012,4
000012018,4
000012024,4
000012030,4
000012036,4
000012042,2
000012048,2
000012054,2
000012060,2
000012066,2
000012072,2
000012078,2
000012084,2
000012090,2
000012096,2
000012102,2
000012108,2
000012114,2
000012120,2
000012126,2
000012132,2
000012138,2
000012144,2
000012150,2
000012156,2
000012162,2
000012168,2
000012174,2
000012180,2
000012186,2
000012192,2
000012198,2
000012204,2
000012210,2
000012216,2
000012222,2
000012228,2
000012234,2
000012240,2
000012246,2
000012252,2
000012258,2
000012264,2
000012270,2
000012276,2
000012282,2
000012288,2
000012294,2
000012300,2
000012306,2
000012312,2
000012318,2
000012324,2
000012330,2
000012336,2
000012342,2
000012348,2
000012354,2
000012360,2
000012366,2
000012372,2
000012378,2
000012384,2
000012390,2
000012396,2
000012402,2
000012408,2
000012414,2
000012420,3
000012426,3
000012432,3
000012438,3
000012444,3
000012450,3
000012456,3
000012462,3
000012468,3
000012474,3
000012480,3
000012486,3
000012492,3
000012498,3
000012504,3
000012510,3
000012516,3
000012522,3
000012528,3
000012534,3
000012540,3
000012546,3
000012552,3
000012558,3
000012564,3
000012570,3
000012576,3
000012582,3
000012588,3
000012594,3
000012600,3
000012606,3
000012612,3
000012618,3
000012624,3
000012630,3
000012636,3
000012642,3
000012648,4
000012654,4
000012660,4
000012666,4
000012672,4
000012678,4
000012684,4
000012690,4
000012696,4
000012702,4
000012708,4
000012714,4
000012720,4
000012726,4
000012732,4
000012738,4
000012744,4
000012750,4
000012756,4
000012762,4
000012768,4
000012774,4
000012780,4
000012786,4
000012792,4
000012798,4
000012804,4
000012810,4
000012816,4
000012822,4
000012828,4
000012834,4
000012840,4
000012846,4
000012852,4
000012858,4
000012864,4
000012870,4
000012876,4
000012882,4
000012888,4
000012894,4
000012900,4
000012906,2
000012912,2
000012918,2
000012924,2
000012930,2
000012936,2
000012942,2
000012948,2
000012954,2
000012960,2
000012966,2
000012972,2
000012978,2
000012984,2
000012990,2
000012996,2
000013002,2
000013008,2
000013014,3
000013020,3
000013026,3
000013032,3
000013038,3
000013044,3
000013050,3
000013056,3
000013062,3
000013068,3
000013074,3
000013080,3
000013086,3
000013092,0
000013098,0
000013104,0
000013110,0
000013116,0
000013122,0
000013128,0
000013134,0
000013140,0
000013146,0
000013152,0
000013158,0
000013164,0
000013170,0
000013176,0
000013182,0
000013188,0
000013194,0
000013200,0
000013206,0
000013212,0
000013218,0
000013224,0
000013230,0
000013236,0
000013242,0
000013248,0
000013254,0
000013260,0
000013266,0
000013272,0
000013278,0
000013284,0
000013290,0
000013296,0
000013302,0
000013308,0
000013314,0
000013320,0
000013326,0
000013332,0
000013338,0
000013344,0
000013350,0
000013356,0
000013362,0
000013368,0
000013374,0
000013380,0
000013386,0
000013392,0
000013398,0
000013404,0
000013410,0
000013416,0
000013422,0
000013428,0
000013434,0
000013440,0
000013446,0
000013452,0
000013458,0
000013464,0
000013470,0
000013476,0
000013482,0
000013488,0
000013494,0
000013500,0
000013506,0
000013512,0
000013518,0
000013524,0
000013530,0
000013536,0
000013542,0
000013548,0
000013554,0
000013560,0
000013566,0
000013572,0
000013578,0
000013584,0
000013590,0
000013596,0
000013602,0
000013608,0
000013614,0
000013620,0
000013626,0
000013632,0
000013638,0
000013644,0
000013650,0
000013656,0
000013662,0
000013668,0
000013674,0
000013680,0
000013686,0
000013692,0
000013698,0
000013704,0
000013710,0
000013716,0
000013722,0
000013728,0
000013734,0
000013740,0
000013746,0
000013752,0
000013758,0
000013764,0
000013770,0
000013776,0
000013782,0
000013788,0
000013794,0
000013800,0
000013806,0
000013812,0
000013818,0
000013824,0
000013830,0
000013836,0
000013842,0
000013848,0
000013854,0
000013860,0
000013866,0
000013872,0
000013878,0
000013884,0
000013890,0
000013896,0
000013902,0
000013908,0
000013914,0
000013920,0
000013926,0
000013932,0
000013938,0
000013944,0
000013950,0
000013956,0
000013962,0
000013968,0
000013974,0
000013980,0
000013986,0
000013992,0
000013998,0
000014004,0
000014010,0
000014016,0
000014022,0
000014028,0
000014034,0
000014040,0
000014046,0
000014052,0
000014058,0
000014064,0
000014070,0
000014076,0
000014082,0
000014088,0
000014094,0
000014100,0
000014106,0
000014112,0
000014118,0
000014124,0
000014130,0
000014136,0
000014142,0
000014148,0
000014154,0
000014160,0
000014166,0
000014172,0
000014178,0
000014184,0
000014190,0
000014196,0
000014202,0
000014208,0
000014214,0
000014220,0
000014226,0
000014232,0
000014238,0
000014244,0
000014250,0
000014256,0
000014262,0
000014268,0
000014274,0
000014280,0
000014286,0
000014292,0
000014298,0
000014304,0
000014310,0
000014316,0
000014322,0
000014328,0
000014334,0
000014340,0
000014346,0
000014352,0
000014358,0
000014364,0
000014370,0
000014376,0
000014382,0
000014388,0
000014394,0
000014400,0
000014406,0
000014412,0
000014418,0
000014424,0
000014430,0
000014436,0
000014442,0
000014448,0
000014454,0
000014460,0
000014466,0
000014472,0
000014478,0
000014484,0
000014490,0
000014496,0
000014502,0
000014508,0
000014514,0
000014520,0
000014526,0
000014532,0
000014538,0
000014544,0
000014550,0
000014556,0
000014562,0
000014568,0
000014574,0
000014580,0
000014586,0
000014592,0
000014598,0
000014604,0
000014610,0
000014616,0
000014622,0
000014628,0
000014634,0
000014640,0
000014646,0
000014652,0
000014658,0
000014664,0
000014670,0
000014676,0
000014682,0
000014688,0
000014694,0
000014700,0
000014706,0
000014712,0
000014718,0
000014724,0
000014730,0
000014736,0
000014742,0
000014748,0
000014754,0
000014760,0
000014766,0
000014772,0
000014778,0
000014784,0
000014790,0
000014796,0
000014802,0
000014808,0
000014814,0
000014820,0
000014826,0
000014832,0
000014838,0
000014844,0
000014850,0
000014856,0
000014862,0
000014868,0
000014874,0
000014880,0
000014886,0
000014892,0
000014898,0
000014904,0
000014910,0
000014916,0
000014922,0
000014928,0
000014934,0
000014940,0
000014946,0
000014952,0
000014958,0
000014964,0
000014970,0
000014976,0
000014982,0
000014988,0
000014994,0
000015000,0
000015006,0
000015012,0
000015018,0
000015024,0
000015030,0
000015036,0
000015042,0
000015048,0
000015054,0
000015060,0
000015066,0
000015072,0
000015078,0
000015084,0
000015090,0
000015096,0
000015102,0
000015108,0
000015114,0
000015120,0
000015126,0
000015132,0
000015138,0
000015144,0
000015150,0
000015156,0
000015162,0
000015168,0
000015174,0
000015180,0
000015186,0
000015192,0
000015198,0
000015204,0
000015210,0
000015216,0
000015222,0
000015228,0
000015234,2
000015240,2
000015246,2
000015252,2
000015258,2
000015264,2
000015270,2
000015276,2
000015282,2
000015288,2
000015294,2
000015300,2
000015306,2
000015312,2
000015318,3
000015324,3
000015330,3
000015336,3
000015342,3
000015348,3
000015354,3
000015360,3
000015366,3
000015372,3
000015378,3
000015384,3
000015390,3
000015396,3
000015402,3
000015408,3
000015414,3
000015420,3
000015426,3
000015432,3
000015438,3
000015444,3
000015450,3
000015456,3
000015462,3
000015468,3
000015474,3
000015480,3
000015486,3
000015492,3
000015498,3
000015504,3
000015510,3
000015516,3
000015522,3
000015528,3
000015534,3
000015540,3
000015546,3
000015552,3
000015558,3
000015564,3
000015570,3
000015576,3
000015582,3
000015588,3
000015594,3
000015600,3
000015606,3
000015612,1
000015618,1
000015624,1
000015630,1
000015636,1
000015642,1
000015648,1
000015654,1
000015660,1
000015666,1
000015672,1
000015678,1
000015684,1
000015690,1
000015696,1
000015702,1
000015708,1
000015714,1
000015720,1
000015726,1
000015732,1
000015738,1
000015744,1
000015750,1
000015756,1
000015762,1
000015768,1
000015774,1
000015780,1
000015786,1
000015792,2
000015798,2
000015804,2
000015810,2
000015816,2
000015822,2
000015828,2
000015834,2
000015840,2
000015846,2
000015852,2
000015858,2
000015864,2
000015870,2
000015876,2
000015882,2
000015888,2
000015894,2
000015900,2
000015906,2
000015912,2
000015918,2
000015924,2
000015930,2
000015936,2
000015942,2
000015948,2
000015954,2
000015960,2
000015966,2
000015972,2
000015978,2
000015984,2
000015990,2
000015996,2
000016002,2
000016008,2
000016014,2
000016020,2
000016026,2
000016032,2
000016038,2
000016044,2
000016050,2
000016056,2
000016062,2
000016068,2
000016074,2
000016080,2
000016086,2
000016092,2
000016098,2
000016104,2
000016110,2
000016116,2
000016122,2
000016128,2
000016134,2
000016140,2
000016146,2
000016152,2
000016158,2
000016164,2
000016170,2
000016176,2
000016182,3
000016188,3
000016194,3
000016200,3
000016206,3
000016212,3
000016218,3
000016224,3
000016230,3
000016236,3
000016242,3
000016248,3
000016254,3
000016260,3
000016266,3
000016272,3
000016278,3
000016284,3
000016290,3
000016296,3
000016302,3
000016308,3
000016314,3
000016320,3
000016326,3
000016332,3
000016338,3
000016344,3
000016350,3
000016356,3
000016362,3
000016368,3
000016374,3
000016380,3
000016386,3
000016392,3
000016398,3
000016404,3
000016410,3
000016416,3
000016422,3
000016428,3
000016434,3
000016440,3
000016446,3
000016452,3
000016458,3
000016464,3
000016470,3
000016476,3
000016482,3
000016488,3
000016494,3
000016500,3
000016506,3
000016512,3
000016518,3
000016524,3
000016530,3
000016536,3
000016542,3
000016548,3
000016554,3
000016560,3
000016566,3
000016572,3
000016578,3
000016584,3
000016590,3
000016596,3
000016602,3
000016608,3
000016614,3
000016620,3
000016626,3
000016632,3
000016638,3
000016644,3
000016650,4
000016656,4
000016662,4
000016668,4
000016674,4
000016680,4
000016686,4
000016692,4
000016698,4
000016704,4
000016710,4
000016716,4
000016722,4
000016728,4
000016734,4
000016740,4
000016746,4
000016752,4
000016758,4
000016764,4
000016770,4
000016776,4
000016782,4
000016788,4
000016794,4
000016800,4
000016806,4
000016812,4
000016818,4
000016824,4
000016830,4
000016836,4
000016842,4
000016848,4
000016854,4
000016860,4
000016866,4
000016872,4
000016878,4
000016884,4
000016890,4
000016896,4
000016902,4
000016908,4
000016914,4
000016920,4
000016926,4
000016932,4
000016938,4
000016944,4
000016950,4
000016956,4
000016962,4
000016968,4
000016974,4
000016980,4
000016986,4
000016992,4
000016998,4
000017004,4
000017010,4
000017016,4
000017022,4
000017028,4
000017034,4
000017040,4
000017046,4
000017052,4
000017058,4
000017064,4
000017070,4
000017076,4
000017082,4
000017088,4
000017094,4
000017100,4
000017106,4
000017112,4
000017118,4
000017124,4
000017130,4
000017136,4
000017142,4
000017148,4
000017154,4
000017160,2
000017166,2
000017172,2
000017178,2
000017184,2
000017190,2
000017196,2
000017202,2
000017208,2
000017214,2
000017220,3
000017226,3
000017232,3
000017238,3
000017244,3
000017250,3
000017256,3
000017262,3
000017268,3
000017274,3
000017280,3
000017286,3
000017292,3
000017298,3
000017304,3
000017310,3
000017316,3
000017322,3
000017328,3
000017334,3
000017340,3
000017346,3
000017352,3
000017358,3
000017364,3
000017370,3
000017376,3
000017382,3
000017388,3
000017394,3
000017400,3
000017406,3
000017412,3
000017418,3
000017424,3
000017430,3
000017436,3
000017442,3
000017448,3
000017454,3
000017460,4
000017466,4
000017472,4
000017478,4
000017484,4
000017490,4
000017496,4
000017502,4
000017508,4
000017514,4
000017520,4
000017526,4
000017532,4
000017538,4
000017544,4
000017550,4
000017556,4
000017562,4
000017568,4
000017574,4
000017580,4
000017586,4
000017592,4
000017598,4
000017604,4
000017610,4
000017616,4
000017622,4
000017628,4
000017634,4
000017640,4
000017646,4
000017652,4
000017658,4
000017664,4
000017670,4
000017676,4
000017682,4
000017688,4
000017694,4
000017700,4
000017706,4
000017712,4
000017718,4
000017724,4
000017730,4
000017736,4
000017742,4
000017748,4
000017754,4
000017760,4
000017766,4
000017772,4
000017778,4
000017784,4
000017790,4
000017796,4
000017802,4
000017808,4
000017814,4
000017820,4
000017826,4
000017832,4
000017838,4
000017844,4
000017850,4
000017856,4
000017862,4
000017868,4
000017874,4
000017880,4
000017886,4
000017892,4
000017898,4
000017904,4
000017910,4
000017916,4
000017922,4
000017928,4
000017934,4
000017940,4
000017946,4
000017952,4
000017958,4
000017964,4
000017970,2
000017976,2
000017982,2
000017988,2
000017994,2
000018000,2
000018006,2
000018012,2
000018018,2
000018024,2
000018030,2
000018036,2
000018042,2
000018048,2
000018054,2
000018060,2
000018066,2
000018072,2
000018078,2
000018084,2
000018090,2
000018096,2
000018102,2
000018108,2
000018114,2
000018120,2
000018126,2
000018132,2
000018138,2
000018144,2
000018150,2
000018156,2
000018162,2
000018168,2
000018174,2
000018180,2
000018186,2
000018192,3
000018198,3
000018204,3
000018210,3
000018216,3
000018222,3
000018228,3
000018234,3
000018240,3
000018246,3
000018252,3
000018258,3
000018264,3
000018270,3
000018276,3
000018282,3
000018288,3
000018294,3
000018300,3
000018306,3
000018312,3
000018318,3
000018324,3
000018330,3
000018336,3
000018342,3
000018348,3
000018354,3
000018360,3
000018366,3
000018372,3
000018378,3
000018384,3
000018390,3
000018396,3
000018402,3
000018408,3
000018414,3
000018420,3
000018426,3
000018432,3
000018438,3
000018444,3
000018450,3
000018456,3
000018462,3
000018468,3
000018474,3
000018480,3
000018486,3
000018492,3
000018498,3
000018504,3
000018510,3
000018516,3
000018522,3
000018528,3
000018534,3
000018540,3
000018546,3
000018552,3
000018558,3
000018564,3
000018570,3
000018576,3
000018582,3
000018588,3
000018594,3
000018600,3
000018606,3
000018612,3
000018618,3
000018624,3
000018630,3
000018636,3
000018642,3
000018648,3
000018654,3
000018660,3
000018666,3
000018672,3
000018678,3
000018684,3
000018690,3
000018696,3
000018702,4
000018708,4
000018714,4
000018720,4
000018726,4
000018732,4
000018738,4
000018744,4
000018750,4
000018756,4
000018762,4
000018768,4
000018774,4
000018780,4
000018786,4
000018792,4
000018798,4
000018804,4
000018810,4
000018816,4
000018822,4
000018828,4
000018834,4
000018840,4
000018846,4
000018852,4
000018858,4
000018864,4
000018870,4
000018876,4
000018882,4
000018888,4
000018894,4
000018900,4
000018906,4
000018912,4
000018918,4
000018924,4
000018930,4
000018936,4
000018942,4
000018948,4
000018954,4
000018960,4
000018966,4
000018972,4
000018978,4
000018984,4
000018990,4
000018996,4
000019002,4
000019008,4
000019014,4
000019020,4
000019026,4
000019032,4
000019038,4
000019044,4
000019050,4
000019056,4
000019062,4
000019068,4
000019074,2
000019080,2
000019086,2
000019092,2
000019098,2
000019104,2
000019110,2
000019116,2
000019122,2
000019128,2
000019134,2
000019140,2
000019146,2
000019152,2
000019158,2
000019164,2
000019170,2
000019176,2
000019182,2
000019188,2
000019194,2
000019200,2
000019206,2
000019212,2
000019218,2
000019224,2
000019230,2
000019236,2
000019242,2
000019248,2
000019254,2
000019260,2
000019266,2
000019272,2
000019278,2
000019284,2
000019290,2
000019296,2
000019302,2
000019308,2
000019314,2
000019320,2
000019326,2
000019332,2
000019338,2
000019344,2
000019350,2
000019356,2
000019362,2
000019368,2
000019374,2
000019380,2
000019386,2
000019392,2
000019398,2
000019404,2
000019410,2
000019416,2
000019422,2
000019428,2
000019434,2
000019440,2
000019446,2
000019452,2
000019458,2
000019464,2
000019470,2
000019476,2
000019482,2
000019488,2
000019494,2
000019500,2
000019506,3
000019512,3
000019518,3
000019524,3
000019530,3
000019536,3
000019542,3
000019548,3
000019554,3
000019560,3
000019566,3
000019572,3
000019578,3
000019584,3
000019590,3
000019596,3
000019602,3
000019608,3
000019614,3
000019620,3
000019626,3
000019632,3
000019638,3
000019644,3
000019650,3
000019656,3
000019662,3
000019668,3
000019674,3
000019680,3
000019686,3
000019692,3
000019698,3
000019704,3
000019710,3
000019716,3
000019722,3
000019728,3
000019734,3
000019740,3
000019746,3
000019752,3
000019758,3
000019764,3
000019770,3
000019776,3
000019782,3
000019788,3
000019794,3
000019800,3
000019806,3
000019812,3
000019818,3
000019824,3
000019830,3
000019836,3
000019842,3
000019848,3
000019854,3
000019860,3
000019866,3
000019872,3
000019878,3
000019884,3
000019890,3
000019896,3
000019902,3
000019908,3
000019914,3
000019920,4
000019926,4
000019932,4
000019938,4
000019944,4
000019950,4
000019956,4
000019962,4
000019968,4
000019974,4
000019980,4
000019986,4
000019992,4
000019998,4
000020004,4
000020010,4
000020016,4
000020022,4
000020028,4
000020034,4
000020040,4
000020046,4
000020052,4
000020058,4
000020064,4
000020070,4
000020076,4
000020082,4
000020088,4
000020094,4
000020100,4
000020106,4
000020112,4
000020118,4
000020124,4
000020130,4
000020136,4
000020142,4
000020148,4
000020154,4
000020160,4
000020166,4
000020172,4
000020178,4
000020184,4
000020190,4
000020196,6
000020202,6
000020208,6
000020214,6
000020220,6
000020226,6
000020232,6
000020238,6
000020244,6
000020250,6
000020256,6
000020262,6
000020268,6
000020274,6
000020280,6
000020286,6
000020292,6
000020298,6
000020304,6
000020310,6
000020316,6
000020322,6
000020328,6
000020334,6
000020340,6
000020346,6
000020352,6
000020358,6
000020364,6
000020370,6
000020376,6
000020382,6
000020388,6
000020394,6
000020400,6
000020406,6
000020412,6
000020418,6
000020424,6
000020430,6
000020436,6
000020442,6
000020448,6
000020454,6
000020460,6
000020466,6
000020472,6
000020478,6
000020484,6
000020490,6
000020496,6
000020502,6
000020508,6
000020514,6
000020520,6
000020526,6
000020532,6
000020538,6
000020544,6
000020550,6
000020556,6
000020562,6
000020568,6
000020574,6
000020580,6
000020586,6
000020592,6
000020598,6
000020604,6
000020610,6
000020616,6
000020622,6
000020628,6
000020634,6
000020640,6
000020646,6
000020652,6
000020658,6
000020664,6
000020670,6
000020676,6
000020682,6
000020688,6
000020694,6
000020700,6
000020706,6
000020712,6
000020718,6
000020724,6
000020730,6
000020736,6
000020742,6
000020748,6
000020754,6
000020760,6
000020766,6
000020772,6
000020778,6
000020784,6
000020790,6
000020796,6
000020802,6
000020808,6
000020814,6
000020820,6
000020826,6
000020832,6
000020838,6
000020844,6
000020850,6
000020856,6
000020862,6
000020868,6
000020874,6
000020880,6
000020886,6
000020892,6
000020898,6
000020904,6
000020910,6
000020916,6
000020922,6
000020928,6
000020934,6
000020940,6
000020946,6
000020952,6
000020958,6
000020964,6
000020970,6
000020976,6
000020982,1
000020988,1
000020994,1
000021000,1
000021006,1
000021012,1
000021018,1
000021024,1
000021030,1
000021036,1
000021042,1
000021048,1
000021054,1
000021060,1
000021066,1
000021072,1
000021078,1
000021084,1
000021090,1
000021096,1
000021102,1
000021108,1
000021114,1
000021120,1
000021126,1
000021132,7
000021138,7
000021144,7
000021150,7
000021156,7
000021162,7
000021168,7
000021174,7
000021180,7
000021186,7
000021192,7
000021198,7
000021204,7
000021210,7
000021216,7
000021222,7
000021228,7
000021234,7
000021240,7
000021246,7
000021252,7
000021258,7
000021264,7
000021270,7
000021276,7
000021282,7
000021288,7
000021294,7
000021300,7
000021306,7
000021312,7
000021318,7
000021324,7
000021330,7
000021336,7
000021342,7
000021348,7
000021354,7
000021360,7
000021366,7
000021372,7
000021378,7
000021384,7
000021390,7
000021396,7
000021402,7
000021408,7
000021414,7
000021420,7
000021426,7
000021432,7
000021438,7
000021444,7
000021450,7
000021456,7
000021462,7
000021468,7
000021474,7
000021480,7
000021486,7
000021492,7
000021498,7
000021504,7
000021510,7
000021516,7
000021522,7
000021528,0
000021534,0
000021540,0
000021546,0
000021552,0
000021558,0
000021564,0
000021570,0
000021576,0
000021582,0
