00000 01907 0 
01908 02077 1 
02078 02834 2 
02835 03220 3 
03221 03841 4 
03842 03961 2 
03962 04264 3 
04265 04678 4 
04679 05086 2 
05087 05398 3 
05399 06454 4 
06455 06694 2 
06695 07128 3 
07129 07976 4 
07977 08241 2 
08242 08752 3 
08753 09144 4 
09145 09468 2 
09469 09815 3 
09816 10157 4 
10158 10474 2 
10475 10804 3 
10805 11174 4 
11175 11292 2 
11293 11655 3 
11656 12043 4 
12044 12421 2 
12422 12648 3 
12649 12909 4 
12910 13015 2 
13016 13092 3 
13093 15238 0 
15239 15321 2 
15322 15616 3 
15617 15794 1 
15795 16185 2 
16186 16653 3 
16654 17160 4 
17161 17222 2 
17223 17463 3 
17464 17973 4 
17974 18194 2 
18195 18704 3 
18705 19076 4 
19077 19507 2 
19508 19922 3 
19923 20198 4 
20199 20986 6 
20987 21132 1 
21133 21529 7 
21530 21582 0 
