000000000,0
000000006,0
000000012,0
000000018,0
000000024,0
000000030,0
000000036,0
000000042,0
000000048,0
000000054,0
000000060,0
000000066,0
000000072,0
000000078,0
000000084,0
000000090,0
000000096,0
000000102,0
000000108,0
000000114,0
000000120,0
000000126,0
000000132,0
000000138,0
000000144,0
000000150,0
000000156,0
000000162,0
000000168,0
000000174,0
000000180,0
000000186,0
000000192,0
000000198,0
000000204,0
000000210,0
000000216,0
000000222,0
000000228,0
000000234,0
000000240,0
000000246,0
000000252,0
000000258,0
000000264,0
000000270,0
000000276,0
000000282,0
000000288,0
000000294,0
000000300,0
000000306,0
000000312,0
000000318,0
000000324,0
000000330,0
000000336,0
000000342,0
000000348,0
000000354,0
000000360,0
000000366,0
000000372,0
000000378,0
000000384,0
000000390,0
000000396,0
000000402,0
000000408,0
000000414,0
000000420,0
000000426,0
000000432,0
000000438,0
000000444,0
000000450,0
000000456,0
000000462,0
000000468,0
000000474,0
000000480,0
000000486,0
000000492,0
000000498,0
000000504,0
000000510,0
000000516,0
000000522,0
000000528,0
000000534,0
000000540,0
000000546,0
000000552,0
000000558,0
000000564,0
000000570,0
000000576,0
000000582,0
000000588,0
000000594,0
000000600,0
000000606,0
000000612,0
000000618,0
000000624,0
000000630,0
000000636,0
000000642,0
000000648,0
000000654,0
000000660,0
000000666,0
000000672,0
000000678,0
000000684,0
000000690,0
000000696,0
000000702,0
000000708,0
000000714,0
000000720,0
000000726,1
000000732,1
000000738,1
000000744,1
000000750,1
000000756,1
000000762,1
000000768,1
000000774,1
000000780,1
000000786,1
000000792,1
000000798,1
000000804,1
000000810,1
000000816,0
000000822,0
000000828,0
000000834,0
000000840,0
000000846,0
000000852,0
000000858,0
000000864,0
000000870,0
000000876,0
000000882,0
000000888,0
000000894,0
000000900,0
000000906,0
000000912,0
000000918,0
000000924,0
000000930,0
000000936,0
000000942,0
000000948,0
000000954,0
000000960,0
000000966,0
000000972,0
000000978,0
000000984,0
000000990,0
000000996,0
000001002,0
000001008,0
000001014,0
000001020,0
000001026,0
000001032,0
000001038,0
000001044,0
000001050,0
000001056,0
000001062,0
000001068,0
000001074,0
000001080,0
000001086,0
000001092,0
000001098,0
000001104,0
000001110,0
000001116,0
000001122,0
000001128,0
000001134,0
000001140,0
000001146,0
000001152,0
000001158,0
000001164,0
000001170,0
000001176,0
000001182,0
000001188,0
000001194,0
000001200,0
000001206,0
000001212,0
000001218,0
000001224,0
000001230,0
000001236,0
000001242,0
000001248,0
000001254,0
000001260,0
000001266,0
000001272,0
000001278,0
000001284,0
000001290,0
000001296,0
000001302,0
000001308,0
000001314,0
000001320,0
000001326,0
000001332,0
000001338,0
000001344,0
000001350,0
000001356,0
000001362,0
000001368,0
000001374,0
000001380,0
000001386,0
000001392,0
000001398,0
000001404,0
000001410,0
000001416,0
000001422,0
000001428,0
000001434,0
000001440,0
000001446,0
000001452,0
000001458,0
000001464,0
000001470,0
000001476,0
000001482,0
000001488,2
000001494,2
000001500,2
000001506,2
000001512,2
000001518,2
000001524,2
000001530,2
000001536,2
000001542,2
000001548,2
000001554,2
000001560,2
000001566,2
000001572,2
000001578,2
000001584,2
000001590,2
000001596,2
000001602,2
000001608,2
000001614,2
000001620,2
000001626,2
000001632,2
000001638,2
000001644,2
000001650,2
000001656,2
000001662,2
000001668,2
000001674,2
000001680,2
000001686,2
000001692,2
000001698,2
000001704,2
000001710,2
000001716,2
000001722,2
000001728,2
000001734,2
000001740,2
000001746,2
000001752,2
000001758,2
000001764,3
000001770,3
000001776,3
000001782,3
000001788,3
000001794,3
000001800,3
000001806,3
000001812,3
000001818,3
000001824,3
000001830,3
000001836,3
000001842,3
000001848,3
000001854,3
000001860,3
000001866,3
000001872,3
000001878,3
000001884,3
000001890,3
000001896,3
000001902,3
000001908,3
000001914,3
000001920,3
000001926,3
000001932,3
000001938,3
000001944,3
000001950,3
000001956,3
000001962,3
000001968,3
000001974,3
000001980,3
000001986,3
000001992,3
000001998,3
000002004,3
000002010,3
000002016,3
000002022,3
000002028,3
000002034,3
000002040,3
000002046,3
000002052,3
000002058,3
000002064,3
000002070,3
000002076,3
000002082,4
000002088,4
000002094,4
000002100,4
000002106,4
000002112,4
000002118,4
000002124,4
000002130,4
000002136,4
000002142,4
000002148,4
000002154,4
000002160,4
000002166,4
000002172,4
000002178,4
000002184,4
000002190,4
000002196,4
000002202,4
000002208,4
000002214,4
000002220,4
000002226,4
000002232,4
000002238,4
000002244,4
000002250,4
000002256,4
000002262,4
000002268,4
000002274,4
000002280,4
000002286,4
000002292,4
000002298,4
000002304,4
000002310,4
000002316,4
000002322,4
000002328,4
000002334,4
000002340,4
000002346,4
000002352,4
000002358,2
000002364,2
000002370,2
000002376,2
000002382,2
000002388,2
000002394,2
000002400,2
000002406,2
000002412,2
000002418,2
000002424,2
000002430,2
000002436,2
000002442,2
000002448,2
000002454,2
000002460,2
000002466,2
000002472,2
000002478,2
000002484,2
000002490,2
000002496,2
000002502,2
000002508,2
000002514,2
000002520,2
000002526,2
000002532,2
000002538,2
000002544,2
000002550,2
000002556,2
000002562,2
000002568,2
000002574,2
000002580,2
000002586,2
000002592,2
000002598,2
000002604,2
000002610,2
000002616,2
000002622,2
000002628,2
000002634,2
000002640,2
000002646,2
000002652,2
000002658,3
000002664,3
000002670,3
000002676,3
000002682,3
000002688,3
000002694,3
000002700,3
000002706,3
000002712,3
000002718,3
000002724,3
000002730,3
000002736,3
000002742,3
000002748,3
000002754,3
000002760,3
000002766,3
000002772,3
000002778,3
000002784,3
000002790,3
000002796,3
000002802,3
000002808,3
000002814,3
000002820,3
000002826,3
000002832,3
000002838,3
000002844,3
000002850,3
000002856,3
000002862,3
000002868,3
000002874,3
000002880,3
000002886,3
000002892,3
000002898,3
000002904,3
000002910,3
000002916,3
000002922,3
000002928,3
000002934,3
000002940,3
000002946,3
000002952,3
000002958,3
000002964,3
000002970,3
000002976,3
000002982,3
000002988,3
000002994,3
000003000,3
000003006,3
000003012,3
000003018,3
000003024,3
000003030,3
000003036,3
000003042,4
000003048,4
000003054,4
000003060,4
000003066,4
000003072,4
000003078,4
000003084,4
000003090,4
000003096,4
000003102,4
000003108,4
000003114,4
000003120,4
000003126,4
000003132,4
000003138,4
000003144,4
000003150,4
000003156,4
000003162,4
000003168,4
000003174,4
000003180,4
000003186,4
000003192,4
000003198,4
000003204,4
000003210,4
000003216,4
000003222,4
000003228,4
000003234,4
000003240,4
000003246,4
000003252,4
000003258,4
000003264,2
000003270,2
000003276,2
000003282,2
000003288,2
000003294,2
000003300,2
000003306,2
000003312,2
000003318,2
000003324,2
000003330,2
000003336,2
000003342,2
000003348,2
000003354,2
000003360,2
000003366,2
000003372,2
000003378,2
000003384,2
000003390,2
000003396,2
000003402,2
000003408,2
000003414,2
000003420,2
000003426,2
000003432,2
000003438,2
000003444,2
000003450,2
000003456,2
000003462,2
000003468,2
000003474,2
000003480,2
000003486,2
000003492,3
000003498,3
000003504,3
000003510,3
000003516,3
000003522,3
000003528,3
000003534,3
000003540,3
000003546,3
000003552,3
000003558,3
000003564,3
000003570,3
000003576,3
000003582,3
000003588,3
000003594,3
000003600,3
000003606,3
000003612,3
000003618,3
000003624,3
000003630,3
000003636,3
000003642,3
000003648,3
000003654,3
000003660,3
000003666,3
000003672,3
000003678,3
000003684,3
000003690,3
000003696,3
000003702,3
000003708,3
000003714,3
000003720,3
000003726,3
000003732,3
000003738,3
000003744,3
000003750,3
000003756,3
000003762,3
000003768,3
000003774,3
000003780,3
000003786,3
000003792,3
000003798,3
000003804,3
000003810,3
000003816,3
000003822,3
000003828,3
000003834,3
000003840,3
000003846,3
000003852,3
000003858,3
000003864,3
000003870,3
000003876,3
000003882,3
000003888,3
000003894,3
000003900,3
000003906,3
000003912,3
000003918,3
000003924,3
000003930,3
000003936,3
000003942,3
000003948,3
000003954,4
000003960,4
000003966,4
000003972,4
000003978,4
000003984,4
000003990,4
000003996,4
000004002,4
000004008,4
000004014,4
000004020,4
000004026,4
000004032,4
000004038,4
000004044,4
000004050,4
000004056,4
000004062,4
000004068,4
000004074,4
000004080,4
000004086,4
000004092,4
000004098,4
000004104,4
000004110,4
000004116,4
000004122,4
000004128,4
000004134,4
000004140,4
000004146,4
000004152,4
000004158,4
000004164,4
000004170,4
000004176,4
000004182,4
000004188,4
000004194,4
000004200,1
000004206,1
000004212,1
000004218,1
000004224,1
000004230,1
000004236,1
000004242,1
000004248,1
000004254,1
000004260,1
000004266,1
000004272,1
000004278,1
000004284,1
000004290,1
000004296,1
000004302,1
000004308,1
000004314,2
000004320,2
000004326,2
000004332,2
000004338,2
000004344,2
000004350,2
000004356,2
000004362,2
000004368,2
000004374,2
000004380,2
000004386,2
000004392,2
000004398,2
000004404,2
000004410,2
000004416,2
000004422,2
000004428,2
000004434,2
000004440,2
000004446,2
000004452,2
000004458,2
000004464,2
000004470,2
000004476,2
000004482,2
000004488,2
000004494,2
000004500,2
000004506,2
000004512,2
000004518,2
000004524,2
000004530,2
000004536,2
000004542,2
000004548,2
000004554,2
000004560,2
000004566,2
000004572,2
000004578,3
000004584,3
000004590,3
000004596,3
000004602,3
000004608,3
000004614,3
000004620,3
000004626,3
000004632,3
000004638,3
000004644,3
000004650,3
000004656,3
000004662,3
000004668,3
000004674,3
000004680,3
000004686,3
000004692,3
000004698,3
000004704,3
000004710,3
000004716,3
000004722,3
000004728,3
000004734,3
000004740,3
000004746,3
000004752,3
000004758,3
000004764,3
000004770,3
000004776,3
000004782,3
000004788,3
000004794,3
000004800,3
000004806,3
000004812,3
000004818,3
000004824,3
000004830,3
000004836,3
000004842,3
000004848,3
000004854,3
000004860,3
000004866,3
000004872,3
000004878,3
000004884,3
000004890,3
000004896,3
000004902,3
000004908,3
000004914,3
000004920,3
000004926,3
000004932,3
000004938,3
000004944,3
000004950,4
000004956,4
000004962,4
000004968,4
000004974,4
000004980,4
000004986,4
000004992,4
000004998,4
000005004,4
000005010,4
000005016,4
000005022,4
000005028,4
000005034,4
000005040,4
000005046,4
000005052,4
000005058,4
000005064,4
000005070,4
000005076,4
000005082,4
000005088,4
000005094,4
000005100,4
000005106,4
000005112,4
000005118,4
000005124,2
000005130,2
000005136,2
000005142,2
000005148,2
000005154,2
000005160,2
000005166,2
000005172,2
000005178,2
000005184,2
000005190,2
000005196,2
000005202,2
000005208,2
000005214,2
000005220,2
000005226,2
000005232,2
000005238,2
000005244,2
000005250,2
000005256,2
000005262,2
000005268,2
000005274,2
000005280,2
000005286,2
000005292,2
000005298,2
000005304,2
000005310,2
000005316,2
000005322,2
000005328,2
000005334,3
000005340,3
000005346,3
000005352,3
000005358,3
000005364,3
000005370,3
000005376,3
000005382,3
000005388,3
000005394,3
000005400,3
000005406,3
000005412,3
000005418,3
000005424,3
000005430,3
000005436,3
000005442,3
000005448,3
000005454,3
000005460,3
000005466,3
000005472,3
000005478,3
000005484,3
000005490,3
000005496,3
000005502,3
000005508,3
000005514,3
000005520,3
000005526,3
000005532,3
000005538,3
000005544,3
000005550,3
000005556,3
000005562,3
000005568,3
000005574,3
000005580,3
000005586,3
000005592,3
000005598,3
000005604,3
000005610,3
000005616,3
000005622,3
000005628,3
000005634,3
000005640,3
000005646,3
000005652,3
000005658,3
000005664,3
000005670,3
000005676,3
000005682,3
000005688,4
000005694,4
000005700,4
000005706,4
000005712,4
000005718,4
000005724,4
000005730,4
000005736,4
000005742,4
000005748,4
000005754,4
000005760,4
000005766,4
000005772,4
000005778,4
000005784,4
000005790,4
000005796,4
000005802,4
000005808,4
000005814,4
000005820,4
000005826,4
000005832,4
000005838,4
000005844,4
000005850,4
000005856,4
000005862,2
000005868,2
000005874,2
000005880,2
000005886,2
000005892,2
000005898,2
000005904,2
000005910,2
000005916,2
000005922,2
000005928,2
000005934,2
000005940,2
000005946,2
000005952,2
000005958,2
000005964,2
000005970,2
000005976,2
000005982,2
000005988,2
000005994,2
000006000,2
000006006,2
000006012,2
000006018,2
000006024,2
000006030,2
000006036,2
000006042,2
000006048,2
000006054,3
000006060,3
000006066,3
000006072,3
000006078,3
000006084,3
000006090,3
000006096,3
000006102,3
000006108,3
000006114,3
000006120,3
000006126,3
000006132,3
000006138,3
000006144,3
000006150,3
000006156,3
000006162,3
000006168,3
000006174,3
000006180,3
000006186,3
000006192,3
000006198,3
000006204,3
000006210,3
000006216,3
000006222,3
000006228,3
000006234,3
000006240,3
000006246,3
000006252,3
000006258,3
000006264,3
000006270,3
000006276,3
000006282,3
000006288,3
000006294,3
000006300,3
000006306,3
000006312,3
000006318,3
000006324,3
000006330,3
000006336,3
000006342,3
000006348,3
000006354,3
000006360,3
000006366,3
000006372,3
000006378,3
000006384,3
000006390,3
000006396,3
000006402,3
000006408,4
000006414,4
000006420,4
000006426,4
000006432,4
000006438,4
000006444,4
000006450,4
000006456,4
000006462,4
000006468,4
000006474,4
000006480,4
000006486,4
000006492,4
000006498,4
000006504,4
000006510,4
000006516,4
000006522,4
000006528,4
000006534,4
000006540,4
000006546,4
000006552,4
000006558,4
000006564,4
000006570,4
000006576,4
000006582,4
000006588,4
000006594,4
000006600,4
000006606,4
000006612,2
000006618,2
000006624,2
000006630,2
000006636,2
000006642,2
000006648,2
000006654,2
000006660,2
000006666,2
000006672,2
000006678,2
000006684,2
000006690,2
000006696,2
000006702,2
000006708,2
000006714,2
000006720,2
000006726,2
000006732,2
000006738,2
000006744,2
000006750,2
000006756,2
000006762,2
000006768,2
000006774,2
000006780,2
000006786,2
000006792,2
000006798,2
000006804,2
000006810,2
000006816,2
000006822,2
000006828,2
000006834,2
000006840,2
000006846,2
000006852,2
000006858,2
000006864,2
000006870,2
000006876,2
000006882,2
000006888,2
000006894,2
000006900,2
000006906,2
000006912,2
000006918,2
000006924,2
000006930,2
000006936,2
000006942,2
000006948,2
000006954,2
000006960,2
000006966,2
000006972,2
000006978,2
000006984,2
000006990,2
000006996,2
000007002,3
000007008,3
000007014,3
000007020,3
000007026,3
000007032,3
000007038,3
000007044,3
000007050,3
000007056,3
000007062,3
000007068,3
000007074,3
000007080,3
000007086,3
000007092,3
000007098,3
000007104,3
000007110,3
000007116,3
000007122,3
000007128,3
000007134,3
000007140,3
000007146,3
000007152,3
000007158,3
000007164,3
000007170,3
000007176,3
000007182,3
000007188,3
000007194,3
000007200,3
000007206,3
000007212,3
000007218,3
000007224,3
000007230,3
000007236,3
000007242,3
000007248,3
000007254,3
000007260,3
000007266,3
000007272,3
000007278,3
000007284,3
000007290,3
000007296,3
000007302,4
000007308,4
000007314,4
000007320,4
000007326,4
000007332,4
000007338,4
000007344,4
000007350,4
000007356,4
000007362,4
000007368,4
000007374,4
000007380,4
000007386,4
000007392,4
000007398,4
000007404,4
000007410,4
000007416,4
000007422,4
000007428,4
000007434,4
000007440,4
000007446,4
000007452,4
000007458,4
000007464,4
000007470,4
000007476,4
000007482,4
000007488,4
000007494,4
000007500,4
000007506,4
000007512,4
000007518,4
000007524,4
000007530,4
000007536,4
000007542,4
000007548,2
000007554,2
000007560,2
000007566,2
000007572,2
000007578,2
000007584,2
000007590,2
000007596,2
000007602,2
000007608,2
000007614,2
000007620,2
000007626,2
000007632,2
000007638,2
000007644,2
000007650,2
000007656,2
000007662,2
000007668,2
000007674,2
000007680,2
000007686,2
000007692,2
000007698,2
000007704,2
000007710,2
000007716,2
000007722,2
000007728,2
000007734,2
000007740,2
000007746,2
000007752,2
000007758,2
000007764,2
000007770,2
000007776,2
000007782,2
000007788,2
000007794,2
000007800,2
000007806,2
000007812,2
000007818,2
000007824,2
000007830,2
000007836,2
000007842,2
000007848,2
000007854,2
000007860,2
000007866,2
000007872,2
000007878,2
000007884,2
000007890,2
000007896,2
000007902,2
000007908,2
000007914,2
000007920,2
000007926,2
000007932,2
000007938,3
000007944,3
000007950,3
000007956,3
000007962,3
000007968,3
000007974,3
000007980,3
000007986,3
000007992,3
000007998,3
000008004,3
000008010,3
000008016,3
000008022,3
000008028,3
000008034,3
000008040,3
000008046,3
000008052,3
000008058,3
000008064,3
000008070,3
000008076,3
000008082,3
000008088,3
000008094,3
000008100,3
000008106,3
000008112,3
000008118,3
000008124,3
000008130,3
000008136,3
000008142,3
000008148,3
000008154,3
000008160,3
000008166,3
000008172,3
000008178,3
000008184,3
000008190,3
000008196,3
000008202,3
000008208,3
000008214,3
000008220,3
000008226,3
000008232,3
000008238,3
000008244,3
000008250,3
000008256,3
000008262,3
000008268,3
000008274,3
000008280,3
000008286,3
000008292,3
000008298,3
000008304,3
000008310,3
000008316,3
000008322,3
000008328,3
000008334,3
000008340,3
000008346,3
000008352,3
000008358,3
000008364,4
000008370,4
000008376,4
000008382,4
000008388,4
000008394,4
000008400,4
000008406,4
000008412,4
000008418,4
000008424,4
000008430,4
000008436,4
000008442,4
000008448,4
000008454,4
000008460,4
000008466,4
000008472,4
000008478,4
000008484,4
000008490,4
000008496,4
000008502,4
000008508,4
000008514,4
000008520,4
000008526,4
000008532,4
000008538,4
000008544,4
000008550,4
000008556,4
000008562,4
000008568,4
000008574,2
000008580,2
000008586,2
000008592,2
000008598,2
000008604,2
000008610,2
000008616,2
000008622,2
000008628,2
000008634,2
000008640,2
000008646,2
000008652,2
000008658,2
000008664,2
000008670,2
000008676,2
000008682,2
000008688,2
000008694,2
000008700,2
000008706,2
000008712,2
000008718,2
000008724,2
000008730,2
000008736,2
000008742,2
000008748,2
000008754,2
000008760,2
000008766,2
000008772,2
000008778,2
000008784,2
000008790,2
000008796,2
000008802,2
000008808,2
000008814,2
000008820,2
000008826,2
000008832,2
000008838,2
000008844,2
000008850,2
000008856,2
000008862,2
000008868,3
000008874,3
000008880,3
000008886,3
000008892,3
000008898,3
000008904,3
000008910,3
000008916,3
000008922,3
000008928,3
000008934,3
000008940,3
000008946,3
000008952,3
000008958,3
000008964,3
000008970,3
000008976,3
000008982,3
000008988,3
000008994,3
000009000,3
000009006,3
000009012,3
000009018,3
000009024,3
000009030,3
000009036,3
000009042,3
000009048,3
000009054,3
000009060,3
000009066,3
000009072,3
000009078,3
000009084,3
000009090,3
000009096,3
000009102,3
000009108,3
000009114,3
000009120,3
000009126,3
000009132,3
000009138,3
000009144,3
000009150,3
000009156,3
000009162,3
000009168,3
000009174,3
000009180,3
000009186,3
000009192,3
000009198,3
000009204,3
000009210,3
000009216,3
000009222,3
000009228,4
000009234,4
000009240,4
000009246,4
000009252,4
000009258,4
000009264,4
000009270,4
000009276,4
000009282,4
000009288,4
000009294,4
000009300,4
000009306,4
000009312,4
000009318,4
000009324,4
000009330,4
000009336,4
000009342,4
000009348,4
000009354,4
000009360,4
000009366,4
000009372,4
000009378,4
000009384,4
000009390,4
000009396,4
000009402,4
000009408,4
000009414,7
000009420,7
000009426,7
000009432,7
000009438,7
000009444,7
000009450,7
000009456,7
000009462,7
000009468,7
000009474,7
000009480,7
000009486,7
000009492,7
000009498,7
000009504,7
000009510,7
000009516,7
000009522,7
000009528,7
000009534,7
000009540,7
000009546,7
000009552,7
000009558,7
000009564,7
000009570,7
000009576,7
000009582,7
000009588,7
000009594,7
000009600,7
000009606,7
000009612,7
000009618,7
000009624,7
000009630,7
000009636,7
000009642,7
000009648,7
000009654,7
000009660,7
000009666,7
000009672,7
000009678,7
000009684,7
000009690,7
000009696,7
000009702,7
000009708,7
000009714,7
000009720,7
000009726,7
000009732,7
000009738,7
000009744,7
000009750,7
000009756,7
000009762,7
000009768,0
000009774,0
000009780,0
000009786,0
000009792,0
000009798,0
000009804,0
000009810,0
000009816,0
