00000 00738 0 
00739 00928 1 
00929 02099 2 
02100 02534 3 
02535 02822 4 
02823 03149 2 
03150 03581 3 
03582 04015 4 
04016 04354 2 
04355 04808 3 
04809 05211 4 
05212 05317 1 
05318 05627 2 
05628 05988 3 
05989 06386 4 
06387 06576 1 
06577 06801 2 
06802 07199 3 
07200 07698 4 
07699 07780 1 
07781 08181 2 
08182 08481 3 
08482 08884 4 
08885 08985 1 
08986 09275 2 
09276 09583 3 
09584 09921 4 
09922 10186 2 
10187 10474 3 
10475 10849 4 
10850 11075 2 
11076 11447 3 
11448 11793 4 
11794 12214 2 
12215 12559 3 
12560 12971 4 
12972 13327 2 
13328 13615 3 
13616 13899 4 
13900 15247 0 
15248 15579 6 
15580 15729 1 
15730 16216 7 
16217 16293 0 
