00000 00044 0 
00045 00318 1 
00319 01009 2 
01010 01377 3 
01378 01773 4 
01774 02074 1 
02075 02364 2 
02365 02879 3 
02880 03510 4 
03511 03844 1 
03845 04144 2 
04145 04474 3 
04475 05199 4 
05200 05669 1 
05670 06087 2 
06088 06536 3 
06537 07138 4 
07139 07411 1 
07412 07744 2 
07745 08122 3 
08123 08796 4 
08797 08974 1 
08975 09295 2 
09296 09655 3 
09656 10462 4 
10463 10919 1 
10920 11121 2 
11122 11164 3 
11165 11238 2 
11239 11650 3 
11651 12060 4 
12061 12294 6 
12295 12612 1 
12613 13048 7 
13049 13879 0 
13880 14071 1 
14072 14280 7 
