00000 01777 0 
01778 02245 1 
02246 02715 2 
02716 03251 3 
03252 03572 4 
03573 03782 1 
03783 04150 2 
04151 04476 3 
04477 04758 4 
04759 05057 2 
05058 05566 3 
05567 05865 4 
05866 06140 2 
06141 06472 3 
06473 06719 4 
06720 07204 2 
07205 07447 3 
07448 07692 4 
07693 08981 7 
08982 09779 0 
09780 09877 1 
09878 10226 2 
10227 10659 3 
10660 10916 4 
10917 11255 2 
11256 11545 3 
11546 11795 4 
11796 12312 2 
12313 12474 3 
12475 12498 4 
12499 12729 0 
12730 13007 4 
13008 13281 1 
13282 13645 2 
13646 13898 3 
13899 13961 4 
13962 14110 0 
14111 14337 4 
14338 15018 0 
15019 15398 2 
15399 15546 3 
15547 15625 2 
15626 16068 3 
16069 16314 4 
16315 16874 7 
16875 16902 0 
