000000000,0
000000006,0
000000012,0
000000018,0
000000024,0
000000030,0
000000036,0
000000042,0
000000048,0
000000054,0
000000060,1
000000066,1
000000072,1
000000078,1
000000084,1
000000090,1
000000096,1
000000102,1
000000108,1
000000114,1
000000120,1
000000126,1
000000132,1
000000138,1
000000144,1
000000150,2
000000156,2
000000162,2
000000168,2
000000174,2
000000180,2
000000186,2
000000192,2
000000198,2
000000204,2
000000210,2
000000216,2
000000222,2
000000228,2
000000234,2
000000240,2
000000246,2
000000252,2
000000258,2
000000264,2
000000270,2
000000276,2
000000282,2
000000288,2
000000294,2
000000300,2
000000306,2
000000312,2
000000318,2
000000324,2
000000330,2
000000336,2
000000342,2
000000348,2
000000354,2
000000360,2
000000366,2
000000372,2
000000378,2
000000384,2
000000390,2
000000396,2
000000402,2
000000408,2
000000414,2
000000420,2
000000426,2
000000432,2
000000438,2
000000444,2
000000450,2
000000456,2
000000462,2
000000468,2
000000474,2
000000480,2
000000486,2
000000492,2
000000498,2
000000504,2
000000510,2
000000516,2
000000522,2
000000528,2
000000534,2
000000540,2
000000546,2
000000552,2
000000558,2
000000564,2
000000570,2
000000576,2
000000582,2
000000588,2
000000594,2
000000600,2
000000606,2
000000612,2
000000618,2
000000624,2
000000630,2
000000636,2
000000642,2
000000648,2
000000654,2
000000660,2
000000666,2
000000672,2
000000678,2
000000684,2
000000690,2
000000696,2
000000702,2
000000708,2
000000714,2
000000720,2
000000726,2
000000732,2
000000738,2
000000744,2
000000750,2
000000756,2
000000762,2
000000768,2
000000774,2
000000780,2
000000786,2
000000792,2
000000798,2
000000804,2
000000810,2
000000816,2
000000822,2
000000828,3
000000834,3
000000840,3
000000846,3
000000852,3
000000858,3
000000864,3
000000870,3
000000876,3
000000882,3
000000888,3
000000894,3
000000900,3
000000906,3
000000912,3
000000918,3
000000924,3
000000930,3
000000936,3
000000942,3
000000948,3
000000954,3
000000960,3
000000966,3
000000972,3
000000978,3
000000984,3
000000990,3
000000996,3
000001002,3
000001008,3
000001014,3
000001020,3
000001026,3
000001032,3
000001038,3
000001044,3
000001050,3
000001056,3
000001062,3
000001068,3
000001074,3
000001080,3
000001086,3
000001092,3
000001098,3
000001104,3
000001110,3
000001116,3
000001122,3
000001128,3
000001134,3
000001140,3
000001146,3
000001152,3
000001158,3
000001164,3
000001170,3
000001176,3
000001182,3
000001188,3
000001194,3
000001200,3
000001206,3
000001212,3
000001218,3
000001224,3
000001230,3
000001236,3
000001242,3
000001248,3
000001254,3
000001260,3
000001266,3
000001272,3
000001278,3
000001284,3
000001290,3
000001296,3
000001302,3
000001308,3
000001314,3
000001320,3
000001326,3
000001332,3
000001338,3
000001344,4
000001350,4
000001356,4
000001362,4
000001368,4
000001374,4
000001380,4
000001386,4
000001392,4
000001398,4
000001404,4
000001410,4
000001416,4
000001422,4
000001428,4
000001434,4
000001440,4
000001446,4
000001452,4
000001458,4
000001464,4
000001470,4
000001476,4
000001482,4
000001488,4
000001494,4
000001500,4
000001506,4
000001512,4
000001518,4
000001524,4
000001530,4
000001536,4
000001542,4
000001548,4
000001554,4
000001560,4
000001566,4
000001572,4
000001578,4
000001584,4
000001590,4
000001596,4
000001602,4
000001608,4
000001614,4
000001620,4
000001626,4
000001632,4
000001638,4
000001644,4
000001650,4
000001656,4
000001662,4
000001668,4
000001674,4
000001680,4
000001686,4
000001692,4
000001698,4
000001704,4
000001710,4
000001716,4
000001722,4
000001728,4
000001734,4
000001740,4
000001746,4
000001752,1
000001758,1
000001764,1
000001770,1
000001776,1
000001782,1
000001788,1
000001794,1
000001800,1
000001806,1
000001812,1
000001818,1
000001824,1
000001830,1
000001836,1
000001842,1
000001848,1
000001854,1
000001860,1
000001866,1
000001872,1
000001878,1
000001884,1
000001890,1
000001896,1
000001902,1
000001908,1
000001914,1
000001920,1
000001926,1
000001932,1
000001938,1
000001944,1
000001950,2
000001956,2
000001962,2
000001968,2
000001974,2
000001980,2
000001986,2
000001992,2
000001998,2
000002004,2
000002010,2
000002016,2
000002022,2
000002028,2
000002034,2
000002040,2
000002046,2
000002052,2
000002058,2
000002064,2
000002070,2
000002076,2
000002082,2
000002088,2
000002094,2
000002100,2
000002106,2
000002112,2
000002118,2
000002124,2
000002130,2
000002136,2
000002142,2
000002148,2
000002154,2
000002160,2
000002166,2
000002172,2
000002178,2
000002184,2
000002190,2
000002196,2
000002202,2
000002208,2
000002214,2
000002220,2
000002226,2
000002232,2
000002238,2
000002244,2
000002250,2
000002256,2
000002262,2
000002268,3
000002274,3
000002280,3
000002286,3
000002292,3
000002298,3
000002304,3
000002310,3
000002316,3
000002322,3
000002328,3
000002334,3
000002340,3
000002346,3
000002352,3
000002358,3
000002364,3
000002370,3
000002376,3
000002382,3
000002388,3
000002394,3
000002400,3
000002406,3
000002412,3
000002418,3
000002424,3
000002430,3
000002436,3
000002442,3
000002448,3
000002454,3
000002460,3
000002466,3
000002472,3
000002478,3
000002484,3
000002490,3
000002496,3
000002502,3
000002508,3
000002514,3
000002520,3
000002526,3
000002532,3
000002538,3
000002544,3
000002550,3
000002556,3
000002562,3
000002568,3
000002574,3
000002580,3
000002586,3
000002592,3
000002598,3
000002604,3
000002610,3
000002616,3
000002622,3
000002628,3
000002634,4
000002640,4
000002646,4
000002652,4
000002658,4
000002664,4
000002670,4
000002676,4
000002682,4
000002688,4
000002694,4
000002700,4
000002706,4
000002712,4
000002718,4
000002724,4
000002730,4
000002736,4
000002742,4
000002748,4
000002754,4
000002760,4
000002766,4
000002772,4
000002778,4
000002784,4
000002790,4
000002796,4
000002802,4
000002808,4
000002814,4
000002820,4
000002826,4
000002832,4
000002838,4
000002844,4
000002850,4
000002856,4
000002862,4
000002868,4
000002874,4
000002880,4
000002886,4
000002892,4
000002898,4
000002904,4
000002910,4
000002916,4
000002922,4
000002928,4
000002934,4
000002940,4
000002946,4
000002952,4
000002958,4
000002964,4
000002970,4
000002976,4
000002982,4
000002988,4
000002994,4
000003000,4
000003006,4
000003012,4
000003018,4
000003024,4
000003030,4
000003036,4
000003042,4
000003048,4
000003054,4
000003060,4
000003066,4
000003072,4
000003078,4
000003084,4
000003090,4
000003096,4
000003102,4
000003108,4
000003114,4
000003120,4
000003126,4
000003132,4
000003138,4
000003144,4
000003150,4
000003156,4
000003162,4
000003168,4
000003174,4
000003180,4
000003186,4
000003192,4
000003198,4
000003204,4
000003210,4
000003216,4
000003222,4
000003228,4
000003234,4
000003240,4
000003246,4
000003252,4
000003258,1
000003264,1
000003270,1
000003276,1
000003282,1
000003288,1
000003294,1
000003300,1
000003306,1
000003312,1
000003318,1
000003324,1
000003330,1
000003336,1
000003342,1
000003348,1
000003354,1
000003360,1
000003366,1
000003372,1
000003378,1
000003384,1
000003390,1
000003396,1
000003402,1
000003408,1
000003414,1
000003420,1
000003426,1
000003432,1
000003438,1
000003444,1
000003450,1
000003456,1
000003462,1
000003468,1
000003474,1
000003480,1
000003486,1
000003492,1
000003498,1
000003504,1
000003510,1
000003516,1
000003522,1
000003528,1
000003534,1
000003540,1
000003546,1
000003552,1
000003558,1
000003564,1
000003570,2
000003576,2
000003582,2
000003588,2
000003594,2
000003600,2
000003606,2
000003612,2
000003618,2
000003624,2
000003630,2
000003636,2
000003642,2
000003648,2
000003654,2
000003660,2
000003666,2
000003672,2
000003678,2
000003684,2
000003690,2
000003696,2
000003702,2
000003708,2
000003714,2
000003720,2
000003726,2
000003732,2
000003738,2
000003744,2
000003750,2
000003756,2
000003762,2
000003768,2
000003774,2
000003780,2
000003786,2
000003792,2
000003798,2
000003804,2
000003810,2
000003816,2
000003822,2
000003828,2
000003834,2
000003840,2
000003846,2
000003852,2
000003858,2
000003864,2
000003870,2
000003876,2
000003882,2
000003888,2
000003894,2
000003900,2
000003906,2
000003912,2
000003918,2
000003924,2
000003930,2
000003936,2
000003942,2
000003948,2
000003954,2
000003960,2
000003966,2
000003972,2
000003978,2
000003984,2
000003990,2
000003996,2
000004002,2
000004008,2
000004014,2
000004020,2
000004026,3
000004032,3
000004038,3
000004044,3
000004050,3
000004056,3
000004062,3
000004068,3
000004074,3
000004080,3
000004086,3
000004092,3
000004098,3
000004104,3
000004110,3
000004116,3
000004122,3
000004128,3
000004134,3
000004140,3
000004146,3
000004152,3
000004158,3
000004164,3
000004170,3
000004176,3
000004182,3
000004188,3
000004194,3
000004200,3
000004206,3
000004212,3
000004218,3
000004224,3
000004230,3
000004236,3
000004242,3
000004248,3
000004254,3
000004260,3
000004266,3
000004272,3
000004278,3
000004284,3
000004290,3
000004296,3
000004302,3
000004308,3
000004314,3
000004320,3
000004326,3
000004332,3
000004338,3
000004344,3
000004350,3
000004356,3
000004362,3
000004368,3
000004374,3
000004380,3
000004386,3
000004392,3
000004398,3
000004404,3
000004410,4
000004416,4
000004422,4
000004428,4
000004434,4
000004440,4
000004446,4
000004452,4
000004458,4
000004464,4
000004470,4
000004476,4
000004482,4
000004488,4
000004494,4
000004500,4
000004506,4
000004512,4
000004518,4
000004524,4
000004530,4
000004536,4
000004542,4
000004548,4
000004554,4
000004560,4
000004566,4
000004572,4
000004578,4
000004584,4
000004590,4
000004596,4
000004602,4
000004608,4
000004614,4
000004620,4
000004626,4
000004632,4
000004638,4
000004644,4
000004650,4
000004656,4
000004662,4
000004668,4
000004674,4
000004680,4
000004686,4
000004692,4
000004698,4
000004704,4
000004710,4
000004716,4
000004722,4
000004728,4
000004734,4
000004740,4
000004746,4
000004752,4
000004758,4
000004764,4
000004770,4
000004776,4
000004782,4
000004788,4
000004794,4
000004800,4
000004806,4
000004812,4
000004818,4
000004824,4
000004830,4
000004836,4
000004842,4
000004848,4
000004854,4
000004860,4
000004866,4
000004872,4
000004878,4
000004884,4
000004890,4
000004896,4
000004902,4
000004908,4
000004914,4
000004920,4
000004926,1
000004932,1
000004938,1
000004944,1
000004950,1
000004956,1
000004962,1
000004968,1
000004974,1
000004980,1
000004986,1
000004992,1
000004998,1
000005004,1
000005010,1
000005016,1
000005022,1
000005028,1
000005034,1
000005040,1
000005046,1
000005052,1
000005058,1
000005064,1
000005070,1
000005076,1
000005082,1
000005088,1
000005094,1
000005100,1
000005106,1
000005112,1
000005118,1
000005124,1
000005130,1
000005136,1
000005142,1
000005148,1
000005154,2
000005160,2
000005166,2
000005172,2
000005178,2
000005184,2
000005190,2
000005196,2
000005202,2
000005208,2
000005214,2
000005220,2
000005226,2
000005232,2
000005238,2
000005244,2
000005250,2
000005256,2
000005262,2
000005268,2
000005274,2
000005280,2
000005286,2
000005292,2
000005298,2
000005304,2
000005310,2
000005316,2
000005322,2
000005328,2
000005334,2
000005340,2
000005346,2
000005352,2
000005358,2
000005364,2
000005370,2
000005376,2
000005382,2
000005388,2
000005394,2
000005400,2
000005406,2
000005412,2
000005418,2
000005424,2
000005430,2
000005436,2
000005442,2
000005448,2
000005454,2
000005460,2
000005466,2
000005472,2
000005478,2
000005484,2
000005490,2
000005496,2
000005502,2
000005508,2
000005514,2
000005520,2
000005526,2
000005532,2
000005538,2
000005544,2
000005550,2
000005556,2
000005562,2
000005568,2
000005574,2
000005580,3
000005586,3
000005592,3
000005598,3
000005604,3
000005610,3
000005616,3
000005622,3
000005628,3
000005634,3
000005640,3
000005646,3
000005652,3
000005658,3
000005664,3
000005670,3
000005676,3
000005682,3
000005688,3
000005694,3
000005700,3
000005706,3
000005712,3
000005718,3
000005724,3
000005730,3
000005736,3
000005742,3
000005748,3
000005754,3
000005760,3
000005766,3
000005772,3
000005778,3
000005784,3
000005790,3
000005796,3
000005802,3
000005808,3
000005814,3
000005820,3
000005826,3
000005832,3
000005838,3
000005844,3
000005850,3
000005856,3
000005862,3
000005868,3
000005874,3
000005880,3
000005886,3
000005892,3
000005898,3
000005904,3
000005910,4
000005916,4
000005922,4
000005928,4
000005934,4
000005940,4
000005946,4
000005952,4
000005958,4
000005964,4
000005970,4
000005976,4
000005982,4
000005988,4
000005994,4
000006000,4
000006006,4
000006012,4
000006018,4
000006024,4
000006030,4
000006036,4
000006042,4
000006048,4
000006054,4
000006060,4
000006066,4
000006072,4
000006078,4
000006084,4
000006090,4
000006096,4
000006102,4
000006108,4
000006114,4
000006120,4
000006126,4
000006132,4
000006138,4
000006144,4
000006150,4
000006156,4
000006162,4
000006168,4
000006174,4
000006180,4
000006186,4
000006192,4
000006198,4
000006204,4
000006210,4
000006216,4
000006222,4
000006228,4
000006234,4
000006240,4
000006246,4
000006252,4
000006258,4
000006264,4
000006270,4
000006276,4
000006282,4
000006288,4
000006294,1
000006300,1
000006306,1
000006312,1
000006318,1
000006324,1
000006330,1
000006336,1
000006342,1
000006348,1
000006354,1
000006360,1
000006366,1
000006372,1
000006378,1
000006384,1
000006390,1
000006396,1
000006402,1
000006408,1
000006414,1
000006420,1
000006426,1
000006432,1
000006438,1
000006444,1
000006450,1
000006456,1
000006462,1
000006468,1
000006474,1
000006480,1
000006486,1
000006492,1
000006498,1
000006504,1
000006510,1
000006516,1
000006522,1
000006528,1
000006534,1
000006540,1
000006546,1
000006552,1
000006558,1
000006564,1
000006570,1
000006576,1
000006582,1
000006588,1
000006594,1
000006600,1
000006606,1
000006612,1
000006618,1
000006624,1
000006630,1
000006636,1
000006642,1
000006648,1
000006654,1
000006660,1
000006666,1
000006672,1
000006678,1
000006684,1
000006690,1
000006696,1
000006702,1
000006708,1
000006714,1
000006720,1
000006726,1
000006732,2
000006738,2
000006744,2
000006750,2
000006756,2
000006762,2
000006768,2
000006774,2
000006780,2
000006786,2
000006792,2
000006798,2
000006804,2
000006810,2
000006816,2
000006822,2
000006828,2
000006834,2
000006840,2
000006846,2
000006852,2
000006858,2
000006864,2
000006870,2
000006876,2
000006882,2
000006888,2
000006894,2
000006900,2
000006906,2
000006912,2
000006918,2
000006924,2
000006930,2
000006936,2
000006942,2
000006948,2
000006954,2
000006960,2
000006966,2
000006972,2
000006978,2
000006984,2
000006990,2
000006996,2
000007002,2
000007008,2
000007014,2
000007020,2
000007026,2
000007032,2
000007038,2
000007044,2
000007050,2
000007056,2
000007062,2
000007068,2
000007074,2
000007080,2
000007086,2
000007092,2
000007098,2
000007104,2
000007110,2
000007116,2
000007122,2
000007128,2
000007134,2
000007140,2
000007146,2
000007152,2
000007158,2
000007164,2
000007170,2
000007176,3
000007182,3
000007188,3
000007194,3
000007200,3
000007206,3
000007212,3
000007218,3
000007224,3
000007230,3
000007236,3
000007242,3
000007248,3
000007254,3
000007260,3
000007266,3
000007272,3
000007278,3
000007284,3
000007290,3
000007296,3
000007302,3
000007308,3
000007314,3
000007320,3
000007326,3
000007332,3
000007338,3
000007344,3
000007350,3
000007356,3
000007362,3
000007368,3
000007374,3
000007380,3
000007386,3
000007392,3
000007398,3
000007404,3
000007410,3
000007416,3
000007422,3
000007428,3
000007434,3
000007440,3
000007446,3
000007452,3
000007458,3
000007464,3
000007470,3
000007476,3
000007482,3
000007488,3
000007494,3
000007500,3
000007506,3
000007512,3
000007518,3
000007524,3
000007530,3
000007536,3
000007542,3
000007548,3
000007554,3
000007560,3
000007566,3
000007572,3
000007578,3
000007584,3
000007590,3
000007596,3
000007602,3
000007608,3
000007614,3
000007620,3
000007626,3
000007632,3
000007638,3
000007644,3
000007650,4
000007656,4
000007662,4
000007668,4
000007674,4
000007680,4
000007686,4
000007692,4
000007698,4
000007704,4
000007710,4
000007716,4
000007722,4
000007728,4
000007734,4
000007740,4
000007746,4
000007752,4
000007758,4
000007764,4
000007770,4
000007776,4
000007782,4
000007788,4
000007794,4
000007800,4
000007806,4
000007812,4
000007818,4
000007824,4
000007830,4
000007836,4
000007842,4
000007848,4
000007854,4
000007860,4
000007866,4
000007872,4
000007878,4
000007884,4
000007890,4
000007896,4
000007902,4
000007908,4
000007914,4
000007920,4
000007926,4
000007932,4
000007938,4
000007944,4
000007950,4
000007956,4
000007962,4
000007968,4
000007974,4
000007980,4
000007986,4
000007992,4
000007998,4
000008004,4
000008010,4
000008016,4
000008022,4
000008028,4
000008034,4
000008040,1
000008046,1
000008052,1
000008058,1
000008064,1
000008070,1
000008076,1
000008082,1
000008088,1
000008094,1
000008100,1
000008106,1
000008112,1
000008118,1
000008124,1
000008130,1
000008136,1
000008142,1
000008148,1
000008154,1
000008160,1
000008166,1
000008172,1
000008178,1
000008184,1
000008190,1
000008196,1
000008202,1
000008208,1
000008214,1
000008220,2
000008226,2
000008232,2
000008238,2
000008244,2
000008250,2
000008256,2
000008262,2
000008268,2
000008274,2
000008280,2
000008286,2
000008292,2
000008298,2
000008304,2
000008310,2
000008316,2
000008322,2
000008328,2
000008334,2
000008340,2
000008346,2
000008352,2
000008358,2
000008364,2
000008370,2
000008376,2
000008382,2
000008388,2
000008394,2
000008400,2
000008406,2
000008412,2
000008418,2
000008424,2
000008430,2
000008436,2
000008442,2
000008448,2
000008454,2
000008460,2
000008466,2
000008472,2
000008478,2
000008484,2
000008490,2
000008496,2
000008502,2
000008508,2
000008514,2
000008520,2
000008526,2
000008532,2
000008538,2
000008544,2
000008550,2
000008556,2
000008562,2
000008568,2
000008574,2
000008580,2
000008586,2
000008592,2
000008598,2
000008604,2
000008610,2
000008616,2
000008622,2
000008628,2
000008634,2
000008640,2
000008646,2
000008652,2
000008658,2
000008664,2
000008670,2
000008676,2
000008682,2
000008688,2
000008694,2
000008700,2
000008706,2
000008712,2
000008718,2
000008724,2
000008730,2
000008736,2
000008742,2
000008748,2
000008754,3
000008760,3
000008766,3
000008772,3
000008778,3
000008784,3
000008790,3
000008796,3
000008802,3
000008808,3
000008814,3
000008820,3
000008826,3
000008832,3
000008838,3
000008844,3
000008850,3
000008856,3
000008862,3
000008868,3
000008874,3
000008880,3
000008886,3
000008892,3
000008898,3
000008904,3
000008910,3
000008916,3
000008922,3
000008928,3
000008934,3
000008940,3
000008946,3
000008952,3
000008958,3
000008964,3
000008970,3
000008976,3
000008982,3
000008988,3
000008994,3
000009000,3
000009006,3
000009012,3
000009018,3
000009024,4
000009030,4
000009036,4
000009042,4
000009048,4
000009054,4
000009060,4
000009066,4
000009072,4
000009078,4
000009084,4
000009090,4
000009096,4
000009102,4
000009108,4
000009114,4
000009120,4
000009126,4
000009132,4
000009138,4
000009144,4
000009150,4
000009156,4
000009162,4
000009168,4
000009174,4
000009180,4
000009186,4
000009192,4
000009198,4
000009204,4
000009210,4
000009216,4
000009222,4
000009228,4
000009234,4
000009240,4
000009246,4
000009252,4
000009258,4
000009264,4
000009270,4
000009276,4
000009282,4
000009288,4
000009294,4
000009300,4
000009306,4
000009312,4
000009318,4
000009324,4
000009330,4
000009336,4
000009342,4
000009348,4
000009354,4
000009360,4
000009366,4
000009372,4
000009378,4
000009384,4
000009390,4
000009396,4
000009402,4
000009408,4
000009414,4
000009420,4
000009426,4
000009432,4
000009438,4
000009444,4
000009450,4
000009456,4
000009462,4
000009468,4
000009474,4
000009480,4
000009486,4
000009492,4
000009498,4
000009504,4
000009510,4
000009516,4
000009522,4
000009528,4
000009534,4
000009540,1
000009546,1
000009552,1
000009558,1
000009564,1
000009570,1
000009576,1
000009582,1
000009588,1
000009594,1
000009600,1
000009606,1
000009612,1
000009618,1
000009624,1
000009630,1
000009636,1
000009642,1
000009648,1
000009654,1
000009660,1
000009666,1
000009672,1
000009678,1
000009684,1
000009690,1
000009696,1
000009702,1
000009708,1
000009714,1
000009720,1
000009726,1
000009732,1
000009738,1
000009744,1
000009750,1
000009756,1
000009762,1
000009768,1
000009774,1
000009780,1
000009786,1
000009792,1
000009798,1
000009804,1
000009810,1
000009816,1
000009822,1
000009828,1
000009834,1
000009840,1
000009846,1
000009852,1
000009858,1
000009864,1
000009870,1
000009876,1
000009882,1
000009888,1
000009894,1
000009900,2
000009906,2
000009912,2
000009918,2
000009924,2
000009930,2
000009936,2
000009942,2
000009948,2
000009954,2
000009960,2
000009966,2
000009972,2
000009978,2
000009984,2
000009990,2
000009996,2
000010002,2
000010008,2
000010014,2
000010020,2
000010026,2
000010032,2
000010038,2
000010044,2
000010050,2
000010056,2
000010062,2
000010068,2
000010074,2
000010080,2
000010086,2
000010092,2
000010098,2
000010104,2
000010110,2
000010116,2
000010122,2
000010128,2
000010134,2
000010140,2
000010146,2
000010152,2
000010158,2
000010164,2
000010170,2
000010176,3
000010182,3
000010188,3
000010194,3
000010200,3
000010206,3
000010212,3
000010218,3
000010224,3
000010230,3
000010236,3
000010242,3
000010248,3
000010254,3
000010260,3
000010266,3
000010272,3
000010278,3
000010284,3
000010290,3
000010296,3
000010302,3
000010308,3
000010314,3
000010320,3
000010326,3
000010332,3
000010338,3
000010344,3
000010350,3
000010356,3
000010362,3
000010368,3
000010374,3
000010380,3
000010386,3
000010392,3
000010398,3
000010404,3
000010410,3
000010416,3
000010422,3
000010428,3
000010434,3
000010440,3
000010446,3
000010452,3
000010458,3
000010464,3
000010470,3
000010476,3
000010482,3
000010488,3
000010494,3
000010500,3
000010506,3
000010512,3
000010518,3
000010524,3
000010530,3
000010536,3
000010542,3
000010548,3
000010554,3
000010560,3
000010566,3
000010572,3
000010578,3
000010584,3
000010590,3
000010596,3
000010602,3
000010608,3
000010614,3
000010620,3
000010626,3
000010632,3
000010638,3
000010644,3
000010650,3
000010656,3
000010662,3
000010668,3
000010674,3
000010680,3
000010686,3
000010692,3
000010698,4
000010704,4
000010710,4
000010716,4
000010722,4
000010728,4
000010734,4
000010740,4
000010746,4
000010752,4
000010758,4
000010764,4
000010770,4
000010776,4
000010782,4
000010788,4
000010794,4
000010800,4
000010806,4
000010812,4
000010818,4
000010824,4
000010830,4
000010836,4
000010842,4
000010848,4
000010854,4
000010860,4
000010866,4
000010872,4
000010878,4
000010884,4
000010890,4
000010896,4
000010902,4
000010908,4
000010914,4
000010920,4
000010926,4
000010932,4
000010938,4
000010944,4
000010950,4
000010956,4
000010962,4
000010968,4
000010974,4
000010980,4
000010986,4
000010992,4
000010998,4
000011004,4
000011010,4
000011016,4
000011022,4
000011028,4
000011034,4
000011040,4
000011046,4
000011052,4
000011058,4
000011064,4
000011070,4
000011076,4
000011082,4
000011088,4
000011094,4
000011100,4
000011106,4
000011112,4
000011118,4
000011124,4
000011130,4
000011136,4
000011142,4
000011148,4
000011154,4
000011160,4
000011166,4
000011172,4
000011178,4
000011184,4
000011190,4
000011196,4
000011202,4
000011208,4
000011214,4
000011220,4
000011226,4
000011232,4
000011238,4
000011244,4
000011250,4
000011256,4
000011262,4
000011268,4
000011274,4
000011280,4
000011286,4
000011292,4
000011298,4
000011304,4
000011310,4
000011316,4
000011322,4
000011328,1
000011334,1
000011340,1
000011346,1
000011352,1
000011358,1
000011364,1
000011370,1
000011376,1
000011382,1
000011388,1
000011394,1
000011400,1
000011406,1
000011412,1
000011418,1
000011424,1
000011430,1
000011436,1
000011442,1
000011448,1
000011454,1
000011460,1
000011466,1
000011472,1
000011478,1
000011484,1
000011490,1
000011496,1
000011502,1
000011508,1
000011514,1
000011520,1
000011526,1
000011532,1
000011538,1
000011544,1
000011550,1
000011556,1
000011562,1
000011568,1
000011574,1
000011580,1
000011586,1
000011592,1
000011598,1
000011604,1
000011610,1
000011616,1
000011622,1
000011628,1
000011634,1
000011640,2
000011646,2
000011652,2
000011658,2
000011664,2
000011670,2
000011676,2
000011682,2
000011688,2
000011694,2
000011700,2
000011706,2
000011712,2
000011718,2
000011724,2
000011730,2
000011736,2
000011742,2
000011748,2
000011754,2
000011760,2
000011766,2
000011772,2
000011778,2
000011784,2
000011790,2
000011796,2
000011802,2
000011808,2
000011814,2
000011820,2
000011826,2
000011832,2
000011838,2
000011844,2
000011850,2
000011856,2
000011862,2
000011868,2
000011874,2
000011880,2
000011886,2
000011892,2
000011898,2
000011904,2
000011910,2
000011916,2
000011922,2
000011928,2
000011934,2
000011940,2
000011946,2
000011952,2
000011958,2
000011964,2
000011970,2
000011976,2
000011982,2
000011988,2
000011994,3
000012000,3
000012006,3
000012012,3
000012018,3
000012024,3
000012030,3
000012036,3
000012042,3
000012048,3
000012054,3
000012060,3
000012066,3
000012072,3
000012078,3
000012084,3
000012090,3
000012096,3
000012102,3
000012108,3
000012114,3
000012120,3
000012126,3
000012132,3
000012138,3
000012144,3
000012150,3
000012156,3
000012162,3
000012168,3
000012174,3
000012180,3
000012186,3
000012192,3
000012198,3
000012204,3
000012210,3
000012216,3
000012222,3
000012228,3
000012234,3
000012240,3
000012246,3
000012252,3
000012258,3
000012264,3
000012270,3
000012276,3
000012282,3
000012288,3
000012294,3
000012300,3
000012306,3
000012312,3
000012318,3
000012324,3
000012330,3
000012336,3
000012342,3
000012348,4
000012354,4
000012360,4
000012366,4
000012372,4
000012378,4
000012384,4
000012390,4
000012396,4
000012402,4
000012408,4
000012414,4
000012420,4
000012426,4
000012432,4
000012438,4
000012444,4
000012450,4
000012456,4
000012462,4
000012468,4
000012474,4
000012480,4
000012486,4
000012492,4
000012498,4
000012504,4
000012510,4
000012516,4
000012522,4
000012528,4
000012534,4
000012540,4
000012546,4
000012552,4
000012558,4
000012564,4
000012570,4
000012576,4
000012582,4
000012588,4
000012594,4
000012600,4
000012606,4
000012612,4
000012618,4
000012624,4
000012630,4
000012636,4
000012642,4
000012648,4
000012654,4
000012660,4
000012666,4
000012672,4
000012678,4
000012684,4
000012690,4
000012696,1
000012702,1
000012708,1
000012714,1
000012720,1
000012726,1
000012732,1
000012738,1
000012744,1
000012750,1
000012756,1
000012762,1
000012768,1
000012774,1
000012780,1
000012786,1
000012792,1
000012798,1
000012804,1
000012810,1
000012816,1
000012822,1
000012828,1
000012834,1
000012840,2
000012846,2
000012852,2
000012858,2
000012864,2
000012870,2
000012876,2
000012882,2
000012888,2
000012894,2
000012900,2
000012906,2
000012912,2
000012918,2
000012924,2
000012930,2
000012936,2
000012942,2
000012948,2
000012954,2
000012960,2
000012966,2
000012972,2
000012978,2
000012984,2
000012990,2
000012996,2
000013002,2
000013008,2
000013014,2
000013020,2
000013026,2
000013032,2
000013038,2
000013044,2
000013050,2
000013056,2
000013062,2
000013068,2
000013074,2
000013080,2
000013086,2
000013092,2
000013098,2
000013104,2
000013110,2
000013116,2
000013122,2
000013128,2
000013134,2
000013140,2
000013146,2
000013152,2
000013158,3
000013164,3
000013170,3
000013176,3
000013182,3
000013188,3
000013194,3
000013200,3
000013206,3
000013212,3
000013218,3
000013224,3
000013230,3
000013236,3
000013242,3
000013248,3
000013254,3
000013260,3
000013266,3
000013272,3
000013278,3
000013284,3
000013290,3
000013296,3
000013302,3
000013308,3
000013314,3
000013320,3
000013326,3
000013332,3
000013338,3
000013344,3
000013350,3
000013356,3
000013362,3
000013368,3
000013374,3
000013380,3
000013386,3
000013392,3
000013398,3
000013404,3
000013410,3
000013416,3
000013422,3
000013428,3
000013434,3
000013440,3
000013446,3
000013452,3
000013458,3
000013464,3
000013470,3
000013476,3
000013482,3
000013488,3
000013494,3
000013500,3
000013506,3
000013512,4
000013518,4
000013524,4
000013530,4
000013536,4
000013542,4
000013548,4
000013554,4
000013560,4
000013566,4
000013572,4
000013578,4
000013584,4
000013590,4
000013596,4
000013602,4
000013608,4
000013614,4
000013620,4
000013626,4
000013632,4
000013638,4
000013644,4
000013650,4
000013656,4
000013662,4
000013668,4
000013674,4
000013680,4
000013686,4
000013692,4
000013698,4
000013704,4
000013710,4
000013716,4
000013722,4
000013728,4
000013734,4
000013740,4
000013746,4
000013752,4
000013758,4
000013764,4
000013770,4
000013776,4
000013782,4
000013788,4
000013794,4
000013800,4
000013806,4
000013812,4
000013818,4
000013824,4
000013830,4
000013836,4
000013842,4
000013848,4
000013854,4
000013860,4
000013866,4
000013872,4
000013878,4
000013884,4
000013890,1
000013896,1
000013902,1
000013908,1
000013914,1
000013920,1
000013926,1
000013932,1
000013938,1
000013944,1
000013950,2
000013956,2
000013962,2
000013968,2
000013974,2
000013980,2
000013986,2
000013992,2
000013998,2
000014004,2
000014010,2
000014016,2
000014022,2
000014028,2
000014034,2
000014040,2
000014046,2
000014052,2
000014058,2
000014064,2
000014070,2
000014076,2
000014082,2
000014088,2
000014094,2
000014100,2
000014106,2
000014112,2
000014118,2
000014124,2
000014130,2
000014136,2
000014142,3
000014148,3
000014154,3
000014160,3
000014166,3
000014172,3
000014178,3
000014184,3
000014190,3
000014196,3
000014202,3
000014208,3
000014214,3
000014220,3
000014226,3
000014232,3
000014238,3
000014244,3
000014250,3
000014256,3
000014262,3
000014268,3
000014274,3
000014280,3
000014286,3
000014292,3
000014298,3
000014304,3
000014310,3
000014316,3
000014322,3
000014328,3
000014334,3
000014340,3
000014346,3
000014352,3
000014358,3
000014364,3
000014370,3
000014376,3
000014382,3
000014388,3
000014394,3
000014400,3
000014406,3
000014412,3
000014418,3
000014424,3
000014430,3
000014436,3
000014442,3
000014448,3
000014454,3
000014460,3
000014466,3
000014472,3
000014478,3
000014484,3
000014490,3
000014496,4
000014502,4
000014508,4
000014514,4
000014520,4
000014526,4
000014532,4
000014538,4
000014544,4
000014550,4
000014556,4
000014562,4
000014568,4
000014574,4
000014580,4
000014586,4
000014592,4
000014598,4
000014604,4
000014610,4
000014616,4
000014622,4
000014628,4
000014634,4
000014640,4
000014646,4
000014652,4
000014658,4
000014664,4
000014670,4
000014676,4
000014682,4
000014688,4
000014694,4
000014700,4
000014706,4
000014712,4
000014718,4
000014724,4
000014730,4
000014736,4
000014742,4
000014748,4
000014754,4
000014760,4
000014766,4
000014772,4
000014778,4
000014784,4
000014790,4
000014796,4
000014802,4
000014808,4
000014814,4
000014820,4
000014826,1
000014832,1
000014838,1
000014844,1
000014850,1
000014856,1
000014862,1
000014868,1
000014874,1
000014880,1
000014886,1
000014892,1
000014898,1
000014904,1
000014910,1
000014916,1
000014922,1
000014928,1
000014934,1
000014940,1
000014946,1
000014952,1
000014958,1
000014964,1
000014970,1
000014976,1
000014982,1
000014988,1
000014994,1
000015000,1
000015006,1
000015012,1
000015018,1
000015024,1
000015030,1
000015036,1
000015042,1
000015048,2
000015054,2
000015060,2
000015066,2
000015072,2
000015078,2
000015084,2
000015090,2
000015096,2
000015102,2
000015108,2
000015114,2
000015120,2
000015126,2
000015132,2
000015138,2
000015144,2
000015150,2
000015156,2
000015162,2
000015168,2
000015174,2
000015180,3
000015186,3
000015192,3
000015198,3
000015204,3
000015210,3
000015216,3
000015222,3
000015228,3
000015234,3
000015240,3
000015246,3
000015252,3
000015258,3
000015264,3
000015270,3
000015276,3
000015282,3
000015288,3
000015294,3
000015300,3
000015306,3
000015312,3
000015318,3
000015324,3
000015330,3
000015336,3
000015342,3
000015348,3
000015354,3
000015360,3
000015366,3
000015372,3
000015378,3
000015384,3
000015390,3
000015396,3
000015402,3
000015408,4
000015414,4
000015420,4
000015426,4
000015432,4
000015438,4
000015444,4
000015450,4
000015456,4
000015462,4
000015468,4
000015474,4
000015480,4
000015486,4
000015492,4
000015498,4
000015504,4
000015510,4
000015516,4
000015522,4
000015528,4
000015534,4
000015540,4
000015546,4
000015552,4
000015558,4
000015564,4
000015570,4
000015576,4
000015582,4
000015588,4
000015594,4
000015600,4
000015606,4
000015612,4
000015618,4
000015624,4
000015630,4
000015636,4
000015642,4
000015648,4
000015654,4
000015660,4
000015666,4
000015672,4
000015678,4
000015684,4
000015690,4
000015696,4
000015702,4
000015708,4
000015714,4
000015720,4
000015726,4
000015732,4
000015738,4
000015744,4
000015750,4
000015756,4
000015762,4
000015768,4
000015774,4
000015780,4
000015786,4
000015792,4
000015798,4
000015804,4
000015810,4
000015816,4
000015822,4
000015828,4
000015834,4
000015840,4
000015846,4
000015852,4
000015858,4
000015864,4
000015870,4
000015876,4
000015882,4
000015888,4
000015894,4
000015900,4
000015906,4
000015912,4
000015918,4
000015924,4
000015930,4
000015936,4
000015942,4
000015948,4
000015954,4
000015960,4
000015966,4
000015972,4
000015978,4
000015984,4
000015990,4
000015996,4
000016002,4
000016008,4
000016014,4
000016020,4
000016026,4
000016032,4
000016038,4
000016044,4
000016050,4
000016056,4
000016062,4
000016068,4
000016074,4
000016080,4
000016086,4
000016092,4
000016098,4
000016104,4
000016110,4
000016116,4
000016122,4
000016128,6
000016134,6
000016140,6
000016146,6
000016152,6
000016158,6
000016164,6
000016170,6
000016176,6
000016182,6
000016188,6
000016194,6
000016200,6
000016206,6
000016212,6
000016218,6
000016224,6
000016230,6
000016236,6
000016242,6
000016248,6
000016254,6
000016260,6
000016266,6
000016272,6
000016278,6
000016284,6
000016290,6
000016296,6
000016302,6
000016308,6
000016314,6
000016320,6
000016326,6
000016332,6
000016338,6
000016344,6
000016350,6
000016356,6
000016362,6
000016368,6
000016374,6
000016380,6
000016386,6
000016392,6
000016398,6
000016404,6
000016410,6
000016416,6
000016422,6
000016428,6
000016434,7
000016440,7
000016446,7
000016452,7
000016458,7
000016464,7
000016470,7
000016476,7
000016482,7
000016488,7
000016494,7
000016500,7
000016506,7
000016512,7
000016518,7
000016524,7
000016530,1
000016536,1
000016542,1
000016548,1
000016554,1
000016560,1
000016566,1
000016572,1
000016578,1
000016584,1
000016590,1
000016596,1
000016602,1
000016608,1
000016614,1
000016620,1
000016626,1
000016632,1
000016638,7
000016644,7
000016650,7
000016656,7
000016662,7
000016668,7
000016674,7
000016680,7
000016686,7
000016692,7
000016698,7
000016704,7
000016710,7
000016716,7
000016722,7
000016728,7
000016734,7
000016740,7
000016746,7
000016752,7
000016758,7
000016764,7
000016770,7
000016776,7
000016782,7
000016788,7
000016794,7
000016800,7
000016806,7
000016812,7
000016818,7
000016824,7
000016830,7
000016836,7
000016842,7
000016848,7
000016854,7
000016860,7
000016866,7
000016872,7
000016878,7
000016884,7
000016890,7
000016896,7
000016902,7
000016908,7
000016914,1
000016920,1
000016926,1
000016932,1
000016938,1
000016944,1
000016950,1
000016956,1
000016962,1
000016968,1
000016974,1
000016980,1
000016986,1
000016992,1
000016998,1
000017004,1
000017010,7
000017016,7
000017022,7
000017028,7
000017034,7
000017040,7
000017046,7
000017052,7
000017058,7
000017064,7
000017070,7
000017076,7
000017082,7
000017088,7
000017094,7
000017100,7
000017106,7
000017112,7
000017118,7
000017124,7
000017130,7
000017136,7
000017142,7
000017148,7
000017154,7
000017160,7
000017166,7
000017172,7
000017178,7
000017184,7
000017190,7
000017196,7
000017202,7
000017208,7
000017214,7
000017220,7
000017226,7
000017232,7
000017238,7
000017244,7
000017250,7
000017256,7
000017262,7
000017268,7
000017274,7
000017280,7
000017286,7
000017292,7
000017298,7
000017304,7
000017310,7
000017316,7
000017322,7
000017328,7
000017334,7
000017340,7
000017346,7
000017352,7
000017358,7
