00000 00063 0 
00064 00151 1 
00152 00827 2 
00828 01348 3 
01349 01753 4 
01754 01951 1 
01952 02271 2 
02272 02633 3 
02634 03260 4 
03261 03571 1 
03572 04030 2 
04031 04410 3 
04411 04929 4 
04930 05158 1 
05159 05584 2 
05585 05914 3 
05915 06296 4 
06297 06733 1 
06734 07179 2 
07180 07654 3 
07655 08043 4 
08044 08223 1 
08224 08757 2 
08758 09026 3 
09027 09544 4 
09545 09903 1 
09904 10177 2 
10178 10702 3 
10703 11330 4 
11331 11642 1 
11643 11993 2 
11994 12350 3 
12351 12696 4 
12697 12840 1 
12841 13162 2 
13163 13516 3 
13517 13890 4 
13891 13951 1 
13952 14141 2 
14142 14495 3 
14496 14828 4 
14829 15047 1 
15048 15183 2 
15184 15408 3 
15409 16132 4 
16133 16435 6 
16436 16534 7 
16535 16640 1 
16641 16914 7 
16915 17013 1 
17014 17359 7 
