00000 00179 0 
00180 00265 1 
00266 00806 2 
00807 01647 0 
01648 02702 2 
02703 03363 3 
03364 03784 2 
03785 04555 3 
04556 05009 2 
05010 06815 3 
06816 07393 4 
07394 08404 2 
08405 09167 3 
09168 09365 2 
09366 10163 3 
10164 10426 4 
10427 10847 2 
10848 11839 3 
11840 12557 4 
12558 12705 0 
12706 12883 1 
12884 13558 2 
13559 13634 3 
13635 13812 2 
13813 13927 3 
13928 14789 2 
14790 15628 3 
15629 16346 4 
16347 17659 2 
17660 17919 3 
17920 18139 2 
18140 19021 3 
19022 20004 4 
20005 20531 1 
20532 21110 2 
21111 21233 3 
21234 21988 0 
21989 22765 2 
22766 23676 3 
23677 23820 4 
23821 25650 5 
25651 25817 1 
25818 26556 2 
26557 27169 3 
27170 27522 4 
27523 28171 2 
28172 28838 3 
28839 29514 4 
29515 30130 2 
30131 30597 3 
30598 30898 4 
30899 31378 2 
31379 31777 3 
31778 32082 4 
32083 32314 2 
32315 32774 3 
32775 33103 4 
33104 34042 6 
34043 34107 7 
34108 34214 1 
34215 34390 7 
34391 34433 0 
