000000000,0
000000006,0
000000012,0
000000018,0
000000024,0
000000030,0
000000036,0
000000042,0
000000048,0
000000054,0
000000060,0
000000066,0
000000072,0
000000078,0
000000084,0
000000090,0
000000096,0
000000102,0
000000108,0
000000114,0
000000120,0
000000126,0
000000132,0
000000138,0
000000144,0
000000150,0
000000156,0
000000162,0
000000168,0
000000174,0
000000180,1
000000186,1
000000192,1
000000198,1
000000204,1
000000210,1
000000216,1
000000222,1
000000228,1
000000234,1
000000240,1
000000246,1
000000252,1
000000258,1
000000264,2
000000270,2
000000276,2
000000282,2
000000288,2
000000294,2
000000300,2
000000306,2
000000312,2
000000318,2
000000324,2
000000330,2
000000336,2
000000342,2
000000348,2
000000354,2
000000360,2
000000366,2
000000372,2
000000378,2
000000384,2
000000390,2
000000396,2
000000402,2
000000408,2
000000414,2
000000420,2
000000426,2
000000432,2
000000438,2
000000444,2
000000450,2
000000456,2
000000462,2
000000468,2
000000474,2
000000480,2
000000486,2
000000492,2
000000498,2
000000504,2
000000510,2
000000516,2
000000522,2
000000528,2
000000534,2
000000540,2
000000546,2
000000552,2
000000558,2
000000564,2
000000570,2
000000576,2
000000582,2
000000588,2
000000594,2
000000600,2
000000606,2
000000612,2
000000618,2
000000624,2
000000630,2
000000636,2
000000642,2
000000648,2
000000654,2
000000660,2
000000666,2
000000672,2
000000678,2
000000684,2
000000690,2
000000696,2
000000702,2
000000708,2
000000714,2
000000720,2
000000726,2
000000732,2
000000738,2
000000744,2
000000750,2
000000756,2
000000762,2
000000768,2
000000774,2
000000780,2
000000786,2
000000792,2
000000798,2
000000804,0
000000810,0
000000816,0
000000822,0
000000828,0
000000834,0
000000840,0
000000846,0
000000852,0
000000858,0
000000864,0
000000870,0
000000876,0
000000882,0
000000888,0
000000894,0
000000900,0
000000906,0
000000912,0
000000918,0
000000924,0
000000930,0
000000936,0
000000942,0
000000948,0
000000954,0
000000960,0
000000966,0
000000972,0
000000978,0
000000984,0
000000990,0
000000996,0
000001002,0
000001008,0
000001014,0
000001020,0
000001026,0
000001032,0
000001038,0
000001044,0
000001050,0
000001056,0
000001062,0
000001068,0
000001074,0
000001080,0
000001086,0
000001092,0
000001098,0
000001104,0
000001110,0
000001116,0
000001122,0
000001128,0
000001134,0
000001140,0
000001146,0
000001152,0
000001158,0
000001164,0
000001170,0
000001176,0
000001182,0
000001188,0
000001194,0
000001200,0
000001206,0
000001212,0
000001218,0
000001224,0
000001230,0
000001236,0
000001242,0
000001248,0
000001254,0
000001260,0
000001266,0
000001272,0
000001278,0
000001284,0
000001290,0
000001296,0
000001302,0
000001308,0
000001314,0
000001320,0
000001326,0
000001332,0
000001338,0
000001344,0
000001350,0
000001356,0
000001362,0
000001368,0
000001374,0
000001380,0
000001386,0
000001392,0
000001398,0
000001404,0
000001410,0
000001416,0
000001422,0
000001428,0
000001434,0
000001440,0
000001446,0
000001452,0
000001458,0
000001464,0
000001470,0
000001476,0
000001482,0
000001488,0
000001494,0
000001500,0
000001506,0
000001512,0
000001518,0
000001524,0
000001530,0
000001536,0
000001542,0
000001548,0
000001554,0
000001560,0
000001566,0
000001572,0
000001578,0
000001584,0
000001590,0
000001596,0
000001602,0
000001608,0
000001614,0
000001620,0
000001626,0
000001632,0
000001638,0
000001644,2
000001650,2
000001656,2
000001662,2
000001668,2
000001674,2
000001680,2
000001686,2
000001692,2
000001698,2
000001704,2
000001710,2
000001716,2
000001722,2
000001728,2
000001734,2
000001740,2
000001746,2
000001752,2
000001758,2
000001764,2
000001770,2
000001776,2
000001782,2
000001788,2
000001794,2
000001800,2
000001806,2
000001812,2
000001818,2
000001824,2
000001830,2
000001836,2
000001842,2
000001848,2
000001854,2
000001860,2
000001866,2
000001872,2
000001878,2
000001884,2
000001890,2
000001896,2
000001902,2
000001908,2
000001914,2
000001920,2
000001926,2
000001932,2
000001938,2
000001944,2
000001950,2
000001956,2
000001962,2
000001968,2
000001974,2
000001980,2
000001986,2
000001992,2
000001998,2
000002004,2
000002010,2
000002016,2
000002022,2
000002028,2
000002034,2
000002040,2
000002046,2
000002052,2
000002058,2
000002064,2
000002070,2
000002076,2
000002082,2
000002088,2
000002094,2
000002100,2
000002106,2
000002112,2
000002118,2
000002124,2
000002130,2
000002136,2
000002142,2
000002148,2
000002154,2
000002160,2
000002166,2
000002172,2
000002178,2
000002184,2
000002190,2
000002196,2
000002202,2
000002208,2
000002214,2
000002220,2
000002226,2
000002232,2
000002238,2
000002244,2
000002250,2
000002256,2
000002262,2
000002268,2
000002274,2
000002280,2
000002286,2
000002292,2
000002298,2
000002304,2
000002310,2
000002316,2
000002322,2
000002328,2
000002334,2
000002340,2
000002346,2
000002352,2
000002358,2
000002364,2
000002370,2
000002376,2
000002382,2
000002388,2
000002394,2
000002400,2
000002406,2
000002412,2
000002418,2
000002424,2
000002430,2
000002436,2
000002442,2
000002448,2
000002454,2
000002460,2
000002466,2
000002472,2
000002478,2
000002484,2
000002490,2
000002496,2
000002502,2
000002508,2
000002514,2
000002520,2
000002526,2
000002532,2
000002538,2
000002544,2
000002550,2
000002556,2
000002562,2
000002568,2
000002574,2
000002580,2
000002586,2
000002592,2
000002598,2
000002604,2
000002610,2
000002616,2
000002622,2
000002628,2
000002634,2
000002640,2
000002646,2
000002652,2
000002658,2
000002664,2
000002670,2
000002676,2
000002682,2
000002688,2
000002694,2
000002700,3
000002706,3
000002712,3
000002718,3
000002724,3
000002730,3
000002736,3
000002742,3
000002748,3
000002754,3
000002760,3
000002766,3
000002772,3
000002778,3
000002784,3
000002790,3
000002796,3
000002802,3
000002808,3
000002814,3
000002820,3
000002826,3
000002832,3
000002838,3
000002844,3
000002850,3
000002856,3
000002862,3
000002868,3
000002874,3
000002880,3
000002886,3
000002892,3
000002898,3
000002904,3
000002910,3
000002916,3
000002922,3
000002928,3
000002934,3
000002940,3
000002946,3
000002952,3
000002958,3
000002964,3
000002970,3
000002976,3
000002982,3
000002988,3
000002994,3
000003000,3
000003006,3
000003012,3
000003018,3
000003024,3
000003030,3
000003036,3
000003042,3
000003048,3
000003054,3
000003060,3
000003066,3
000003072,3
000003078,3
000003084,3
000003090,3
000003096,3
000003102,3
000003108,3
000003114,3
000003120,3
000003126,3
000003132,3
000003138,3
000003144,3
000003150,3
000003156,3
000003162,3
000003168,3
000003174,3
000003180,3
000003186,3
000003192,3
000003198,3
000003204,3
000003210,3
000003216,3
000003222,3
000003228,3
000003234,3
000003240,3
000003246,3
000003252,3
000003258,3
000003264,3
000003270,3
000003276,3
000003282,3
000003288,3
000003294,3
000003300,3
000003306,3
000003312,3
000003318,3
000003324,3
000003330,3
000003336,3
000003342,3
000003348,3
000003354,3
000003360,2
000003366,2
000003372,2
000003378,2
000003384,2
000003390,2
000003396,2
000003402,2
000003408,2
000003414,2
000003420,2
000003426,2
000003432,2
000003438,2
000003444,2
000003450,2
000003456,2
000003462,2
000003468,2
000003474,2
000003480,2
000003486,2
000003492,2
000003498,2
000003504,2
000003510,2
000003516,2
000003522,2
000003528,2
000003534,2
000003540,2
000003546,2
000003552,2
000003558,2
000003564,2
000003570,2
000003576,2
000003582,2
000003588,2
000003594,2
000003600,2
000003606,2
000003612,2
000003618,2
000003624,2
000003630,2
000003636,2
000003642,2
000003648,2
000003654,2
000003660,2
000003666,2
000003672,2
000003678,2
000003684,2
000003690,2
000003696,2
000003702,2
000003708,2
000003714,2
000003720,2
000003726,2
000003732,2
000003738,2
000003744,2
000003750,2
000003756,2
000003762,2
000003768,2
000003774,2
000003780,3
000003786,3
000003792,3
000003798,3
000003804,3
000003810,3
000003816,3
000003822,3
000003828,3
000003834,3
000003840,3
000003846,3
000003852,3
000003858,3
000003864,3
000003870,3
000003876,3
000003882,3
000003888,3
000003894,3
000003900,3
000003906,3
000003912,3
000003918,3
000003924,3
000003930,3
000003936,3
000003942,3
000003948,3
000003954,3
000003960,3
000003966,3
000003972,3
000003978,3
000003984,3
000003990,3
000003996,3
000004002,3
000004008,3
000004014,3
000004020,3
000004026,3
000004032,3
000004038,3
000004044,3
000004050,3
000004056,3
000004062,3
000004068,3
000004074,3
000004080,3
000004086,3
000004092,3
000004098,3
000004104,3
000004110,3
000004116,3
000004122,3
000004128,3
000004134,3
000004140,3
000004146,3
000004152,3
000004158,3
000004164,3
000004170,3
000004176,3
000004182,3
000004188,3
000004194,3
000004200,3
000004206,3
000004212,3
000004218,3
000004224,3
000004230,3
000004236,3
000004242,3
000004248,3
000004254,3
000004260,3
000004266,3
000004272,3
000004278,3
000004284,3
000004290,3
000004296,3
000004302,3
000004308,3
000004314,3
000004320,3
000004326,3
000004332,3
000004338,3
000004344,3
000004350,3
000004356,3
000004362,3
000004368,3
000004374,3
000004380,3
000004386,3
000004392,3
000004398,3
000004404,3
000004410,3
000004416,3
000004422,3
000004428,3
000004434,3
000004440,3
000004446,3
000004452,3
000004458,3
000004464,3
000004470,3
000004476,3
000004482,3
000004488,3
000004494,3
000004500,3
000004506,3
000004512,3
000004518,3
000004524,3
000004530,3
000004536,3
000004542,3
000004548,3
000004554,2
000004560,2
000004566,2
000004572,2
000004578,2
000004584,2
000004590,2
000004596,2
000004602,2
000004608,2
000004614,2
000004620,2
000004626,2
000004632,2
000004638,2
000004644,2
000004650,2
000004656,2
000004662,2
000004668,2
000004674,2
000004680,2
000004686,2
000004692,2
000004698,2
000004704,2
000004710,2
000004716,2
000004722,2
000004728,2
000004734,2
000004740,2
000004746,2
000004752,2
000004758,2
000004764,2
000004770,2
000004776,2
000004782,2
000004788,2
000004794,2
000004800,2
000004806,2
000004812,2
000004818,2
000004824,2
000004830,2
000004836,2
000004842,2
000004848,2
000004854,2
000004860,2
000004866,2
000004872,2
000004878,2
000004884,2
000004890,2
000004896,2
000004902,2
000004908,2
000004914,2
000004920,2
000004926,2
000004932,2
000004938,2
000004944,2
000004950,2
000004956,2
000004962,2
000004968,2
000004974,2
000004980,2
000004986,2
000004992,2
000004998,2
000005004,2
000005010,3
000005016,3
000005022,3
000005028,3
000005034,3
000005040,3
000005046,3
000005052,3
000005058,3
000005064,3
000005070,3
000005076,3
000005082,3
000005088,3
000005094,3
000005100,3
000005106,3
000005112,3
000005118,3
000005124,3
000005130,3
000005136,3
000005142,3
000005148,3
000005154,3
000005160,3
000005166,3
000005172,3
000005178,3
000005184,3
000005190,3
000005196,3
000005202,3
000005208,3
000005214,3
000005220,3
000005226,3
000005232,3
000005238,3
000005244,3
000005250,3
000005256,3
000005262,3
000005268,3
000005274,3
000005280,3
000005286,3
000005292,3
000005298,3
000005304,3
000005310,3
000005316,3
000005322,3
000005328,3
000005334,3
000005340,3
000005346,3
000005352,3
000005358,3
000005364,3
000005370,3
000005376,3
000005382,3
000005388,3
000005394,3
000005400,3
000005406,3
000005412,3
000005418,3
000005424,3
000005430,3
000005436,3
000005442,3
000005448,3
000005454,3
000005460,3
000005466,3
000005472,3
000005478,3
000005484,3
000005490,3
000005496,3
000005502,3
000005508,3
000005514,3
000005520,3
000005526,3
000005532,3
000005538,3
000005544,3
000005550,3
000005556,3
000005562,3
000005568,3
000005574,3
000005580,3
000005586,3
000005592,3
000005598,3
000005604,3
000005610,3
000005616,3
000005622,3
000005628,3
000005634,3
000005640,3
000005646,3
000005652,3
000005658,3
000005664,3
000005670,3
000005676,3
000005682,3
000005688,3
000005694,3
000005700,3
000005706,3
000005712,3
000005718,3
000005724,3
000005730,3
000005736,3
000005742,3
000005748,3
000005754,3
000005760,3
000005766,3
000005772,3
000005778,3
000005784,3
000005790,3
000005796,3
000005802,3
000005808,3
000005814,3
000005820,3
000005826,3
000005832,3
000005838,3
000005844,3
000005850,3
000005856,3
000005862,3
000005868,3
000005874,3
000005880,3
000005886,3
000005892,3
000005898,3
000005904,3
000005910,3
000005916,3
000005922,3
000005928,3
000005934,3
000005940,3
000005946,3
000005952,3
000005958,3
000005964,3
000005970,3
000005976,3
000005982,3
000005988,3
000005994,3
000006000,3
000006006,3
000006012,3
000006018,3
000006024,3
000006030,3
000006036,3
000006042,3
000006048,3
000006054,3
000006060,3
000006066,3
000006072,3
000006078,3
000006084,3
000006090,3
000006096,3
000006102,3
000006108,3
000006114,3
000006120,3
000006126,3
000006132,3
000006138,3
000006144,3
000006150,3
000006156,3
000006162,3
000006168,3
000006174,3
000006180,3
000006186,3
000006192,3
000006198,3
000006204,3
000006210,3
000006216,3
000006222,3
000006228,3
000006234,3
000006240,3
000006246,3
000006252,3
000006258,3
000006264,3
000006270,3
000006276,3
000006282,3
000006288,3
000006294,3
000006300,3
000006306,3
000006312,3
000006318,3
000006324,3
000006330,3
000006336,3
000006342,3
000006348,3
000006354,3
000006360,3
000006366,3
000006372,3
000006378,3
000006384,3
000006390,3
000006396,3
000006402,3
000006408,3
000006414,3
000006420,3
000006426,3
000006432,3
000006438,3
000006444,3
000006450,3
000006456,3
000006462,3
000006468,3
000006474,3
000006480,3
000006486,3
000006492,3
000006498,3
000006504,3
000006510,3
000006516,3
000006522,3
000006528,3
000006534,3
000006540,3
000006546,3
000006552,3
000006558,3
000006564,3
000006570,3
000006576,3
000006582,3
000006588,3
000006594,3
000006600,3
000006606,3
000006612,3
000006618,3
000006624,3
000006630,3
000006636,3
000006642,3
000006648,3
000006654,3
000006660,3
000006666,3
000006672,3
000006678,3
000006684,3
000006690,3
000006696,3
000006702,3
000006708,3
000006714,3
000006720,3
000006726,3
000006732,3
000006738,3
000006744,3
000006750,3
000006756,3
000006762,3
000006768,3
000006774,3
000006780,3
000006786,3
000006792,3
000006798,3
000006804,3
000006810,3
000006816,4
000006822,4
000006828,4
000006834,4
000006840,4
000006846,4
000006852,4
000006858,4
000006864,4
000006870,4
000006876,4
000006882,4
000006888,4
000006894,4
000006900,4
000006906,4
000006912,4
000006918,4
000006924,4
000006930,4
000006936,4
000006942,4
000006948,4
000006954,4
000006960,4
000006966,4
000006972,4
000006978,4
000006984,4
000006990,4
000006996,4
000007002,4
000007008,4
000007014,4
000007020,4
000007026,4
000007032,4
000007038,4
000007044,4
000007050,4
000007056,4
000007062,4
000007068,4
000007074,4
000007080,4
000007086,4
000007092,4
000007098,4
000007104,4
000007110,4
000007116,4
000007122,4
000007128,4
000007134,4
000007140,4
000007146,4
000007152,4
000007158,4
000007164,4
000007170,4
000007176,4
000007182,4
000007188,4
000007194,4
000007200,4
000007206,4
000007212,4
000007218,4
000007224,4
000007230,4
000007236,4
000007242,4
000007248,4
000007254,4
000007260,4
000007266,4
000007272,4
000007278,4
000007284,4
000007290,4
000007296,4
000007302,4
000007308,4
000007314,4
000007320,4
000007326,4
000007332,4
000007338,4
000007344,4
000007350,4
000007356,4
000007362,4
000007368,4
000007374,4
000007380,4
000007386,4
000007392,2
000007398,2
000007404,2
000007410,2
000007416,2
000007422,2
000007428,2
000007434,2
000007440,2
000007446,2
000007452,2
000007458,2
000007464,2
000007470,2
000007476,2
000007482,2
000007488,2
000007494,2
000007500,2
000007506,2
000007512,2
000007518,2
000007524,2
000007530,2
000007536,2
000007542,2
000007548,2
000007554,2
000007560,2
000007566,2
000007572,2
000007578,2
000007584,2
000007590,2
000007596,2
000007602,2
000007608,2
000007614,2
000007620,2
000007626,2
000007632,2
000007638,2
000007644,2
000007650,2
000007656,2
000007662,2
000007668,2
000007674,2
000007680,2
000007686,2
000007692,2
000007698,2
000007704,2
000007710,2
000007716,2
000007722,2
000007728,2
000007734,2
000007740,2
000007746,2
000007752,2
000007758,2
000007764,2
000007770,2
000007776,2
000007782,2
000007788,2
000007794,2
000007800,2
000007806,2
000007812,2
000007818,2
000007824,2
000007830,2
000007836,2
000007842,2
000007848,2
000007854,2
000007860,2
000007866,2
000007872,2
000007878,2
000007884,2
000007890,2
000007896,2
000007902,2
000007908,2
000007914,2
000007920,2
000007926,2
000007932,2
000007938,2
000007944,2
000007950,2
000007956,2
000007962,2
000007968,2
000007974,2
000007980,2
000007986,2
000007992,2
000007998,2
000008004,2
000008010,2
000008016,2
000008022,2
000008028,2
000008034,2
000008040,2
000008046,2
000008052,2
000008058,2
000008064,2
000008070,2
000008076,2
000008082,2
000008088,2
000008094,2
000008100,2
000008106,2
000008112,2
000008118,2
000008124,2
000008130,2
000008136,2
000008142,2
000008148,2
000008154,2
000008160,2
000008166,2
000008172,2
000008178,2
000008184,2
000008190,2
000008196,2
000008202,2
000008208,2
000008214,2
000008220,2
000008226,2
000008232,2
000008238,2
000008244,2
000008250,2
000008256,2
000008262,2
000008268,2
000008274,2
000008280,2
000008286,2
000008292,2
000008298,2
000008304,2
000008310,2
000008316,2
000008322,2
000008328,2
000008334,2
000008340,2
000008346,2
000008352,2
000008358,2
000008364,2
000008370,2
000008376,2
000008382,2
000008388,2
000008394,2
000008400,3
000008406,3
000008412,3
000008418,3
000008424,3
000008430,3
000008436,3
000008442,3
000008448,3
000008454,3
000008460,3
000008466,3
000008472,3
000008478,3
000008484,3
000008490,3
000008496,3
000008502,3
000008508,3
000008514,3
000008520,3
000008526,3
000008532,3
000008538,3
000008544,3
000008550,3
000008556,3
000008562,3
000008568,3
000008574,3
000008580,3
000008586,3
000008592,3
000008598,3
000008604,3
000008610,3
000008616,3
000008622,3
000008628,3
000008634,3
000008640,3
000008646,3
000008652,3
000008658,3
000008664,3
000008670,3
000008676,3
000008682,3
000008688,3
000008694,3
000008700,3
000008706,3
000008712,3
000008718,3
000008724,3
000008730,3
000008736,3
000008742,3
000008748,3
000008754,3
000008760,3
000008766,3
000008772,3
000008778,3
000008784,3
000008790,3
000008796,3
000008802,3
000008808,3
000008814,3
000008820,3
000008826,3
000008832,3
000008838,3
000008844,3
000008850,3
000008856,3
000008862,3
000008868,3
000008874,3
000008880,3
000008886,3
000008892,3
000008898,3
000008904,3
000008910,3
000008916,3
000008922,3
000008928,3
000008934,3
000008940,3
000008946,3
000008952,3
000008958,3
000008964,3
000008970,3
000008976,3
000008982,3
000008988,3
000008994,3
000009000,3
000009006,3
000009012,3
000009018,3
000009024,3
000009030,3
000009036,3
000009042,3
000009048,3
000009054,3
000009060,3
000009066,3
000009072,3
000009078,3
000009084,3
000009090,3
000009096,3
000009102,3
000009108,3
000009114,3
000009120,3
000009126,3
000009132,3
000009138,3
000009144,3
000009150,3
000009156,3
000009162,3
000009168,2
000009174,2
000009180,2
000009186,2
000009192,2
000009198,2
000009204,2
000009210,2
000009216,2
000009222,2
000009228,2
000009234,2
000009240,2
000009246,2
000009252,2
000009258,2
000009264,2
000009270,2
000009276,2
000009282,2
000009288,2
000009294,2
000009300,2
000009306,2
000009312,2
000009318,2
000009324,2
000009330,2
000009336,2
000009342,2
000009348,2
000009354,2
000009360,2
000009366,3
000009372,3
000009378,3
000009384,3
000009390,3
000009396,3
000009402,3
000009408,3
000009414,3
000009420,3
000009426,3
000009432,3
000009438,3
000009444,3
000009450,3
000009456,3
000009462,3
000009468,3
000009474,3
000009480,3
000009486,3
000009492,3
000009498,3
000009504,3
000009510,3
000009516,3
000009522,3
000009528,3
000009534,3
000009540,3
000009546,3
000009552,3
000009558,3
000009564,3
000009570,3
000009576,3
000009582,3
000009588,3
000009594,3
000009600,3
000009606,3
000009612,3
000009618,3
000009624,3
000009630,3
000009636,3
000009642,3
000009648,3
000009654,3
000009660,3
000009666,3
000009672,3
000009678,3
000009684,3
000009690,3
000009696,3
000009702,3
000009708,3
000009714,3
000009720,3
000009726,3
000009732,3
000009738,3
000009744,3
000009750,3
000009756,3
000009762,3
000009768,3
000009774,3
000009780,3
000009786,3
000009792,3
000009798,3
000009804,3
000009810,3
000009816,3
000009822,3
000009828,3
000009834,3
000009840,3
000009846,3
000009852,3
000009858,3
000009864,3
000009870,3
000009876,3
000009882,3
000009888,3
000009894,3
000009900,3
000009906,3
000009912,3
000009918,3
000009924,3
000009930,3
000009936,3
000009942,3
000009948,3
000009954,3
000009960,3
000009966,3
000009972,3
000009978,3
000009984,3
000009990,3
000009996,3
000010002,3
000010008,3
000010014,3
000010020,3
000010026,3
000010032,3
000010038,3
000010044,3
000010050,3
000010056,3
000010062,3
000010068,3
000010074,3
000010080,3
000010086,3
000010092,3
000010098,3
000010104,3
000010110,3
000010116,3
000010122,3
000010128,3
000010134,3
000010140,3
000010146,3
000010152,3
000010158,3
000010164,4
000010170,4
000010176,4
000010182,4
000010188,4
000010194,4
000010200,4
000010206,4
000010212,4
000010218,4
000010224,4
000010230,4
000010236,4
000010242,4
000010248,4
000010254,4
000010260,4
000010266,4
000010272,4
000010278,4
000010284,4
000010290,4
000010296,4
000010302,4
000010308,4
000010314,4
000010320,4
000010326,4
000010332,4
000010338,4
000010344,4
000010350,4
000010356,4
000010362,4
000010368,4
000010374,4
000010380,4
000010386,4
000010392,4
000010398,4
000010404,4
000010410,4
000010416,4
000010422,2
000010428,2
000010434,2
000010440,2
000010446,2
000010452,2
000010458,2
000010464,2
000010470,2
000010476,2
000010482,2
000010488,2
000010494,2
000010500,2
000010506,2
000010512,2
000010518,2
000010524,2
000010530,2
000010536,2
000010542,2
000010548,2
000010554,2
000010560,2
000010566,2
000010572,2
000010578,2
000010584,2
000010590,2
000010596,2
000010602,2
000010608,2
000010614,2
000010620,2
000010626,2
000010632,2
000010638,2
000010644,2
000010650,2
000010656,2
000010662,2
000010668,2
000010674,2
000010680,2
000010686,2
000010692,2
000010698,2
000010704,2
000010710,2
000010716,2
000010722,2
000010728,2
000010734,2
000010740,2
000010746,2
000010752,2
000010758,2
000010764,2
000010770,2
000010776,2
000010782,2
000010788,2
000010794,2
000010800,2
000010806,2
000010812,2
000010818,2
000010824,2
000010830,2
000010836,2
000010842,2
000010848,3
000010854,3
000010860,3
000010866,3
000010872,3
000010878,3
000010884,3
000010890,3
000010896,3
000010902,3
000010908,3
000010914,3
000010920,3
000010926,3
000010932,3
000010938,3
000010944,3
000010950,3
000010956,3
000010962,3
000010968,3
000010974,3
000010980,3
000010986,3
000010992,3
000010998,3
000011004,3
000011010,3
000011016,3
000011022,3
000011028,3
000011034,3
000011040,3
000011046,3
000011052,3
000011058,3
000011064,3
000011070,3
000011076,3
000011082,3
000011088,3
000011094,3
000011100,3
000011106,3
000011112,3
000011118,3
000011124,3
000011130,3
000011136,3
000011142,3
000011148,3
000011154,3
000011160,3
000011166,3
000011172,3
000011178,3
000011184,3
000011190,3
000011196,3
000011202,3
000011208,3
000011214,3
000011220,3
000011226,3
000011232,3
000011238,3
000011244,3
000011250,3
000011256,3
000011262,3
000011268,3
000011274,3
000011280,3
000011286,3
000011292,3
000011298,3
000011304,3
000011310,3
000011316,3
000011322,3
000011328,3
000011334,3
000011340,3
000011346,3
000011352,3
000011358,3
000011364,3
000011370,3
000011376,3
000011382,3
000011388,3
000011394,3
000011400,3
000011406,3
000011412,3
000011418,3
000011424,3
000011430,3
000011436,3
000011442,3
000011448,3
000011454,3
000011460,3
000011466,3
000011472,3
000011478,3
000011484,3
000011490,3
000011496,3
000011502,3
000011508,3
000011514,3
000011520,3
000011526,3
000011532,3
000011538,3
000011544,3
000011550,3
000011556,3
000011562,3
000011568,3
000011574,3
000011580,3
000011586,3
000011592,3
000011598,3
000011604,3
000011610,3
000011616,3
000011622,3
000011628,3
000011634,3
000011640,3
000011646,3
000011652,3
000011658,3
000011664,3
000011670,3
000011676,3
000011682,3
000011688,3
000011694,3
000011700,3
000011706,3
000011712,3
000011718,3
000011724,3
000011730,3
000011736,3
000011742,3
000011748,3
000011754,3
000011760,3
000011766,3
000011772,3
000011778,3
000011784,3
000011790,3
000011796,3
000011802,3
000011808,3
000011814,3
000011820,3
000011826,3
000011832,3
000011838,4
000011844,4
000011850,4
000011856,4
000011862,4
000011868,4
000011874,4
000011880,4
000011886,4
000011892,4
000011898,4
000011904,4
000011910,4
000011916,4
000011922,4
000011928,4
000011934,4
000011940,4
000011946,4
000011952,4
000011958,4
000011964,4
000011970,4
000011976,4
000011982,4
000011988,4
000011994,4
000012000,4
000012006,4
000012012,4
000012018,4
000012024,4
000012030,4
000012036,4
000012042,4
000012048,4
000012054,4
000012060,4
000012066,4
000012072,4
000012078,4
000012084,4
000012090,4
000012096,4
000012102,4
000012108,4
000012114,4
000012120,4
000012126,4
000012132,4
000012138,4
000012144,4
000012150,4
000012156,4
000012162,4
000012168,4
000012174,4
000012180,4
000012186,4
000012192,4
000012198,4
000012204,4
000012210,4
000012216,4
000012222,4
000012228,4
000012234,4
000012240,4
000012246,4
000012252,4
000012258,4
000012264,4
000012270,4
000012276,4
000012282,4
000012288,4
000012294,4
000012300,4
000012306,4
000012312,4
000012318,4
000012324,4
000012330,4
000012336,4
000012342,4
000012348,4
000012354,4
000012360,4
000012366,4
000012372,4
000012378,4
000012384,4
000012390,4
000012396,4
000012402,4
000012408,4
000012414,4
000012420,4
000012426,4
000012432,4
000012438,4
000012444,4
000012450,4
000012456,4
000012462,4
000012468,4
000012474,4
000012480,4
000012486,4
000012492,4
000012498,4
000012504,4
000012510,4
000012516,4
000012522,4
000012528,4
000012534,4
000012540,4
000012546,4
000012552,4
000012558,0
000012564,0
000012570,0
000012576,0
000012582,0
000012588,0
000012594,0
000012600,0
000012606,0
000012612,0
000012618,0
000012624,0
000012630,0
000012636,0
000012642,0
000012648,0
000012654,0
000012660,0
000012666,0
000012672,0
000012678,0
000012684,0
000012690,0
000012696,0
000012702,1
000012708,1
000012714,1
000012720,1
000012726,1
000012732,1
000012738,1
000012744,1
000012750,1
000012756,1
000012762,1
000012768,1
000012774,1
000012780,1
000012786,1
000012792,1
000012798,1
000012804,1
000012810,1
000012816,1
000012822,1
000012828,1
000012834,1
000012840,1
000012846,1
000012852,1
000012858,1
000012864,1
000012870,1
000012876,1
000012882,2
000012888,2
000012894,2
000012900,2
000012906,2
000012912,2
000012918,2
000012924,2
000012930,2
000012936,2
000012942,2
000012948,2
000012954,2
000012960,2
000012966,2
000012972,2
000012978,2
000012984,2
000012990,2
000012996,2
000013002,2
000013008,2
000013014,2
000013020,2
000013026,2
000013032,2
000013038,2
000013044,2
000013050,2
000013056,2
000013062,2
000013068,2
000013074,2
000013080,2
000013086,2
000013092,2
000013098,2
000013104,2
000013110,2
000013116,2
000013122,2
000013128,2
000013134,2
000013140,2
000013146,2
000013152,2
000013158,2
000013164,2
000013170,2
000013176,2
000013182,2
000013188,2
000013194,2
000013200,2
000013206,2
000013212,2
000013218,2
000013224,2
000013230,2
000013236,2
000013242,2
000013248,2
000013254,2
000013260,2
000013266,2
000013272,2
000013278,2
000013284,2
000013290,2
000013296,2
000013302,2
000013308,2
000013314,2
000013320,2
000013326,2
000013332,2
000013338,2
000013344,2
000013350,2
000013356,2
000013362,2
000013368,2
000013374,2
000013380,2
000013386,2
000013392,2
000013398,2
000013404,2
000013410,2
000013416,2
000013422,2
000013428,2
000013434,2
000013440,2
000013446,2
000013452,2
000013458,2
000013464,2
000013470,2
000013476,2
000013482,2
000013488,2
000013494,2
000013500,2
000013506,2
000013512,2
000013518,2
000013524,2
000013530,2
000013536,2
000013542,2
000013548,2
000013554,3
000013560,3
000013566,3
000013572,3
000013578,3
000013584,3
000013590,3
000013596,3
000013602,3
000013608,3
000013614,3
000013620,3
000013626,3
000013632,2
000013638,2
000013644,2
000013650,2
000013656,2
000013662,2
000013668,2
000013674,2
000013680,2
000013686,2
000013692,2
000013698,2
000013704,2
000013710,2
000013716,2
000013722,2
000013728,2
000013734,2
000013740,2
000013746,2
000013752,2
000013758,2
000013764,2
000013770,2
000013776,2
000013782,2
000013788,2
000013794,2
000013800,2
000013806,2
000013812,3
000013818,3
000013824,3
000013830,3
000013836,3
000013842,3
000013848,3
000013854,3
000013860,3
000013866,3
000013872,3
000013878,3
000013884,3
000013890,3
000013896,3
000013902,3
000013908,3
000013914,3
000013920,3
000013926,2
000013932,2
000013938,2
000013944,2
000013950,2
000013956,2
000013962,2
000013968,2
000013974,2
000013980,2
000013986,2
000013992,2
000013998,2
000014004,2
000014010,2
000014016,2
000014022,2
000014028,2
000014034,2
000014040,2
000014046,2
000014052,2
000014058,2
000014064,2
000014070,2
000014076,2
000014082,2
000014088,2
000014094,2
000014100,2
000014106,2
000014112,2
000014118,2
000014124,2
000014130,2
000014136,2
000014142,2
000014148,2
000014154,2
000014160,2
000014166,2
000014172,2
000014178,2
000014184,2
000014190,2
000014196,2
000014202,2
000014208,2
000014214,2
000014220,2
000014226,2
000014232,2
000014238,2
000014244,2
000014250,2
000014256,2
000014262,2
000014268,2
000014274,2
000014280,2
000014286,2
000014292,2
000014298,2
000014304,2
000014310,2
000014316,2
000014322,2
000014328,2
000014334,2
000014340,2
000014346,2
000014352,2
000014358,2
000014364,2
000014370,2
000014376,2
000014382,2
000014388,2
000014394,2
000014400,2
000014406,2
000014412,2
000014418,2
000014424,2
000014430,2
000014436,2
000014442,2
000014448,2
000014454,2
000014460,2
000014466,2
000014472,2
000014478,2
000014484,2
000014490,2
000014496,2
000014502,2
000014508,2
000014514,2
000014520,2
000014526,2
000014532,2
000014538,2
000014544,2
000014550,2
000014556,2
000014562,2
000014568,2
000014574,2
000014580,2
000014586,2
000014592,2
000014598,2
000014604,2
000014610,2
000014616,2
000014622,2
000014628,2
000014634,2
000014640,2
000014646,2
000014652,2
000014658,2
000014664,2
000014670,2
000014676,2
000014682,2
000014688,2
000014694,2
000014700,2
000014706,2
000014712,2
000014718,2
000014724,2
000014730,2
000014736,2
000014742,2
000014748,2
000014754,2
000014760,2
000014766,2
000014772,2
000014778,2
000014784,2
000014790,3
000014796,3
000014802,3
000014808,3
000014814,3
000014820,3
000014826,3
000014832,3
000014838,3
000014844,3
000014850,3
000014856,3
000014862,3
000014868,3
000014874,3
000014880,3
000014886,3
000014892,3
000014898,3
000014904,3
000014910,3
000014916,3
000014922,3
000014928,3
000014934,3
000014940,3
000014946,3
000014952,3
000014958,3
000014964,3
000014970,3
000014976,3
000014982,3
000014988,3
000014994,3
000015000,3
000015006,3
000015012,3
000015018,3
000015024,3
000015030,3
000015036,3
000015042,3
000015048,3
000015054,3
000015060,3
000015066,3
000015072,3
000015078,3
000015084,3
000015090,3
000015096,3
000015102,3
000015108,3
000015114,3
000015120,3
000015126,3
000015132,3
000015138,3
000015144,3
000015150,3
000015156,3
000015162,3
000015168,3
000015174,3
000015180,3
000015186,3
000015192,3
000015198,3
000015204,3
000015210,3
000015216,3
000015222,3
000015228,3
000015234,3
000015240,3
000015246,3
000015252,3
000015258,3
000015264,3
000015270,3
000015276,3
000015282,3
000015288,3
000015294,3
000015300,3
000015306,3
000015312,3
000015318,3
000015324,3
000015330,3
000015336,3
000015342,3
000015348,3
000015354,3
000015360,3
000015366,3
000015372,3
000015378,3
000015384,3
000015390,3
000015396,3
000015402,3
000015408,3
000015414,3
000015420,3
000015426,3
000015432,3
000015438,3
000015444,3
000015450,3
000015456,3
000015462,3
000015468,3
000015474,3
000015480,3
000015486,3
000015492,3
000015498,3
000015504,3
000015510,3
000015516,3
000015522,3
000015528,3
000015534,3
000015540,3
000015546,3
000015552,3
000015558,3
000015564,3
000015570,3
000015576,3
000015582,3
000015588,3
000015594,3
000015600,3
000015606,3
000015612,3
000015618,3
000015624,4
000015630,4
000015636,4
000015642,4
000015648,4
000015654,4
000015660,4
000015666,4
000015672,4
000015678,4
000015684,4
000015690,4
000015696,4
000015702,4
000015708,4
000015714,4
000015720,4
000015726,4
000015732,4
000015738,4
000015744,4
000015750,4
000015756,4
000015762,4
000015768,4
000015774,4
000015780,4
000015786,4
000015792,4
000015798,4
000015804,4
000015810,4
000015816,4
000015822,4
000015828,4
000015834,4
000015840,4
000015846,4
000015852,4
000015858,4
000015864,4
000015870,4
000015876,4
000015882,4
000015888,4
000015894,4
000015900,4
000015906,4
000015912,4
000015918,4
000015924,4
000015930,4
000015936,4
000015942,4
000015948,4
000015954,4
000015960,4
000015966,4
000015972,4
000015978,4
000015984,4
000015990,4
000015996,4
000016002,4
000016008,4
000016014,4
000016020,4
000016026,4
000016032,4
000016038,4
000016044,4
000016050,4
000016056,4
000016062,4
000016068,4
000016074,4
000016080,4
000016086,4
000016092,4
000016098,4
000016104,4
000016110,4
000016116,4
000016122,4
000016128,4
000016134,4
000016140,4
000016146,4
000016152,4
000016158,4
000016164,4
000016170,4
000016176,4
000016182,4
000016188,4
000016194,4
000016200,4
000016206,4
000016212,4
000016218,4
000016224,4
000016230,4
000016236,4
000016242,4
000016248,4
000016254,4
000016260,4
000016266,4
000016272,4
000016278,4
000016284,4
000016290,4
000016296,4
000016302,4
000016308,4
000016314,4
000016320,4
000016326,4
000016332,4
000016338,4
000016344,2
000016350,2
000016356,2
000016362,2
000016368,2
000016374,2
000016380,2
000016386,2
000016392,2
000016398,2
000016404,2
000016410,2
000016416,2
000016422,2
000016428,2
000016434,2
000016440,2
000016446,2
000016452,2
000016458,2
000016464,2
000016470,2
000016476,2
000016482,2
000016488,2
000016494,2
000016500,2
000016506,2
000016512,2
000016518,2
000016524,2
000016530,2
000016536,2
000016542,2
000016548,2
000016554,2
000016560,2
000016566,2
000016572,2
000016578,2
000016584,2
000016590,2
000016596,2
000016602,2
000016608,2
000016614,2
000016620,2
000016626,2
000016632,2
000016638,2
000016644,2
000016650,2
000016656,2
000016662,2
000016668,2
000016674,2
000016680,2
000016686,2
000016692,2
000016698,2
000016704,2
000016710,2
000016716,2
000016722,2
000016728,2
000016734,2
000016740,2
000016746,2
000016752,2
000016758,2
000016764,2
000016770,2
000016776,2
000016782,2
000016788,2
000016794,2
000016800,2
000016806,2
000016812,2
000016818,2
000016824,2
000016830,2
000016836,2
000016842,2
000016848,2
000016854,2
000016860,2
000016866,2
000016872,2
000016878,2
000016884,2
000016890,2
000016896,2
000016902,2
000016908,2
000016914,2
000016920,2
000016926,2
000016932,2
000016938,2
000016944,2
000016950,2
000016956,2
000016962,2
000016968,2
000016974,2
000016980,2
000016986,2
000016992,2
000016998,2
000017004,2
000017010,2
000017016,2
000017022,2
000017028,2
000017034,2
000017040,2
000017046,2
000017052,2
000017058,2
000017064,2
000017070,2
000017076,2
000017082,2
000017088,2
000017094,2
000017100,2
000017106,2
000017112,2
000017118,2
000017124,2
000017130,2
000017136,2
000017142,2
000017148,2
000017154,2
000017160,2
000017166,2
000017172,2
000017178,2
000017184,2
000017190,2
000017196,2
000017202,2
000017208,2
000017214,2
000017220,2
000017226,2
000017232,2
000017238,2
000017244,2
000017250,2
000017256,2
000017262,2
000017268,2
000017274,2
000017280,2
000017286,2
000017292,2
000017298,2
000017304,2
000017310,2
000017316,2
000017322,2
000017328,2
000017334,2
000017340,2
000017346,2
000017352,2
000017358,2
000017364,2
000017370,2
000017376,2
000017382,2
000017388,2
000017394,2
000017400,2
000017406,2
000017412,2
000017418,2
000017424,2
000017430,2
000017436,2
000017442,2
000017448,2
000017454,2
000017460,2
000017466,2
000017472,2
000017478,2
000017484,2
000017490,2
000017496,2
000017502,2
000017508,2
000017514,2
000017520,2
000017526,2
000017532,2
000017538,2
000017544,2
000017550,2
000017556,2
000017562,2
000017568,2
000017574,2
000017580,2
000017586,2
000017592,2
000017598,2
000017604,2
000017610,2
000017616,2
000017622,2
000017628,2
000017634,2
000017640,2
000017646,2
000017652,2
000017658,3
000017664,3
000017670,3
000017676,3
000017682,3
000017688,3
000017694,3
000017700,3
000017706,3
000017712,3
000017718,3
000017724,3
000017730,3
000017736,3
000017742,3
000017748,3
000017754,3
000017760,3
000017766,3
000017772,3
000017778,3
000017784,3
000017790,3
000017796,3
000017802,3
000017808,3
000017814,3
000017820,3
000017826,3
000017832,3
000017838,3
000017844,3
000017850,3
000017856,3
000017862,3
000017868,3
000017874,3
000017880,3
000017886,3
000017892,3
000017898,3
000017904,3
000017910,3
000017916,2
000017922,2
000017928,2
000017934,2
000017940,2
000017946,2
000017952,2
000017958,2
000017964,2
000017970,2
000017976,2
000017982,2
000017988,2
000017994,2
000018000,2
000018006,2
000018012,2
000018018,2
000018024,2
000018030,2
000018036,2
000018042,2
000018048,2
000018054,2
000018060,2
000018066,2
000018072,2
000018078,2
000018084,2
000018090,2
000018096,2
000018102,2
000018108,2
000018114,2
000018120,2
000018126,2
000018132,2
000018138,3
000018144,3
000018150,3
000018156,3
000018162,3
000018168,3
000018174,3
000018180,3
000018186,3
000018192,3
000018198,3
000018204,3
000018210,3
000018216,3
000018222,3
000018228,3
000018234,3
000018240,3
000018246,3
000018252,3
000018258,3
000018264,3
000018270,3
000018276,3
000018282,3
000018288,3
000018294,3
000018300,3
000018306,3
000018312,3
000018318,3
000018324,3
000018330,3
000018336,3
000018342,3
000018348,3
000018354,3
000018360,3
000018366,3
000018372,3
000018378,3
000018384,3
000018390,3
000018396,3
000018402,3
000018408,3
000018414,3
000018420,3
000018426,3
000018432,3
000018438,3
000018444,3
000018450,3
000018456,3
000018462,3
000018468,3
000018474,3
000018480,3
000018486,3
000018492,3
000018498,3
000018504,3
000018510,3
000018516,3
000018522,3
000018528,3
000018534,3
000018540,3
000018546,3
000018552,3
000018558,3
000018564,3
000018570,3
000018576,3
000018582,3
000018588,3
000018594,3
000018600,3
000018606,3
000018612,3
000018618,3
000018624,3
000018630,3
000018636,3
000018642,3
000018648,3
000018654,3
000018660,3
000018666,3
000018672,3
000018678,3
000018684,3
000018690,3
000018696,3
000018702,3
000018708,3
000018714,3
000018720,3
000018726,3
000018732,3
000018738,3
000018744,3
000018750,3
000018756,3
000018762,3
000018768,3
000018774,3
000018780,3
000018786,3
000018792,3
000018798,3
000018804,3
000018810,3
000018816,3
000018822,3
000018828,3
000018834,3
000018840,3
000018846,3
000018852,3
000018858,3
000018864,3
000018870,3
000018876,3
000018882,3
000018888,3
000018894,3
000018900,3
000018906,3
000018912,3
000018918,3
000018924,3
000018930,3
000018936,3
000018942,3
000018948,3
000018954,3
000018960,3
000018966,3
000018972,3
000018978,3
000018984,3
000018990,3
000018996,3
000019002,3
000019008,3
000019014,3
000019020,4
000019026,4
000019032,4
000019038,4
000019044,4
000019050,4
000019056,4
000019062,4
000019068,4
000019074,4
000019080,4
000019086,4
000019092,4
000019098,4
000019104,4
000019110,4
000019116,4
000019122,4
000019128,4
000019134,4
000019140,4
000019146,4
000019152,4
000019158,4
000019164,4
000019170,4
000019176,4
000019182,4
000019188,4
000019194,4
000019200,4
000019206,4
000019212,4
000019218,4
000019224,4
000019230,4
000019236,4
000019242,4
000019248,4
000019254,4
000019260,4
000019266,4
000019272,4
000019278,4
000019284,4
000019290,4
000019296,4
000019302,4
000019308,4
000019314,4
000019320,4
000019326,4
000019332,4
000019338,4
000019344,4
000019350,4
000019356,4
000019362,4
000019368,4
000019374,4
000019380,4
000019386,4
000019392,4
000019398,4
000019404,4
000019410,4
000019416,4
000019422,4
000019428,4
000019434,4
000019440,4
000019446,4
000019452,4
000019458,4
000019464,4
000019470,4
000019476,4
000019482,4
000019488,4
000019494,4
000019500,4
000019506,4
000019512,4
000019518,4
000019524,4
000019530,4
000019536,4
000019542,4
000019548,4
000019554,4
000019560,4
000019566,4
000019572,4
000019578,4
000019584,4
000019590,4
000019596,4
000019602,4
000019608,4
000019614,4
000019620,4
000019626,4
000019632,4
000019638,4
000019644,4
000019650,4
000019656,4
000019662,4
000019668,4
000019674,4
000019680,4
000019686,4
000019692,4
000019698,4
000019704,4
000019710,4
000019716,4
000019722,4
000019728,4
000019734,4
000019740,4
000019746,4
000019752,4
000019758,4
000019764,4
000019770,4
000019776,4
000019782,4
000019788,4
000019794,4
000019800,4
000019806,4
000019812,4
000019818,4
000019824,4
000019830,4
000019836,4
000019842,4
000019848,4
000019854,4
000019860,4
000019866,4
000019872,4
000019878,4
000019884,4
000019890,4
000019896,4
000019902,4
000019908,4
000019914,4
000019920,4
000019926,4
000019932,4
000019938,4
000019944,4
000019950,4
000019956,4
000019962,4
000019968,4
000019974,4
000019980,4
000019986,4
000019992,4
000019998,4
000020004,1
000020010,1
000020016,1
000020022,1
000020028,1
000020034,1
000020040,1
000020046,1
000020052,1
000020058,1
000020064,1
000020070,1
000020076,1
000020082,1
000020088,1
000020094,1
000020100,1
000020106,1
000020112,1
000020118,1
000020124,1
000020130,1
000020136,1
000020142,1
000020148,1
000020154,1
000020160,1
000020166,1
000020172,1
000020178,1
000020184,1
000020190,1
000020196,1
000020202,1
000020208,1
000020214,1
000020220,1
000020226,1
000020232,1
000020238,1
000020244,1
000020250,1
000020256,1
000020262,1
000020268,1
000020274,1
000020280,1
000020286,1
000020292,1
000020298,1
000020304,1
000020310,1
000020316,1
000020322,1
000020328,1
000020334,1
000020340,1
000020346,1
000020352,1
000020358,1
000020364,1
000020370,1
000020376,1
000020382,1
000020388,1
000020394,1
000020400,1
000020406,1
000020412,1
000020418,1
000020424,1
000020430,1
000020436,1
000020442,1
000020448,1
000020454,1
000020460,1
000020466,1
000020472,1
000020478,1
000020484,1
000020490,1
000020496,1
000020502,1
000020508,1
000020514,1
000020520,1
000020526,1
000020532,2
000020538,2
000020544,2
000020550,2
000020556,2
000020562,2
000020568,2
000020574,2
000020580,2
000020586,2
000020592,2
000020598,2
000020604,2
000020610,2
000020616,2
000020622,2
000020628,2
000020634,2
000020640,2
000020646,2
000020652,2
000020658,2
000020664,2
000020670,2
000020676,2
000020682,2
000020688,2
000020694,2
000020700,2
000020706,2
000020712,2
000020718,2
000020724,2
000020730,2
000020736,2
000020742,2
000020748,2
000020754,2
000020760,2
000020766,2
000020772,2
000020778,2
000020784,2
000020790,2
000020796,2
000020802,2
000020808,2
000020814,2
000020820,2
000020826,2
000020832,2
000020838,2
000020844,2
000020850,2
000020856,2
000020862,2
000020868,2
000020874,2
000020880,2
000020886,2
000020892,2
000020898,2
000020904,2
000020910,2
000020916,2
000020922,2
000020928,2
000020934,2
000020940,2
000020946,2
000020952,2
000020958,2
000020964,2
000020970,2
000020976,2
000020982,2
000020988,2
000020994,2
000021000,2
000021006,2
000021012,2
000021018,2
000021024,2
000021030,2
000021036,2
000021042,2
000021048,2
000021054,2
000021060,2
000021066,2
000021072,2
000021078,2
000021084,2
000021090,2
000021096,2
000021102,2
000021108,3
000021114,3
000021120,3
000021126,3
000021132,3
000021138,3
000021144,3
000021150,3
000021156,3
000021162,3
000021168,3
000021174,3
000021180,3
000021186,3
000021192,3
000021198,3
000021204,3
000021210,3
000021216,3
000021222,3
000021228,3
000021234,0
000021240,0
000021246,0
000021252,0
000021258,0
000021264,0
000021270,0
000021276,0
000021282,0
000021288,0
000021294,0
000021300,0
000021306,0
000021312,0
000021318,0
000021324,0
000021330,0
000021336,0
000021342,0
000021348,0
000021354,0
000021360,0
000021366,0
000021372,0
000021378,0
000021384,0
000021390,0
000021396,0
000021402,0
000021408,0
000021414,0
000021420,0
000021426,0
000021432,0
000021438,0
000021444,0
000021450,0
000021456,0
000021462,0
000021468,0
000021474,0
000021480,0
000021486,0
000021492,0
000021498,0
000021504,0
000021510,0
000021516,0
000021522,0
000021528,0
000021534,0
000021540,0
000021546,0
000021552,0
000021558,0
000021564,0
000021570,0
000021576,0
000021582,0
000021588,0
000021594,0
000021600,0
000021606,0
000021612,0
000021618,0
000021624,0
000021630,0
000021636,0
000021642,0
000021648,0
000021654,0
000021660,0
000021666,0
000021672,0
000021678,0
000021684,0
000021690,0
000021696,0
000021702,0
000021708,0
000021714,0
000021720,0
000021726,0
000021732,0
000021738,0
000021744,0
000021750,0
000021756,0
000021762,0
000021768,0
000021774,0
000021780,0
000021786,0
000021792,0
000021798,0
000021804,0
000021810,0
000021816,0
000021822,0
000021828,0
000021834,0
000021840,0
000021846,0
000021852,0
000021858,0
000021864,0
000021870,0
000021876,0
000021882,0
000021888,0
000021894,0
000021900,0
000021906,0
000021912,0
000021918,0
000021924,0
000021930,0
000021936,0
000021942,0
000021948,0
000021954,0
000021960,0
000021966,0
000021972,0
000021978,0
000021984,2
000021990,2
000021996,2
000022002,2
000022008,2
000022014,2
000022020,2
000022026,2
000022032,2
000022038,2
000022044,2
000022050,2
000022056,2
000022062,2
000022068,2
000022074,2
000022080,2
000022086,2
000022092,2
000022098,2
000022104,2
000022110,2
000022116,2
000022122,2
000022128,2
000022134,2
000022140,2
000022146,2
000022152,2
000022158,2
000022164,2
000022170,2
000022176,2
000022182,2
000022188,2
000022194,2
000022200,2
000022206,2
000022212,2
000022218,2
000022224,2
000022230,2
000022236,2
000022242,2
000022248,2
000022254,2
000022260,2
000022266,2
000022272,2
000022278,2
000022284,2
000022290,2
000022296,2
000022302,2
000022308,2
000022314,2
000022320,2
000022326,2
000022332,2
000022338,2
000022344,2
000022350,2
000022356,2
000022362,2
000022368,2
000022374,2
000022380,2
000022386,2
000022392,2
000022398,2
000022404,2
000022410,2
000022416,2
000022422,2
000022428,2
000022434,2
000022440,2
000022446,2
000022452,2
000022458,2
000022464,2
000022470,2
000022476,2
000022482,2
000022488,2
000022494,2
000022500,2
000022506,2
000022512,2
000022518,2
000022524,2
000022530,2
000022536,2
000022542,2
000022548,2
000022554,2
000022560,2
000022566,2
000022572,2
000022578,2
000022584,2
000022590,2
000022596,2
000022602,2
000022608,2
000022614,2
000022620,2
000022626,2
000022632,2
000022638,2
000022644,2
000022650,2
000022656,2
000022662,2
000022668,2
000022674,2
000022680,2
000022686,2
000022692,2
000022698,2
000022704,2
000022710,2
000022716,2
000022722,2
000022728,2
000022734,2
000022740,2
000022746,2
000022752,2
000022758,2
000022764,3
000022770,3
000022776,3
000022782,3
000022788,3
000022794,3
000022800,3
000022806,3
000022812,3
000022818,3
000022824,3
000022830,3
000022836,3
000022842,3
000022848,3
000022854,3
000022860,3
000022866,3
000022872,3
000022878,3
000022884,3
000022890,3
000022896,3
000022902,3
000022908,3
000022914,3
000022920,3
000022926,3
000022932,3
000022938,3
000022944,3
000022950,3
000022956,3
000022962,3
000022968,3
000022974,3
000022980,3
000022986,3
000022992,3
000022998,3
000023004,3
000023010,3
000023016,3
000023022,3
000023028,3
000023034,3
000023040,3
000023046,3
000023052,3
000023058,3
000023064,3
000023070,3
000023076,3
000023082,3
000023088,3
000023094,3
000023100,3
000023106,3
000023112,3
000023118,3
000023124,3
000023130,3
000023136,3
000023142,3
000023148,3
000023154,3
000023160,3
000023166,3
000023172,3
000023178,3
000023184,3
000023190,3
000023196,3
000023202,3
000023208,3
000023214,3
000023220,3
000023226,3
000023232,3
000023238,3
000023244,3
000023250,3
000023256,3
000023262,3
000023268,3
000023274,3
000023280,3
000023286,3
000023292,3
000023298,3
000023304,3
000023310,3
000023316,3
000023322,3
000023328,3
000023334,3
000023340,3
000023346,3
000023352,3
000023358,3
000023364,3
000023370,3
000023376,3
000023382,3
000023388,3
000023394,3
000023400,3
000023406,3
000023412,3
000023418,3
000023424,3
000023430,3
000023436,3
000023442,3
000023448,3
000023454,3
000023460,3
000023466,3
000023472,3
000023478,3
000023484,3
000023490,3
000023496,3
000023502,3
000023508,3
000023514,3
000023520,3
000023526,3
000023532,3
000023538,3
000023544,3
000023550,3
000023556,3
000023562,3
000023568,3
000023574,3
000023580,3
000023586,3
000023592,3
000023598,3
000023604,3
000023610,3
000023616,3
000023622,3
000023628,3
000023634,3
000023640,3
000023646,3
000023652,3
000023658,3
000023664,3
000023670,3
000023676,4
000023682,4
000023688,4
000023694,4
000023700,4
000023706,4
000023712,4
000023718,4
000023724,4
000023730,4
000023736,4
000023742,4
000023748,4
000023754,4
000023760,4
000023766,4
000023772,4
000023778,4
000023784,4
000023790,4
000023796,4
000023802,4
000023808,4
000023814,4
000023820,5
000023826,5
000023832,5
000023838,5
000023844,5
000023850,5
000023856,5
000023862,5
000023868,5
000023874,5
000023880,5
000023886,5
000023892,5
000023898,5
000023904,5
000023910,5
000023916,5
000023922,5
000023928,5
000023934,5
000023940,5
000023946,5
000023952,5
000023958,5
000023964,5
000023970,5
000023976,5
000023982,5
000023988,5
000023994,5
000024000,5
000024006,5
000024012,5
000024018,5
000024024,5
000024030,5
000024036,5
000024042,5
000024048,5
000024054,5
000024060,5
000024066,5
000024072,5
000024078,5
000024084,5
000024090,5
000024096,5
000024102,5
000024108,5
000024114,5
000024120,5
000024126,5
000024132,5
000024138,5
000024144,5
000024150,5
000024156,5
000024162,5
000024168,5
000024174,5
000024180,5
000024186,5
000024192,5
000024198,5
000024204,5
000024210,5
000024216,5
000024222,5
000024228,5
000024234,5
000024240,5
000024246,5
000024252,5
000024258,5
000024264,5
000024270,5
000024276,5
000024282,5
000024288,5
000024294,5
000024300,5
000024306,5
000024312,5
000024318,5
000024324,5
000024330,5
000024336,5
000024342,5
000024348,5
000024354,5
000024360,5
000024366,5
000024372,5
000024378,5
000024384,5
000024390,5
000024396,5
000024402,5
000024408,5
000024414,5
000024420,5
000024426,5
000024432,5
000024438,5
000024444,5
000024450,5
000024456,5
000024462,5
000024468,5
000024474,5
000024480,5
000024486,5
000024492,5
000024498,5
000024504,5
000024510,5
000024516,5
000024522,5
000024528,5
000024534,5
000024540,5
000024546,5
000024552,5
000024558,5
000024564,5
000024570,5
000024576,5
000024582,5
000024588,5
000024594,5
000024600,5
000024606,5
000024612,5
000024618,5
000024624,5
000024630,5
000024636,5
000024642,5
000024648,5
000024654,5
000024660,5
000024666,5
000024672,5
000024678,5
000024684,5
000024690,5
000024696,5
000024702,5
000024708,5
000024714,5
000024720,5
000024726,5
000024732,5
000024738,5
000024744,5
000024750,5
000024756,5
000024762,5
000024768,5
000024774,5
000024780,5
000024786,5
000024792,5
000024798,5
000024804,5
000024810,5
000024816,5
000024822,5
000024828,5
000024834,5
000024840,5
000024846,5
000024852,5
000024858,5
000024864,5
000024870,5
000024876,5
000024882,5
000024888,5
000024894,5
000024900,5
000024906,5
000024912,5
000024918,5
000024924,5
000024930,5
000024936,5
000024942,5
000024948,5
000024954,5
000024960,5
000024966,5
000024972,5
000024978,5
000024984,5
000024990,5
000024996,5
000025002,5
000025008,5
000025014,5
000025020,5
000025026,5
000025032,5
000025038,5
000025044,5
000025050,5
000025056,5
000025062,5
000025068,5
000025074,5
000025080,5
000025086,5
000025092,5
000025098,5
000025104,5
000025110,5
000025116,5
000025122,5
000025128,5
000025134,5
000025140,5
000025146,5
000025152,5
000025158,5
000025164,5
000025170,5
000025176,5
000025182,5
000025188,5
000025194,5
000025200,5
000025206,5
000025212,5
000025218,5
000025224,5
000025230,5
000025236,5
000025242,5
000025248,5
000025254,5
000025260,5
000025266,5
000025272,5
000025278,5
000025284,5
000025290,5
000025296,5
000025302,5
000025308,5
000025314,5
000025320,5
000025326,5
000025332,5
000025338,5
000025344,5
000025350,5
000025356,5
000025362,5
000025368,5
000025374,5
000025380,5
000025386,5
000025392,5
000025398,5
000025404,5
000025410,5
000025416,5
000025422,5
000025428,5
000025434,5
000025440,5
000025446,5
000025452,5
000025458,5
000025464,5
000025470,5
000025476,5
000025482,5
000025488,5
000025494,5
000025500,5
000025506,5
000025512,5
000025518,5
000025524,5
000025530,5
000025536,5
000025542,5
000025548,5
000025554,5
000025560,5
000025566,5
000025572,5
000025578,5
000025584,5
000025590,5
000025596,5
000025602,5
000025608,5
000025614,5
000025620,5
000025626,5
000025632,5
000025638,5
000025644,5
000025650,1
000025656,1
000025662,1
000025668,1
000025674,1
000025680,1
000025686,1
000025692,1
000025698,1
000025704,1
000025710,1
000025716,1
000025722,1
000025728,1
000025734,1
000025740,1
000025746,1
000025752,1
000025758,1
000025764,1
000025770,1
000025776,1
000025782,1
000025788,1
000025794,1
000025800,1
000025806,1
000025812,1
000025818,2
000025824,2
000025830,2
000025836,2
000025842,2
000025848,2
000025854,2
000025860,2
000025866,2
000025872,2
000025878,2
000025884,2
000025890,2
000025896,2
000025902,2
000025908,2
000025914,2
000025920,2
000025926,2
000025932,2
000025938,2
000025944,2
000025950,2
000025956,2
000025962,2
000025968,2
000025974,2
000025980,2
000025986,2
000025992,2
000025998,2
000026004,2
000026010,2
000026016,2
000026022,2
000026028,2
000026034,2
000026040,2
000026046,2
000026052,2
000026058,2
000026064,2
000026070,2
000026076,2
000026082,2
000026088,2
000026094,2
000026100,2
000026106,2
000026112,2
000026118,2
000026124,2
000026130,2
000026136,2
000026142,2
000026148,2
000026154,2
000026160,2
000026166,2
000026172,2
000026178,2
000026184,2
000026190,2
000026196,2
000026202,2
000026208,2
000026214,2
000026220,2
000026226,2
000026232,2
000026238,2
000026244,2
000026250,2
000026256,2
000026262,2
000026268,2
000026274,2
000026280,2
000026286,2
000026292,2
000026298,2
000026304,2
000026310,2
000026316,2
000026322,2
000026328,2
000026334,2
000026340,2
000026346,2
000026352,2
000026358,2
000026364,2
000026370,2
000026376,2
000026382,2
000026388,2
000026394,2
000026400,2
000026406,2
000026412,2
000026418,2
000026424,2
000026430,2
000026436,2
000026442,2
000026448,2
000026454,2
000026460,2
000026466,2
000026472,2
000026478,2
000026484,2
000026490,2
000026496,2
000026502,2
000026508,2
000026514,2
000026520,2
000026526,2
000026532,2
000026538,2
000026544,2
000026550,2
000026556,3
000026562,3
000026568,3
000026574,3
000026580,3
000026586,3
000026592,3
000026598,3
000026604,3
000026610,3
000026616,3
000026622,3
000026628,3
000026634,3
000026640,3
000026646,3
000026652,3
000026658,3
000026664,3
000026670,3
000026676,3
000026682,3
000026688,3
000026694,3
000026700,3
000026706,3
000026712,3
000026718,3
000026724,3
000026730,3
000026736,3
000026742,3
000026748,3
000026754,3
000026760,3
000026766,3
000026772,3
000026778,3
000026784,3
000026790,3
000026796,3
000026802,3
000026808,3
000026814,3
000026820,3
000026826,3
000026832,3
000026838,3
000026844,3
000026850,3
000026856,3
000026862,3
000026868,3
000026874,3
000026880,3
000026886,3
000026892,3
000026898,3
000026904,3
000026910,3
000026916,3
000026922,3
000026928,3
000026934,3
000026940,3
000026946,3
000026952,3
000026958,3
000026964,3
000026970,3
000026976,3
000026982,3
000026988,3
000026994,3
000027000,3
000027006,3
000027012,3
000027018,3
000027024,3
000027030,3
000027036,3
000027042,3
000027048,3
000027054,3
000027060,3
000027066,3
000027072,3
000027078,3
000027084,3
000027090,3
000027096,3
000027102,3
000027108,3
000027114,3
000027120,3
000027126,3
000027132,3
000027138,3
000027144,3
000027150,3
000027156,3
000027162,3
000027168,4
000027174,4
000027180,4
000027186,4
000027192,4
000027198,4
000027204,4
000027210,4
000027216,4
000027222,4
000027228,4
000027234,4
000027240,4
000027246,4
000027252,4
000027258,4
000027264,4
000027270,4
000027276,4
000027282,4
000027288,4
000027294,4
000027300,4
000027306,4
000027312,4
000027318,4
000027324,4
000027330,4
000027336,4
000027342,4
000027348,4
000027354,4
000027360,4
000027366,4
000027372,4
000027378,4
000027384,4
000027390,4
000027396,4
000027402,4
000027408,4
000027414,4
000027420,4
000027426,4
000027432,4
000027438,4
000027444,4
000027450,4
000027456,4
000027462,4
000027468,4
000027474,4
000027480,4
000027486,4
000027492,4
000027498,4
000027504,4
000027510,4
000027516,4
000027522,2
000027528,2
000027534,2
000027540,2
000027546,2
000027552,2
000027558,2
000027564,2
000027570,2
000027576,2
000027582,2
000027588,2
000027594,2
000027600,2
000027606,2
000027612,2
000027618,2
000027624,2
000027630,2
000027636,2
000027642,2
000027648,2
000027654,2
000027660,2
000027666,2
000027672,2
000027678,2
000027684,2
000027690,2
000027696,2
000027702,2
000027708,2
000027714,2
000027720,2
000027726,2
000027732,2
000027738,2
000027744,2
000027750,2
000027756,2
000027762,2
000027768,2
000027774,2
000027780,2
000027786,2
000027792,2
000027798,2
000027804,2
000027810,2
000027816,2
000027822,2
000027828,2
000027834,2
000027840,2
000027846,2
000027852,2
000027858,2
000027864,2
000027870,2
000027876,2
000027882,2
000027888,2
000027894,2
000027900,2
000027906,2
000027912,2
000027918,2
000027924,2
000027930,2
000027936,2
000027942,2
000027948,2
000027954,2
000027960,2
000027966,2
000027972,2
000027978,2
000027984,2
000027990,2
000027996,2
000028002,2
000028008,2
000028014,2
000028020,2
000028026,2
000028032,2
000028038,2
000028044,2
000028050,2
000028056,2
000028062,2
000028068,2
000028074,2
000028080,2
000028086,2
000028092,2
000028098,2
000028104,2
000028110,2
000028116,2
000028122,2
000028128,2
000028134,2
000028140,2
000028146,2
000028152,2
000028158,2
000028164,2
000028170,3
000028176,3
000028182,3
000028188,3
000028194,3
000028200,3
000028206,3
000028212,3
000028218,3
000028224,3
000028230,3
000028236,3
000028242,3
000028248,3
000028254,3
000028260,3
000028266,3
000028272,3
000028278,3
000028284,3
000028290,3
000028296,3
000028302,3
000028308,3
000028314,3
000028320,3
000028326,3
000028332,3
000028338,3
000028344,3
000028350,3
000028356,3
000028362,3
000028368,3
000028374,3
000028380,3
000028386,3
000028392,3
000028398,3
000028404,3
000028410,3
000028416,3
000028422,3
000028428,3
000028434,3
000028440,3
000028446,3
000028452,3
000028458,3
000028464,3
000028470,3
000028476,3
000028482,3
000028488,3
000028494,3
000028500,3
000028506,3
000028512,3
000028518,3
000028524,3
000028530,3
000028536,3
000028542,3
000028548,3
000028554,3
000028560,3
000028566,3
000028572,3
000028578,3
000028584,3
000028590,3
000028596,3
000028602,3
000028608,3
000028614,3
000028620,3
000028626,3
000028632,3
000028638,3
000028644,3
000028650,3
000028656,3
000028662,3
000028668,3
000028674,3
000028680,3
000028686,3
000028692,3
000028698,3
000028704,3
000028710,3
000028716,3
000028722,3
000028728,3
000028734,3
000028740,3
000028746,3
000028752,3
000028758,3
000028764,3
000028770,3
000028776,3
000028782,3
000028788,3
000028794,3
000028800,3
000028806,3
000028812,3
000028818,3
000028824,3
000028830,3
000028836,4
000028842,4
000028848,4
000028854,4
000028860,4
000028866,4
000028872,4
000028878,4
000028884,4
000028890,4
000028896,4
000028902,4
000028908,4
000028914,4
000028920,4
000028926,4
000028932,4
000028938,4
000028944,4
000028950,4
000028956,4
000028962,4
000028968,4
000028974,4
000028980,4
000028986,4
000028992,4
000028998,4
000029004,4
000029010,4
000029016,4
000029022,4
000029028,4
000029034,4
000029040,4
000029046,4
000029052,4
000029058,4
000029064,4
000029070,4
000029076,4
000029082,4
000029088,4
000029094,4
000029100,4
000029106,4
000029112,4
000029118,4
000029124,4
000029130,4
000029136,4
000029142,4
000029148,4
000029154,4
000029160,4
000029166,4
000029172,4
000029178,4
000029184,4
000029190,4
000029196,4
000029202,4
000029208,4
000029214,4
000029220,4
000029226,4
000029232,4
000029238,4
000029244,4
000029250,4
000029256,4
000029262,4
000029268,4
000029274,4
000029280,4
000029286,4
000029292,4
000029298,4
000029304,4
000029310,4
000029316,4
000029322,4
000029328,4
000029334,4
000029340,4
000029346,4
000029352,4
000029358,4
000029364,4
000029370,4
000029376,4
000029382,4
000029388,4
000029394,4
000029400,4
000029406,4
000029412,4
000029418,4
000029424,4
000029430,4
000029436,4
000029442,4
000029448,4
000029454,4
000029460,4
000029466,4
000029472,4
000029478,4
000029484,4
000029490,4
000029496,4
000029502,4
000029508,4
000029514,2
000029520,2
000029526,2
000029532,2
000029538,2
000029544,2
000029550,2
000029556,2
000029562,2
000029568,2
000029574,2
000029580,2
000029586,2
000029592,2
000029598,2
000029604,2
000029610,2
000029616,2
000029622,2
000029628,2
000029634,2
000029640,2
000029646,2
000029652,2
000029658,2
000029664,2
000029670,2
000029676,2
000029682,2
000029688,2
000029694,2
000029700,2
000029706,2
000029712,2
000029718,2
000029724,2
000029730,2
000029736,2
000029742,2
000029748,2
000029754,2
000029760,2
000029766,2
000029772,2
000029778,2
000029784,2
000029790,2
000029796,2
000029802,2
000029808,2
000029814,2
000029820,2
000029826,2
000029832,2
000029838,2
000029844,2
000029850,2
000029856,2
000029862,2
000029868,2
000029874,2
000029880,2
000029886,2
000029892,2
000029898,2
000029904,2
000029910,2
000029916,2
000029922,2
000029928,2
000029934,2
000029940,2
000029946,2
000029952,2
000029958,2
000029964,2
000029970,2
000029976,2
000029982,2
000029988,2
000029994,2
000030000,2
000030006,2
000030012,2
000030018,2
000030024,2
000030030,2
000030036,2
000030042,2
000030048,2
000030054,2
000030060,2
000030066,2
000030072,2
000030078,2
000030084,2
000030090,2
000030096,2
000030102,2
000030108,2
000030114,2
000030120,2
000030126,3
000030132,3
000030138,3
000030144,3
000030150,3
000030156,3
000030162,3
000030168,3
000030174,3
000030180,3
000030186,3
000030192,3
000030198,3
000030204,3
000030210,3
000030216,3
000030222,3
000030228,3
000030234,3
000030240,3
000030246,3
000030252,3
000030258,3
000030264,3
000030270,3
000030276,3
000030282,3
000030288,3
000030294,3
000030300,3
000030306,3
000030312,3
000030318,3
000030324,3
000030330,3
000030336,3
000030342,3
000030348,3
000030354,3
000030360,3
000030366,3
000030372,3
000030378,3
000030384,3
000030390,3
000030396,3
000030402,3
000030408,3
000030414,3
000030420,3
000030426,3
000030432,3
000030438,3
000030444,3
000030450,3
000030456,3
000030462,3
000030468,3
000030474,3
000030480,3
000030486,3
000030492,3
000030498,3
000030504,3
000030510,3
000030516,3
000030522,3
000030528,3
000030534,3
000030540,3
000030546,3
000030552,3
000030558,3
000030564,3
000030570,3
000030576,3
000030582,3
000030588,3
000030594,4
000030600,4
000030606,4
000030612,4
000030618,4
000030624,4
000030630,4
000030636,4
000030642,4
000030648,4
000030654,4
000030660,4
000030666,4
000030672,4
000030678,4
000030684,4
000030690,4
000030696,4
000030702,4
000030708,4
000030714,4
000030720,4
000030726,4
000030732,4
000030738,4
000030744,4
000030750,4
000030756,4
000030762,4
000030768,4
000030774,4
000030780,4
000030786,4
000030792,4
000030798,4
000030804,4
000030810,4
000030816,4
000030822,4
000030828,4
000030834,4
000030840,4
000030846,4
000030852,4
000030858,4
000030864,4
000030870,4
000030876,4
000030882,4
000030888,4
000030894,2
000030900,2
000030906,2
000030912,2
000030918,2
000030924,2
000030930,2
000030936,2
000030942,2
000030948,2
000030954,2
000030960,2
000030966,2
000030972,2
000030978,2
000030984,2
000030990,2
000030996,2
000031002,2
000031008,2
000031014,2
000031020,2
000031026,2
000031032,2
000031038,2
000031044,2
000031050,2
000031056,2
000031062,2
000031068,2
000031074,2
000031080,2
000031086,2
000031092,2
000031098,2
000031104,2
000031110,2
000031116,2
000031122,2
000031128,2
000031134,2
000031140,2
000031146,2
000031152,2
000031158,2
000031164,2
000031170,2
000031176,2
000031182,2
000031188,2
000031194,2
000031200,2
000031206,2
000031212,2
000031218,2
000031224,2
000031230,2
000031236,2
000031242,2
000031248,2
000031254,2
000031260,2
000031266,2
000031272,2
000031278,2
000031284,2
000031290,2
000031296,2
000031302,2
000031308,2
000031314,2
000031320,2
000031326,2
000031332,2
000031338,2
000031344,2
000031350,2
000031356,2
000031362,2
000031368,2
000031374,3
000031380,3
000031386,3
000031392,3
000031398,3
000031404,3
000031410,3
000031416,3
000031422,3
000031428,3
000031434,3
000031440,3
000031446,3
000031452,3
000031458,3
000031464,3
000031470,3
000031476,3
000031482,3
000031488,3
000031494,3
000031500,3
000031506,3
000031512,3
000031518,3
000031524,3
000031530,3
000031536,3
000031542,3
000031548,3
000031554,3
000031560,3
000031566,3
000031572,3
000031578,3
000031584,3
000031590,3
000031596,3
000031602,3
000031608,3
000031614,3
000031620,3
000031626,3
000031632,3
000031638,3
000031644,3
000031650,3
000031656,3
000031662,3
000031668,3
000031674,3
000031680,3
000031686,3
000031692,3
000031698,3
000031704,3
000031710,3
000031716,3
000031722,3
000031728,3
000031734,3
000031740,3
000031746,3
000031752,3
000031758,3
000031764,3
000031770,3
000031776,4
000031782,4
000031788,4
000031794,4
000031800,4
000031806,4
000031812,4
000031818,4
000031824,4
000031830,4
000031836,4
000031842,4
000031848,4
000031854,4
000031860,4
000031866,4
000031872,4
000031878,4
000031884,4
000031890,4
000031896,4
000031902,4
000031908,4
000031914,4
000031920,4
000031926,4
000031932,4
000031938,4
000031944,4
000031950,4
000031956,4
000031962,4
000031968,4
000031974,4
000031980,4
000031986,4
000031992,4
000031998,4
000032004,4
000032010,4
000032016,4
000032022,4
000032028,4
000032034,4
000032040,4
000032046,4
000032052,4
000032058,4
000032064,4
000032070,4
000032076,4
000032082,2
000032088,2
000032094,2
000032100,2
000032106,2
000032112,2
000032118,2
000032124,2
000032130,2
000032136,2
000032142,2
000032148,2
000032154,2
000032160,2
000032166,2
000032172,2
000032178,2
000032184,2
000032190,2
000032196,2
000032202,2
000032208,2
000032214,2
000032220,2
000032226,2
000032232,2
000032238,2
000032244,2
000032250,2
000032256,2
000032262,2
000032268,2
000032274,2
000032280,2
000032286,2
000032292,2
000032298,2
000032304,2
000032310,3
000032316,3
000032322,3
000032328,3
000032334,3
000032340,3
000032346,3
000032352,3
000032358,3
000032364,3
000032370,3
000032376,3
000032382,3
000032388,3
000032394,3
000032400,3
000032406,3
000032412,3
000032418,3
000032424,3
000032430,3
000032436,3
000032442,3
000032448,3
000032454,3
000032460,3
000032466,3
000032472,3
000032478,3
000032484,3
000032490,3
000032496,3
000032502,3
000032508,3
000032514,3
000032520,3
000032526,3
000032532,3
000032538,3
000032544,3
000032550,3
000032556,3
000032562,3
000032568,3
000032574,3
000032580,3
000032586,3
000032592,3
000032598,3
000032604,3
000032610,3
000032616,3
000032622,3
000032628,3
000032634,3
000032640,3
000032646,3
000032652,3
000032658,3
000032664,3
000032670,3
000032676,3
000032682,3
000032688,3
000032694,3
000032700,3
000032706,3
000032712,3
000032718,3
000032724,3
000032730,3
000032736,3
000032742,3
000032748,3
000032754,3
000032760,3
000032766,3
000032772,4
000032778,4
000032784,4
000032790,4
000032796,4
000032802,4
000032808,4
000032814,4
000032820,4
000032826,4
000032832,4
000032838,4
000032844,4
000032850,4
000032856,4
000032862,4
000032868,4
000032874,4
000032880,4
000032886,4
000032892,4
000032898,4
000032904,4
000032910,4
000032916,4
000032922,4
000032928,4
000032934,4
000032940,4
000032946,4
000032952,4
000032958,4
000032964,4
000032970,4
000032976,4
000032982,4
000032988,4
000032994,4
000033000,4
000033006,4
000033012,4
000033018,4
000033024,4
000033030,4
000033036,4
000033042,4
000033048,4
000033054,4
000033060,4
000033066,4
000033072,4
000033078,4
000033084,4
000033090,4
000033096,4
000033102,6
000033108,6
000033114,6
000033120,6
000033126,6
000033132,6
000033138,6
000033144,6
000033150,6
000033156,6
000033162,6
000033168,6
000033174,6
000033180,6
000033186,6
000033192,6
000033198,6
000033204,6
000033210,6
000033216,6
000033222,6
000033228,6
000033234,6
000033240,6
000033246,6
000033252,6
000033258,6
000033264,6
000033270,6
000033276,6
000033282,6
000033288,6
000033294,6
000033300,6
000033306,6
000033312,6
000033318,6
000033324,6
000033330,6
000033336,6
000033342,6
000033348,6
000033354,6
000033360,6
000033366,6
000033372,6
000033378,6
000033384,6
000033390,6
000033396,6
000033402,6
000033408,6
000033414,6
000033420,6
000033426,6
000033432,6
000033438,6
000033444,6
000033450,6
000033456,6
000033462,6
000033468,6
000033474,6
000033480,6
000033486,6
000033492,6
000033498,6
000033504,6
000033510,6
000033516,6
000033522,6
000033528,6
000033534,6
000033540,6
000033546,6
000033552,6
000033558,6
000033564,6
000033570,6
000033576,6
000033582,6
000033588,6
000033594,6
000033600,6
000033606,6
000033612,6
000033618,6
000033624,6
000033630,6
000033636,6
000033642,6
000033648,6
000033654,6
000033660,6
000033666,6
000033672,6
000033678,6
000033684,6
000033690,6
000033696,6
000033702,6
000033708,6
000033714,6
000033720,6
000033726,6
000033732,6
000033738,6
000033744,6
000033750,6
000033756,6
000033762,6
000033768,6
000033774,6
000033780,6
000033786,6
000033792,6
000033798,6
000033804,6
000033810,6
000033816,6
000033822,6
000033828,6
000033834,6
000033840,6
000033846,6
000033852,6
000033858,6
000033864,6
000033870,6
000033876,6
000033882,6
000033888,6
000033894,6
000033900,6
000033906,6
000033912,6
000033918,6
000033924,6
000033930,6
000033936,6
000033942,6
000033948,6
000033954,6
000033960,6
000033966,6
000033972,6
000033978,6
000033984,6
000033990,6
000033996,6
000034002,6
000034008,6
000034014,6
000034020,6
000034026,6
000034032,6
000034038,7
000034044,7
000034050,7
000034056,7
000034062,7
000034068,7
000034074,7
000034080,7
000034086,7
000034092,7
000034098,7
000034104,1
000034110,1
000034116,1
000034122,1
000034128,1
000034134,1
000034140,1
000034146,1
000034152,1
000034158,1
000034164,1
000034170,1
000034176,1
000034182,1
000034188,1
000034194,1
000034200,1
000034206,1
000034212,7
000034218,7
000034224,7
000034230,7
000034236,7
000034242,7
000034248,7
000034254,7
000034260,7
000034266,7
000034272,7
000034278,7
000034284,7
000034290,7
000034296,7
000034302,7
000034308,7
000034314,7
000034320,7
000034326,7
000034332,7
000034338,7
000034344,7
000034350,7
000034356,7
000034362,7
000034368,7
000034374,7
000034380,7
000034386,0
000034392,0
000034398,0
000034404,0
000034410,0
000034416,0
000034422,0
000034428,0
