000000000,0
000000006,0
000000012,0
000000018,0
000000024,0
000000030,0
000000036,0
000000042,0
000000048,0
000000054,0
000000060,0
000000066,0
000000072,0
000000078,0
000000084,0
000000090,0
000000096,0
000000102,0
000000108,0
000000114,0
000000120,0
000000126,0
000000132,0
000000138,0
000000144,0
000000150,0
000000156,0
000000162,0
000000168,0
000000174,0
000000180,0
000000186,0
000000192,0
000000198,0
000000204,0
000000210,0
000000216,0
000000222,0
000000228,0
000000234,0
000000240,0
000000246,0
000000252,0
000000258,0
000000264,0
000000270,0
000000276,0
000000282,0
000000288,0
000000294,0
000000300,0
000000306,0
000000312,0
000000318,0
000000324,0
000000330,0
000000336,0
000000342,0
000000348,0
000000354,0
000000360,0
000000366,0
000000372,0
000000378,0
000000384,0
000000390,0
000000396,0
000000402,0
000000408,0
000000414,0
000000420,0
000000426,0
000000432,0
000000438,0
000000444,0
000000450,0
000000456,0
000000462,0
000000468,0
000000474,0
000000480,0
000000486,0
000000492,0
000000498,0
000000504,0
000000510,0
000000516,0
000000522,0
000000528,0
000000534,0
000000540,0
000000546,0
000000552,0
000000558,0
000000564,0
000000570,0
000000576,0
000000582,0
000000588,0
000000594,0
000000600,0
000000606,0
000000612,0
000000618,0
000000624,0
000000630,0
000000636,0
000000642,0
000000648,0
000000654,0
000000660,0
000000666,0
000000672,0
000000678,0
000000684,0
000000690,0
000000696,0
000000702,0
000000708,0
000000714,0
000000720,0
000000726,0
000000732,0
000000738,0
000000744,0
000000750,0
000000756,0
000000762,0
000000768,0
000000774,0
000000780,0
000000786,0
000000792,0
000000798,0
000000804,0
000000810,0
000000816,0
000000822,0
000000828,0
000000834,0
000000840,0
000000846,0
000000852,0
000000858,0
000000864,0
000000870,0
000000876,0
000000882,0
000000888,0
000000894,0
000000900,0
000000906,0
000000912,0
000000918,0
000000924,0
000000930,0
000000936,0
000000942,0
000000948,0
000000954,0
000000960,0
000000966,0
000000972,0
000000978,0
000000984,0
000000990,0
000000996,0
000001002,0
000001008,0
000001014,0
000001020,0
000001026,0
000001032,0
000001038,0
000001044,0
000001050,0
000001056,0
000001062,0
000001068,0
000001074,0
000001080,0
000001086,0
000001092,0
000001098,0
000001104,0
000001110,0
000001116,0
000001122,0
000001128,0
000001134,0
000001140,0
000001146,0
000001152,0
000001158,0
000001164,0
000001170,0
000001176,0
000001182,0
000001188,0
000001194,0
000001200,0
000001206,0
000001212,0
000001218,0
000001224,0
000001230,0
000001236,0
000001242,0
000001248,0
000001254,0
000001260,0
000001266,0
000001272,0
000001278,0
000001284,0
000001290,0
000001296,0
000001302,0
000001308,0
000001314,0
000001320,0
000001326,0
000001332,0
000001338,0
000001344,0
000001350,0
000001356,0
000001362,0
000001368,0
000001374,0
000001380,0
000001386,0
000001392,0
000001398,0
000001404,0
000001410,0
000001416,0
000001422,0
000001428,0
000001434,0
000001440,0
000001446,0
000001452,0
000001458,0
000001464,0
000001470,0
000001476,0
000001482,0
000001488,0
000001494,0
000001500,0
000001506,0
000001512,0
000001518,0
000001524,0
000001530,0
000001536,0
000001542,0
000001548,0
000001554,0
000001560,0
000001566,0
000001572,0
000001578,0
000001584,0
000001590,0
000001596,0
000001602,0
000001608,0
000001614,0
000001620,0
000001626,0
000001632,0
000001638,0
000001644,0
000001650,0
000001656,0
000001662,0
000001668,0
000001674,0
000001680,0
000001686,0
000001692,0
000001698,0
000001704,0
000001710,0
000001716,0
000001722,0
000001728,0
000001734,0
000001740,0
000001746,0
000001752,0
000001758,0
000001764,0
000001770,0
000001776,0
000001782,0
000001788,0
000001794,0
000001800,0
000001806,0
000001812,0
000001818,0
000001824,0
000001830,0
000001836,0
000001842,0
000001848,0
000001854,0
000001860,0
000001866,0
000001872,0
000001878,0
000001884,0
000001890,0
000001896,0
000001902,0
000001908,0
000001914,0
000001920,0
000001926,0
000001932,0
000001938,0
000001944,0
000001950,0
000001956,0
000001962,0
000001968,0
000001974,0
000001980,0
000001986,0
000001992,0
000001998,0
000002004,0
000002010,0
000002016,0
000002022,0
000002028,0
000002034,0
000002040,0
000002046,0
000002052,0
000002058,0
000002064,0
000002070,0
000002076,0
000002082,0
000002088,0
000002094,0
000002100,0
000002106,0
000002112,0
000002118,0
000002124,0
000002130,0
000002136,0
000002142,0
000002148,0
000002154,0
000002160,0
000002166,0
000002172,0
000002178,0
000002184,0
000002190,0
000002196,0
000002202,0
000002208,0
000002214,0
000002220,0
000002226,0
000002232,0
000002238,0
000002244,0
000002250,0
000002256,0
000002262,0
000002268,0
000002274,0
000002280,0
000002286,0
000002292,0
000002298,0
000002304,0
000002310,0
000002316,0
000002322,0
000002328,0
000002334,0
000002340,0
000002346,0
000002352,0
000002358,1
000002364,1
000002370,1
000002376,1
000002382,1
000002388,1
000002394,1
000002400,1
000002406,1
000002412,1
000002418,1
000002424,1
000002430,1
000002436,1
000002442,1
000002448,1
000002454,1
000002460,1
000002466,1
000002472,1
000002478,1
000002484,1
000002490,1
000002496,1
000002502,1
000002508,1
000002514,1
000002520,1
000002526,1
000002532,1
000002538,1
000002544,1
000002550,1
000002556,1
000002562,1
000002568,1
000002574,1
000002580,1
000002586,1
000002592,1
000002598,1
000002604,1
000002610,1
000002616,1
000002622,1
000002628,1
000002634,1
000002640,1
000002646,1
000002652,1
000002658,1
000002664,1
000002670,1
000002676,1
000002682,1
000002688,1
000002694,1
000002700,1
000002706,1
000002712,1
000002718,1
000002724,1
000002730,1
000002736,1
000002742,1
000002748,1
000002754,1
000002760,1
000002766,1
000002772,1
000002778,1
000002784,1
000002790,1
000002796,1
000002802,1
000002808,1
000002814,1
000002820,1
000002826,1
000002832,1
000002838,1
000002844,1
000002850,1
000002856,1
000002862,1
000002868,1
000002874,1
000002880,1
000002886,1
000002892,1
000002898,1
000002904,1
000002910,1
000002916,1
000002922,1
000002928,1
000002934,1
000002940,1
000002946,1
000002952,1
000002958,1
000002964,2
000002970,2
000002976,2
000002982,2
000002988,2
000002994,2
000003000,2
000003006,2
000003012,2
000003018,2
000003024,2
000003030,2
000003036,2
000003042,2
000003048,2
000003054,2
000003060,2
000003066,2
000003072,2
000003078,2
000003084,2
000003090,2
000003096,2
000003102,2
000003108,2
000003114,2
000003120,2
000003126,2
000003132,2
000003138,2
000003144,2
000003150,2
000003156,2
000003162,2
000003168,2
000003174,2
000003180,2
000003186,2
000003192,2
000003198,2
000003204,2
000003210,2
000003216,2
000003222,2
000003228,2
000003234,2
000003240,2
000003246,2
000003252,2
000003258,2
000003264,2
000003270,2
000003276,2
000003282,2
000003288,2
000003294,2
000003300,2
000003306,2
000003312,2
000003318,2
000003324,2
000003330,2
000003336,2
000003342,2
000003348,2
000003354,2
000003360,2
000003366,2
000003372,2
000003378,2
000003384,2
000003390,2
000003396,2
000003402,2
000003408,2
000003414,3
000003420,3
000003426,3
000003432,3
000003438,3
000003444,3
000003450,3
000003456,3
000003462,3
000003468,3
000003474,3
000003480,3
000003486,3
000003492,3
000003498,3
000003504,3
000003510,3
000003516,3
000003522,3
000003528,3
000003534,3
000003540,3
000003546,3
000003552,3
000003558,3
000003564,3
000003570,3
000003576,3
000003582,3
000003588,3
000003594,3
000003600,3
000003606,3
000003612,3
000003618,3
000003624,3
000003630,3
000003636,3
000003642,3
000003648,3
000003654,3
000003660,3
000003666,3
000003672,3
000003678,3
000003684,3
000003690,3
000003696,3
000003702,3
000003708,3
000003714,3
000003720,3
000003726,3
000003732,3
000003738,3
000003744,3
000003750,3
000003756,3
000003762,3
000003768,3
000003774,3
000003780,3
000003786,3
000003792,3
000003798,3
000003804,3
000003810,3
000003816,3
000003822,3
000003828,3
000003834,3
000003840,3
000003846,3
000003852,3
000003858,3
000003864,3
000003870,3
000003876,3
000003882,3
000003888,3
000003894,3
000003900,3
000003906,3
000003912,3
000003918,3
000003924,3
000003930,3
000003936,3
000003942,3
000003948,3
000003954,3
000003960,3
000003966,3
000003972,3
000003978,3
000003984,3
000003990,3
000003996,3
000004002,3
000004008,3
000004014,3
000004020,3
000004026,3
000004032,3
000004038,3
000004044,3
000004050,3
000004056,3
000004062,3
000004068,3
000004074,3
000004080,3
000004086,3
000004092,3
000004098,3
000004104,3
000004110,3
000004116,3
000004122,3
000004128,3
000004134,3
000004140,3
000004146,3
000004152,3
000004158,3
000004164,3
000004170,3
000004176,3
000004182,3
000004188,3
000004194,3
000004200,3
000004206,3
000004212,3
000004218,3
000004224,3
000004230,3
000004236,3
000004242,4
000004248,4
000004254,4
000004260,4
000004266,4
000004272,4
000004278,4
000004284,4
000004290,4
000004296,4
000004302,4
000004308,4
000004314,4
000004320,4
000004326,4
000004332,4
000004338,4
000004344,4
000004350,4
000004356,4
000004362,4
000004368,4
000004374,4
000004380,4
000004386,4
000004392,4
000004398,4
000004404,4
000004410,4
000004416,4
000004422,4
000004428,4
000004434,4
000004440,4
000004446,4
000004452,4
000004458,4
000004464,4
000004470,4
000004476,4
000004482,4
000004488,4
000004494,4
000004500,4
000004506,4
000004512,4
000004518,4
000004524,4
000004530,4
000004536,4
000004542,4
000004548,4
000004554,4
000004560,4
000004566,4
000004572,4
000004578,4
000004584,4
000004590,4
000004596,4
000004602,4
000004608,4
000004614,4
000004620,4
000004626,4
000004632,4
000004638,4
000004644,4
000004650,4
000004656,4
000004662,4
000004668,4
000004674,4
000004680,4
000004686,4
000004692,4
000004698,4
000004704,4
000004710,4
000004716,4
000004722,4
000004728,4
000004734,4
000004740,4
000004746,4
000004752,4
000004758,4
000004764,4
000004770,2
000004776,2
000004782,2
000004788,2
000004794,2
000004800,2
000004806,2
000004812,2
000004818,2
000004824,2
000004830,2
000004836,2
000004842,2
000004848,2
000004854,2
000004860,2
000004866,2
000004872,2
000004878,2
000004884,2
000004890,2
000004896,2
000004902,2
000004908,2
000004914,2
000004920,2
000004926,2
000004932,2
000004938,2
000004944,2
000004950,2
000004956,2
000004962,2
000004968,2
000004974,2
000004980,2
000004986,2
000004992,2
000004998,2
000005004,2
000005010,2
000005016,2
000005022,2
000005028,2
000005034,2
000005040,2
000005046,2
000005052,2
000005058,2
000005064,2
000005070,3
000005076,3
000005082,3
000005088,3
000005094,3
000005100,3
000005106,3
000005112,3
000005118,3
000005124,3
000005130,3
000005136,3
000005142,3
000005148,3
000005154,3
000005160,3
000005166,3
000005172,3
000005178,3
000005184,3
000005190,3
000005196,3
000005202,3
000005208,3
000005214,3
000005220,3
000005226,3
000005232,3
000005238,3
000005244,3
000005250,3
000005256,3
000005262,3
000005268,3
000005274,3
000005280,3
000005286,3
000005292,3
000005298,3
000005304,3
000005310,3
000005316,3
000005322,3
000005328,3
000005334,3
000005340,3
000005346,3
000005352,3
000005358,3
000005364,3
000005370,3
000005376,3
000005382,3
000005388,3
000005394,3
000005400,3
000005406,3
000005412,3
000005418,3
000005424,3
000005430,3
000005436,3
000005442,3
000005448,3
000005454,3
000005460,3
000005466,3
000005472,3
000005478,3
000005484,3
000005490,3
000005496,3
000005502,3
000005508,3
000005514,3
000005520,3
000005526,3
000005532,3
000005538,3
000005544,3
000005550,3
000005556,3
000005562,3
000005568,3
000005574,3
000005580,3
000005586,3
000005592,3
000005598,3
000005604,3
000005610,3
000005616,3
000005622,3
000005628,3
000005634,3
000005640,3
000005646,3
000005652,3
000005658,3
000005664,3
000005670,4
000005676,4
000005682,4
000005688,4
000005694,4
000005700,4
000005706,4
000005712,4
000005718,4
000005724,4
000005730,4
000005736,4
000005742,4
000005748,4
000005754,4
000005760,4
000005766,4
000005772,4
000005778,4
000005784,4
000005790,4
000005796,4
000005802,4
000005808,4
000005814,4
000005820,4
000005826,4
000005832,4
000005838,4
000005844,4
000005850,4
000005856,4
000005862,4
000005868,4
000005874,4
000005880,4
000005886,4
000005892,4
000005898,4
000005904,4
000005910,4
000005916,4
000005922,4
000005928,4
000005934,4
000005940,4
000005946,4
000005952,4
000005958,4
000005964,4
000005970,4
000005976,4
000005982,4
000005988,4
000005994,4
000006000,4
000006006,4
000006012,4
000006018,4
000006024,4
000006030,4
000006036,4
000006042,4
000006048,4
000006054,4
000006060,4
000006066,4
000006072,4
000006078,4
000006084,4
000006090,4
000006096,4
000006102,4
000006108,4
000006114,4
000006120,4
000006126,4
000006132,4
000006138,4
000006144,4
000006150,4
000006156,4
000006162,4
000006168,4
000006174,4
000006180,4
000006186,4
000006192,4
000006198,4
000006204,4
000006210,4
000006216,4
000006222,4
000006228,4
000006234,4
000006240,4
000006246,4
000006252,4
000006258,4
000006264,4
000006270,4
000006276,4
000006282,4
000006288,4
000006294,4
000006300,4
000006306,4
000006312,4
000006318,4
000006324,4
000006330,4
000006336,4
000006342,4
000006348,4
000006354,4
000006360,4
000006366,4
000006372,4
000006378,4
000006384,4
000006390,4
000006396,4
000006402,4
000006408,4
000006414,4
000006420,4
000006426,4
000006432,4
000006438,4
000006444,4
000006450,4
000006456,4
000006462,4
000006468,4
000006474,4
000006480,4
000006486,4
000006492,4
000006498,4
000006504,4
000006510,4
000006516,4
000006522,4
000006528,4
000006534,4
000006540,2
000006546,2
000006552,2
000006558,2
000006564,2
000006570,2
000006576,2
000006582,2
000006588,2
000006594,2
000006600,2
000006606,2
000006612,2
000006618,2
000006624,2
000006630,2
000006636,2
000006642,2
000006648,2
000006654,2
000006660,2
000006666,2
000006672,2
000006678,3
000006684,3
000006690,3
000006696,3
000006702,3
000006708,3
000006714,3
000006720,3
000006726,3
000006732,3
000006738,3
000006744,3
000006750,3
000006756,3
000006762,3
000006768,3
000006774,3
000006780,3
000006786,3
000006792,3
000006798,3
000006804,3
000006810,3
000006816,3
000006822,3
000006828,3
000006834,3
000006840,3
000006846,3
000006852,3
000006858,3
000006864,3
000006870,3
000006876,3
000006882,3
000006888,3
000006894,3
000006900,3
000006906,3
000006912,3
000006918,3
000006924,3
000006930,3
000006936,3
000006942,3
000006948,3
000006954,3
000006960,3
000006966,3
000006972,3
000006978,3
000006984,3
000006990,3
000006996,3
000007002,3
000007008,3
000007014,3
000007020,3
000007026,3
000007032,3
000007038,3
000007044,3
000007050,3
000007056,3
000007062,3
000007068,3
000007074,3
000007080,3
000007086,3
000007092,3
000007098,3
000007104,3
000007110,3
000007116,3
000007122,3
000007128,3
000007134,3
000007140,3
000007146,3
000007152,3
000007158,3
000007164,3
000007170,3
000007176,3
000007182,3
000007188,3
000007194,3
000007200,3
000007206,3
000007212,3
000007218,3
000007224,3
000007230,3
000007236,3
000007242,3
000007248,3
000007254,3
000007260,3
000007266,3
000007272,3
000007278,3
000007284,3
000007290,3
000007296,3
000007302,3
000007308,3
000007314,3
000007320,3
000007326,3
000007332,3
000007338,3
000007344,3
000007350,3
000007356,3
000007362,3
000007368,4
000007374,4
000007380,4
000007386,4
000007392,4
000007398,4
000007404,4
000007410,4
000007416,4
000007422,4
000007428,4
000007434,4
000007440,4
000007446,4
000007452,4
000007458,4
000007464,4
000007470,4
000007476,1
000007482,1
000007488,1
000007494,1
000007500,1
000007506,1
000007512,1
000007518,1
000007524,1
000007530,1
000007536,1
000007542,1
000007548,1
000007554,1
000007560,1
000007566,1
000007572,1
000007578,4
000007584,4
000007590,4
000007596,4
000007602,4
000007608,4
000007614,4
000007620,4
000007626,4
000007632,4
000007638,4
000007644,4
000007650,4
000007656,4
000007662,4
000007668,4
000007674,4
000007680,4
000007686,4
000007692,4
000007698,4
000007704,4
000007710,4
000007716,4
000007722,4
000007728,4
000007734,4
000007740,4
000007746,4
000007752,4
000007758,4
000007764,4
000007770,4
000007776,4
000007782,4
000007788,4
000007794,4
000007800,4
000007806,4
000007812,4
000007818,4
000007824,4
000007830,4
000007836,4
000007842,4
000007848,4
000007854,4
000007860,4
000007866,4
000007872,4
000007878,4
000007884,4
000007890,4
000007896,4
000007902,4
000007908,4
000007914,4
000007920,4
000007926,4
000007932,4
000007938,4
000007944,4
000007950,4
000007956,4
000007962,4
000007968,1
000007974,1
000007980,1
000007986,1
000007992,1
000007998,1
000008004,1
000008010,1
000008016,1
000008022,1
000008028,1
000008034,1
000008040,1
000008046,1
000008052,1
000008058,1
000008064,1
000008070,1
000008076,1
000008082,1
000008088,1
000008094,1
000008100,1
000008106,1
000008112,1
000008118,1
000008124,1
000008130,1
000008136,1
000008142,1
000008148,1
000008154,1
000008160,1
000008166,1
000008172,1
000008178,1
000008184,1
000008190,2
000008196,2
000008202,2
000008208,2
000008214,2
000008220,2
000008226,2
000008232,2
000008238,2
000008244,2
000008250,2
000008256,2
000008262,2
000008268,2
000008274,2
000008280,2
000008286,2
000008292,2
000008298,2
000008304,2
000008310,2
000008316,2
000008322,2
000008328,2
000008334,2
000008340,2
000008346,2
000008352,2
000008358,2
000008364,2
000008370,2
000008376,2
000008382,2
000008388,2
000008394,2
000008400,2
000008406,2
000008412,2
000008418,2
000008424,2
000008430,2
000008436,2
000008442,2
000008448,2
000008454,2
000008460,2
000008466,2
000008472,2
000008478,2
000008484,2
000008490,2
000008496,2
000008502,2
000008508,2
000008514,2
000008520,2
000008526,2
000008532,2
000008538,2
000008544,2
000008550,2
000008556,2
000008562,2
000008568,2
000008574,2
000008580,2
000008586,2
000008592,2
000008598,2
000008604,2
000008610,2
000008616,2
000008622,2
000008628,2
000008634,2
000008640,2
000008646,2
000008652,2
000008658,2
000008664,2
000008670,2
000008676,2
000008682,2
000008688,2
000008694,2
000008700,2
000008706,2
000008712,2
000008718,2
000008724,2
000008730,2
000008736,2
000008742,2
000008748,2
000008754,2
000008760,2
000008766,2
000008772,2
000008778,2
000008784,2
000008790,2
000008796,2
000008802,2
000008808,2
000008814,2
000008820,2
000008826,2
000008832,2
000008838,2
000008844,2
000008850,2
000008856,2
000008862,2
000008868,2
000008874,2
000008880,2
000008886,2
000008892,2
000008898,2
000008904,2
000008910,2
000008916,3
000008922,3
000008928,3
000008934,3
000008940,3
000008946,3
000008952,3
000008958,3
000008964,3
000008970,3
000008976,3
000008982,3
000008988,3
000008994,3
000009000,3
000009006,3
000009012,3
000009018,3
000009024,3
000009030,3
000009036,3
000009042,3
000009048,3
000009054,3
000009060,3
000009066,3
000009072,3
000009078,3
000009084,3
000009090,3
000009096,3
000009102,3
000009108,3
000009114,3
000009120,3
000009126,3
000009132,3
000009138,3
000009144,3
000009150,3
000009156,3
000009162,3
000009168,3
000009174,3
000009180,3
000009186,3
000009192,3
000009198,3
000009204,3
000009210,3
000009216,3
000009222,3
000009228,3
000009234,3
000009240,3
000009246,3
000009252,3
000009258,3
000009264,3
000009270,3
000009276,3
000009282,3
000009288,3
000009294,3
000009300,3
000009306,3
000009312,3
000009318,3
000009324,3
000009330,4
000009336,4
000009342,4
000009348,4
000009354,4
000009360,4
000009366,4
000009372,4
000009378,4
000009384,4
000009390,4
000009396,4
000009402,4
000009408,4
000009414,4
000009420,4
000009426,4
000009432,4
000009438,4
000009444,4
000009450,4
000009456,4
000009462,4
000009468,4
000009474,4
000009480,4
000009486,4
000009492,4
000009498,4
000009504,4
000009510,4
000009516,4
000009522,4
000009528,4
000009534,4
000009540,4
000009546,4
000009552,4
000009558,4
000009564,4
000009570,4
000009576,4
000009582,4
000009588,4
000009594,4
000009600,4
000009606,4
000009612,4
000009618,4
000009624,4
000009630,4
000009636,4
000009642,4
000009648,4
000009654,4
000009660,4
000009666,4
000009672,4
000009678,4
000009684,4
000009690,4
000009696,4
000009702,4
000009708,4
000009714,4
000009720,4
000009726,4
000009732,4
000009738,4
000009744,2
000009750,2
000009756,2
000009762,2
000009768,2
000009774,2
000009780,2
000009786,2
000009792,2
000009798,2
000009804,2
000009810,2
000009816,2
000009822,2
000009828,2
000009834,2
000009840,2
000009846,2
000009852,2
000009858,2
000009864,2
000009870,2
000009876,2
000009882,2
000009888,2
000009894,2
000009900,2
000009906,2
000009912,2
000009918,2
000009924,2
000009930,2
000009936,2
000009942,2
000009948,2
000009954,2
000009960,2
000009966,2
000009972,2
000009978,2
000009984,2
000009990,2
000009996,2
000010002,2
000010008,2
000010014,2
000010020,2
000010026,2
000010032,2
000010038,2
000010044,2
000010050,2
000010056,2
000010062,2
000010068,2
000010074,2
000010080,2
000010086,2
000010092,2
000010098,2
000010104,2
000010110,2
000010116,2
000010122,2
000010128,2
000010134,2
000010140,2
000010146,2
000010152,2
000010158,2
000010164,2
000010170,2
000010176,2
000010182,2
000010188,2
000010194,2
000010200,2
000010206,2
000010212,2
000010218,2
000010224,2
000010230,2
000010236,2
000010242,2
000010248,2
000010254,2
000010260,2
000010266,2
000010272,2
000010278,2
000010284,2
000010290,2
000010296,2
000010302,2
000010308,2
000010314,2
000010320,2
000010326,2
000010332,2
000010338,2
000010344,2
000010350,2
000010356,2
000010362,2
000010368,2
000010374,2
000010380,2
000010386,2
000010392,2
000010398,2
000010404,2
000010410,2
000010416,2
000010422,2
000010428,2
000010434,2
000010440,2
000010446,2
000010452,2
000010458,2
000010464,2
000010470,2
000010476,2
000010482,2
000010488,2
000010494,2
000010500,2
000010506,2
000010512,2
000010518,2
000010524,2
000010530,2
000010536,3
000010542,3
000010548,3
000010554,3
000010560,3
000010566,3
000010572,3
000010578,3
000010584,3
000010590,3
000010596,3
000010602,3
000010608,3
000010614,3
000010620,3
000010626,3
000010632,3
000010638,3
000010644,3
000010650,3
000010656,3
000010662,3
000010668,3
000010674,3
000010680,3
000010686,3
000010692,3
000010698,3
000010704,3
000010710,3
000010716,3
000010722,3
000010728,3
000010734,3
000010740,3
000010746,3
000010752,3
000010758,3
000010764,3
000010770,3
000010776,3
000010782,3
000010788,3
000010794,3
000010800,3
000010806,3
000010812,3
000010818,3
000010824,3
000010830,3
000010836,3
000010842,3
000010848,3
000010854,3
000010860,3
000010866,3
000010872,3
000010878,3
000010884,3
000010890,3
000010896,3
000010902,3
000010908,3
000010914,3
000010920,3
000010926,3
000010932,3
000010938,3
000010944,3
000010950,3
000010956,3
000010962,3
000010968,3
000010974,3
000010980,3
000010986,3
000010992,3
000010998,3
000011004,3
000011010,3
000011016,3
000011022,3
000011028,3
000011034,3
000011040,3
000011046,3
000011052,3
000011058,3
000011064,3
000011070,3
000011076,3
000011082,3
000011088,3
000011094,3
000011100,3
000011106,3
000011112,3
000011118,3
000011124,3
000011130,3
000011136,3
000011142,3
000011148,3
000011154,3
000011160,3
000011166,3
000011172,3
000011178,3
000011184,3
000011190,3
000011196,3
000011202,3
000011208,3
000011214,3
000011220,3
000011226,3
000011232,3
000011238,3
000011244,3
000011250,3
000011256,3
000011262,3
000011268,3
000011274,3
000011280,3
000011286,3
000011292,3
000011298,3
000011304,3
000011310,3
000011316,3
000011322,3
000011328,3
000011334,3
000011340,3
000011346,3
000011352,3
000011358,3
000011364,3
000011370,3
000011376,4
000011382,4
000011388,4
000011394,4
000011400,4
000011406,4
000011412,4
000011418,4
000011424,4
000011430,4
000011436,4
000011442,4
000011448,4
000011454,4
000011460,4
000011466,4
000011472,4
000011478,4
000011484,4
000011490,4
000011496,4
000011502,4
000011508,4
000011514,4
000011520,4
000011526,4
000011532,4
000011538,4
000011544,4
000011550,4
000011556,4
000011562,4
000011568,4
000011574,4
000011580,4
000011586,4
000011592,4
000011598,4
000011604,4
000011610,4
000011616,4
000011622,4
000011628,4
000011634,4
000011640,4
000011646,4
000011652,4
000011658,4
000011664,4
000011670,4
000011676,4
000011682,4
000011688,4
000011694,4
000011700,4
000011706,4
000011712,4
000011718,4
000011724,4
000011730,4
000011736,4
000011742,4
000011748,4
000011754,4
000011760,4
000011766,4
000011772,4
000011778,4
000011784,4
000011790,4
000011796,4
000011802,4
000011808,4
000011814,4
000011820,4
000011826,4
000011832,4
000011838,4
000011844,4
000011850,4
000011856,4
000011862,4
000011868,4
000011874,4
000011880,4
000011886,4
000011892,4
000011898,4
000011904,4
000011910,4
000011916,4
000011922,4
000011928,4
000011934,4
000011940,4
000011946,4
000011952,2
000011958,2
000011964,2
000011970,2
000011976,2
000011982,2
000011988,2
000011994,2
000012000,2
000012006,2
000012012,2
000012018,2
000012024,2
000012030,2
000012036,2
000012042,2
000012048,2
000012054,2
000012060,2
000012066,2
000012072,2
000012078,2
000012084,2
000012090,2
000012096,2
000012102,2
000012108,2
000012114,2
000012120,2
000012126,2
000012132,2
000012138,2
000012144,2
000012150,2
000012156,2
000012162,2
000012168,2
000012174,2
000012180,2
000012186,2
000012192,2
000012198,2
000012204,2
000012210,2
000012216,2
000012222,2
000012228,2
000012234,2
000012240,2
000012246,2
000012252,2
000012258,2
000012264,2
000012270,2
000012276,2
000012282,2
000012288,2
000012294,2
000012300,2
000012306,2
000012312,2
000012318,2
000012324,2
000012330,2
000012336,2
000012342,2
000012348,2
000012354,2
000012360,2
000012366,2
000012372,2
000012378,2
000012384,2
000012390,3
000012396,3
000012402,3
000012408,3
000012414,3
000012420,3
000012426,3
000012432,3
000012438,3
000012444,3
000012450,3
000012456,3
000012462,3
000012468,3
000012474,3
000012480,3
000012486,3
000012492,3
000012498,3
000012504,3
000012510,3
000012516,3
000012522,3
000012528,3
000012534,3
000012540,3
000012546,3
000012552,3
000012558,3
000012564,3
000012570,3
000012576,3
000012582,3
000012588,3
000012594,3
000012600,3
000012606,3
000012612,3
000012618,3
000012624,3
000012630,3
000012636,3
000012642,3
000012648,3
000012654,3
000012660,3
000012666,3
000012672,3
000012678,3
000012684,3
000012690,3
000012696,3
000012702,3
000012708,3
000012714,3
000012720,3
000012726,3
000012732,3
000012738,3
000012744,3
000012750,3
000012756,3
000012762,3
000012768,3
000012774,4
000012780,4
000012786,4
000012792,4
000012798,4
000012804,4
000012810,4
000012816,4
000012822,4
000012828,4
000012834,4
000012840,4
000012846,4
000012852,4
000012858,4
000012864,4
000012870,4
000012876,4
000012882,4
000012888,4
000012894,4
000012900,4
000012906,4
000012912,4
000012918,4
000012924,4
000012930,4
000012936,4
000012942,4
000012948,4
000012954,4
000012960,4
000012966,4
000012972,4
000012978,4
000012984,4
000012990,4
000012996,4
000013002,4
000013008,4
000013014,4
000013020,4
000013026,4
000013032,4
000013038,4
000013044,4
000013050,4
000013056,4
000013062,4
000013068,4
000013074,4
000013080,4
000013086,4
000013092,4
000013098,4
000013104,4
000013110,4
000013116,4
000013122,4
000013128,4
000013134,4
000013140,2
000013146,2
000013152,2
000013158,2
000013164,2
000013170,2
000013176,2
000013182,2
000013188,2
000013194,2
000013200,2
000013206,2
000013212,2
000013218,2
000013224,2
000013230,2
000013236,2
000013242,2
000013248,2
000013254,2
000013260,2
000013266,2
000013272,2
000013278,2
000013284,2
000013290,2
000013296,2
000013302,2
000013308,2
000013314,2
000013320,2
000013326,2
000013332,2
000013338,2
000013344,2
000013350,2
000013356,2
000013362,2
000013368,2
000013374,2
000013380,2
000013386,2
000013392,2
000013398,2
000013404,2
000013410,2
000013416,2
000013422,2
000013428,2
000013434,2
000013440,2
000013446,2
000013452,2
000013458,2
000013464,2
000013470,2
000013476,2
000013482,2
000013488,2
000013494,2
000013500,2
000013506,2
000013512,2
000013518,2
000013524,2
000013530,2
000013536,2
000013542,2
000013548,2
000013554,2
000013560,2
000013566,2
000013572,2
000013578,2
000013584,2
000013590,2
000013596,2
000013602,2
000013608,2
000013614,2
000013620,2
000013626,2
000013632,2
000013638,2
000013644,2
000013650,2
000013656,2
000013662,2
000013668,2
000013674,2
000013680,2
000013686,2
000013692,2
000013698,2
000013704,3
000013710,3
000013716,3
000013722,3
000013728,3
000013734,3
000013740,3
000013746,3
000013752,3
000013758,3
000013764,3
000013770,3
000013776,3
000013782,3
000013788,3
000013794,3
000013800,3
000013806,3
000013812,3
000013818,3
000013824,3
000013830,3
000013836,3
000013842,3
000013848,3
000013854,3
000013860,3
000013866,3
000013872,3
000013878,3
000013884,3
000013890,3
000013896,3
000013902,3
000013908,3
000013914,3
000013920,3
000013926,3
000013932,3
000013938,3
000013944,3
000013950,3
000013956,3
000013962,3
000013968,3
000013974,3
000013980,3
000013986,3
000013992,3
000013998,3
000014004,3
000014010,3
000014016,3
000014022,3
000014028,3
000014034,3
000014040,3
000014046,3
000014052,3
000014058,3
000014064,3
000014070,3
000014076,3
000014082,3
000014088,3
000014094,3
000014100,3
000014106,3
000014112,3
000014118,3
000014124,3
000014130,3
000014136,3
000014142,3
000014148,3
000014154,3
000014160,3
000014166,3
000014172,3
000014178,4
000014184,4
000014190,4
000014196,4
000014202,4
000014208,4
000014214,4
000014220,4
000014226,4
000014232,4
000014238,4
000014244,4
000014250,4
000014256,4
000014262,4
000014268,4
000014274,4
000014280,4
000014286,4
000014292,4
000014298,4
000014304,4
000014310,4
000014316,4
000014322,4
000014328,4
000014334,4
000014340,4
000014346,4
000014352,4
000014358,4
000014364,4
000014370,4
000014376,4
000014382,4
000014388,4
000014394,4
000014400,4
000014406,4
000014412,4
000014418,4
000014424,4
000014430,4
000014436,4
000014442,4
000014448,4
000014454,4
000014460,4
000014466,4
000014472,4
000014478,4
000014484,4
000014490,4
000014496,2
000014502,2
000014508,2
000014514,2
000014520,2
000014526,2
000014532,2
000014538,2
000014544,2
000014550,2
000014556,2
000014562,2
000014568,2
000014574,2
000014580,2
000014586,2
000014592,2
000014598,2
000014604,2
000014610,2
000014616,2
000014622,2
000014628,2
000014634,2
000014640,2
000014646,2
000014652,2
000014658,2
000014664,2
000014670,2
000014676,2
000014682,2
000014688,2
000014694,2
000014700,2
000014706,2
000014712,2
000014718,2
000014724,2
000014730,2
000014736,2
000014742,2
000014748,2
000014754,2
000014760,2
000014766,2
000014772,2
000014778,2
000014784,2
000014790,2
000014796,2
000014802,2
000014808,2
000014814,2
000014820,2
000014826,2
000014832,2
000014838,2
000014844,2
000014850,2
000014856,2
000014862,2
000014868,2
000014874,2
000014880,2
000014886,2
000014892,2
000014898,2
000014904,2
000014910,2
000014916,2
000014922,2
000014928,2
000014934,2
000014940,2
000014946,2
000014952,2
000014958,2
000014964,2
000014970,2
000014976,2
000014982,2
000014988,2
000014994,2
000015000,2
000015006,2
000015012,2
000015018,2
000015024,2
000015030,2
000015036,2
000015042,2
000015048,2
000015054,2
000015060,2
000015066,2
000015072,2
000015078,2
000015084,2
000015090,2
000015096,2
000015102,2
000015108,2
000015114,2
000015120,2
000015126,2
000015132,2
000015138,2
000015144,2
000015150,2
000015156,2
000015162,2
000015168,2
000015174,2
000015180,2
000015186,2
000015192,2
000015198,2
000015204,2
000015210,2
000015216,2
000015222,2
000015228,2
000015234,2
000015240,2
000015246,2
000015252,2
000015258,3
000015264,3
000015270,3
000015276,3
000015282,3
000015288,3
000015294,3
000015300,3
000015306,3
000015312,3
000015318,3
000015324,3
000015330,3
000015336,3
000015342,3
000015348,3
000015354,3
000015360,3
000015366,3
000015372,3
000015378,3
000015384,3
000015390,3
000015396,3
000015402,3
000015408,3
000015414,3
000015420,3
000015426,3
000015432,3
000015438,3
000015444,3
000015450,3
000015456,3
000015462,3
000015468,3
000015474,3
000015480,3
000015486,3
000015492,3
000015498,3
000015504,3
000015510,3
000015516,3
000015522,3
000015528,3
000015534,3
000015540,3
000015546,3
000015552,3
000015558,3
000015564,3
000015570,3
000015576,3
000015582,3
000015588,3
000015594,3
000015600,3
000015606,3
000015612,3
000015618,3
000015624,3
000015630,3
000015636,3
000015642,3
000015648,3
000015654,3
000015660,3
000015666,3
000015672,3
000015678,3
000015684,3
000015690,3
000015696,3
000015702,3
000015708,3
000015714,3
000015720,3
000015726,3
000015732,3
000015738,3
000015744,3
000015750,3
000015756,3
000015762,3
000015768,3
000015774,3
000015780,3
000015786,3
000015792,3
000015798,3
000015804,3
000015810,3
000015816,3
000015822,3
000015828,3
000015834,3
000015840,3
000015846,3
000015852,3
000015858,3
000015864,3
000015870,3
000015876,3
000015882,3
000015888,3
000015894,3
000015900,3
000015906,3
000015912,3
000015918,3
000015924,3
000015930,3
000015936,3
000015942,3
000015948,3
000015954,3
000015960,3
000015966,3
000015972,3
000015978,3
000015984,4
000015990,4
000015996,4
000016002,4
000016008,4
000016014,4
000016020,4
000016026,4
000016032,4
000016038,4
000016044,4
000016050,4
000016056,4
000016062,4
000016068,4
000016074,4
000016080,4
000016086,4
000016092,4
000016098,4
000016104,4
000016110,4
000016116,4
000016122,4
000016128,4
000016134,4
000016140,4
000016146,4
000016152,4
000016158,4
000016164,4
000016170,4
000016176,4
000016182,4
000016188,4
000016194,4
000016200,4
000016206,4
000016212,4
000016218,4
000016224,4
000016230,4
000016236,4
000016242,4
000016248,4
000016254,4
000016260,4
000016266,4
000016272,4
000016278,4
000016284,4
000016290,4
000016296,4
000016302,4
000016308,4
000016314,4
000016320,4
000016326,4
000016332,2
000016338,2
000016344,2
000016350,2
000016356,2
000016362,2
000016368,2
000016374,2
000016380,2
000016386,2
000016392,2
000016398,2
000016404,2
000016410,2
000016416,2
000016422,2
000016428,2
000016434,2
000016440,2
000016446,2
000016452,2
000016458,2
000016464,2
000016470,2
000016476,2
000016482,2
000016488,2
000016494,2
000016500,2
000016506,2
000016512,2
000016518,2
000016524,2
000016530,2
000016536,2
000016542,2
000016548,2
000016554,2
000016560,2
000016566,2
000016572,2
000016578,2
000016584,2
000016590,2
000016596,2
000016602,2
000016608,2
000016614,2
000016620,2
000016626,2
000016632,2
000016638,2
000016644,2
000016650,2
000016656,2
000016662,2
000016668,2
000016674,2
000016680,2
000016686,2
000016692,2
000016698,2
000016704,2
000016710,2
000016716,2
000016722,2
000016728,2
000016734,2
000016740,2
000016746,2
000016752,3
000016758,3
000016764,3
000016770,3
000016776,3
000016782,3
000016788,3
000016794,3
000016800,3
000016806,3
000016812,3
000016818,3
000016824,3
000016830,3
000016836,3
000016842,3
000016848,3
000016854,3
000016860,3
000016866,3
000016872,3
000016878,3
000016884,3
000016890,3
000016896,3
000016902,3
000016908,3
000016914,3
000016920,3
000016926,3
000016932,3
000016938,3
000016944,3
000016950,3
000016956,3
000016962,3
000016968,3
000016974,3
000016980,3
000016986,3
000016992,3
000016998,3
000017004,3
000017010,3
000017016,3
000017022,3
000017028,3
000017034,3
000017040,3
000017046,3
000017052,3
000017058,3
000017064,3
000017070,3
000017076,3
000017082,3
000017088,3
000017094,3
000017100,3
000017106,3
000017112,3
000017118,3
000017124,3
000017130,3
000017136,3
000017142,3
000017148,3
000017154,3
000017160,3
000017166,3
000017172,3
000017178,3
000017184,3
000017190,3
000017196,3
000017202,3
000017208,3
000017214,3
000017220,3
000017226,3
000017232,3
000017238,3
000017244,3
000017250,3
000017256,3
000017262,3
000017268,3
000017274,3
000017280,3
000017286,3
000017292,3
000017298,3
000017304,3
000017310,3
000017316,3
000017322,3
000017328,3
000017334,3
000017340,3
000017346,3
000017352,3
000017358,3
000017364,3
000017370,3
000017376,3
000017382,3
000017388,3
000017394,3
000017400,3
000017406,3
000017412,3
000017418,3
000017424,3
000017430,3
000017436,3
000017442,3
000017448,3
000017454,3
000017460,3
000017466,3
000017472,3
000017478,3
000017484,3
000017490,3
000017496,3
000017502,3
000017508,3
000017514,3
000017520,3
000017526,3
000017532,3
000017538,3
000017544,3
000017550,3
000017556,3
000017562,4
000017568,4
000017574,4
000017580,4
000017586,4
000017592,4
000017598,4
000017604,4
000017610,4
000017616,4
000017622,4
000017628,4
000017634,4
000017640,4
000017646,4
000017652,4
000017658,4
000017664,4
000017670,4
000017676,4
000017682,4
000017688,4
000017694,4
000017700,4
000017706,4
000017712,4
000017718,4
000017724,4
000017730,4
000017736,4
000017742,4
000017748,4
000017754,4
000017760,4
000017766,4
000017772,4
000017778,4
000017784,4
000017790,4
000017796,4
000017802,4
000017808,4
000017814,4
000017820,4
000017826,4
000017832,4
000017838,4
000017844,4
000017850,4
000017856,4
000017862,4
000017868,4
000017874,4
000017880,4
000017886,4
000017892,4
000017898,4
000017904,4
000017910,4
000017916,2
000017922,2
000017928,2
000017934,2
000017940,2
000017946,2
000017952,2
000017958,2
000017964,2
000017970,2
000017976,2
000017982,2
000017988,2
000017994,2
000018000,2
000018006,2
000018012,2
000018018,2
000018024,2
000018030,2
000018036,2
000018042,2
000018048,2
000018054,2
000018060,2
000018066,2
000018072,2
000018078,2
000018084,2
000018090,2
000018096,2
000018102,2
000018108,2
000018114,2
000018120,2
000018126,2
000018132,2
000018138,2
000018144,2
000018150,2
000018156,2
000018162,2
000018168,2
000018174,2
000018180,2
000018186,2
000018192,2
000018198,2
000018204,2
000018210,2
000018216,2
000018222,2
000018228,2
000018234,2
000018240,2
000018246,2
000018252,2
000018258,2
000018264,2
000018270,2
000018276,2
000018282,2
000018288,2
000018294,2
000018300,2
000018306,2
000018312,2
000018318,2
000018324,3
000018330,3
000018336,3
000018342,3
000018348,3
000018354,3
000018360,3
000018366,3
000018372,3
000018378,3
000018384,3
000018390,3
000018396,3
000018402,3
000018408,3
000018414,3
000018420,3
000018426,3
000018432,3
000018438,3
000018444,3
000018450,3
000018456,3
000018462,3
000018468,3
000018474,3
000018480,3
000018486,3
000018492,3
000018498,3
000018504,3
000018510,3
000018516,3
000018522,3
000018528,3
000018534,3
000018540,3
000018546,3
000018552,3
000018558,3
000018564,3
000018570,3
000018576,3
000018582,3
000018588,3
000018594,3
000018600,3
000018606,3
000018612,3
000018618,3
000018624,3
000018630,3
000018636,3
000018642,3
000018648,3
000018654,3
000018660,3
000018666,3
000018672,3
000018678,3
000018684,3
000018690,3
000018696,3
000018702,3
000018708,3
000018714,3
000018720,3
000018726,3
000018732,3
000018738,3
000018744,3
000018750,3
000018756,3
000018762,3
000018768,3
000018774,3
000018780,3
000018786,3
000018792,3
000018798,3
000018804,3
000018810,3
000018816,3
000018822,3
000018828,3
000018834,3
000018840,3
000018846,3
000018852,3
000018858,3
000018864,3
000018870,3
000018876,3
000018882,3
000018888,3
000018894,3
000018900,3
000018906,3
000018912,3
000018918,3
000018924,3
000018930,3
000018936,3
000018942,3
000018948,3
000018954,3
000018960,3
000018966,3
000018972,3
000018978,3
000018984,3
000018990,3
000018996,3
000019002,3
000019008,3
000019014,3
000019020,3
000019026,3
000019032,3
000019038,3
000019044,3
000019050,3
000019056,3
000019062,3
000019068,3
000019074,3
000019080,3
000019086,3
000019092,3
000019098,3
000019104,3
000019110,3
000019116,3
000019122,3
000019128,3
000019134,3
000019140,3
000019146,3
000019152,3
000019158,3
000019164,3
000019170,3
000019176,3
000019182,3
000019188,3
000019194,3
000019200,3
000019206,3
000019212,3
000019218,3
000019224,3
000019230,3
000019236,3
000019242,3
000019248,3
000019254,3
000019260,3
000019266,3
000019272,3
000019278,3
000019284,3
000019290,3
000019296,3
000019302,3
000019308,3
000019314,3
000019320,3
000019326,3
000019332,3
000019338,3
000019344,3
000019350,3
000019356,3
000019362,3
000019368,3
000019374,3
000019380,3
000019386,3
000019392,3
000019398,3
000019404,3
000019410,3
000019416,3
000019422,3
000019428,3
000019434,3
000019440,4
000019446,4
000019452,4
000019458,4
000019464,4
000019470,4
000019476,4
000019482,4
000019488,4
000019494,4
000019500,4
000019506,4
000019512,4
000019518,4
000019524,4
000019530,4
000019536,4
000019542,4
000019548,4
000019554,4
000019560,4
000019566,4
000019572,4
000019578,4
000019584,4
000019590,4
000019596,4
000019602,4
000019608,4
000019614,4
000019620,4
000019626,4
000019632,4
000019638,4
000019644,4
000019650,4
000019656,4
000019662,4
000019668,4
000019674,4
000019680,4
000019686,4
000019692,4
000019698,4
000019704,4
000019710,4
000019716,2
000019722,2
000019728,2
000019734,2
000019740,2
000019746,2
000019752,2
000019758,2
000019764,2
000019770,2
000019776,2
000019782,2
000019788,2
000019794,2
000019800,2
000019806,2
000019812,2
000019818,2
000019824,2
000019830,2
000019836,2
000019842,2
000019848,2
000019854,2
000019860,2
000019866,2
000019872,2
000019878,2
000019884,2
000019890,2
000019896,2
000019902,2
000019908,2
000019914,2
000019920,2
000019926,2
000019932,2
000019938,2
000019944,2
000019950,2
000019956,2
000019962,2
000019968,2
000019974,2
000019980,2
000019986,2
000019992,2
000019998,2
000020004,2
000020010,2
000020016,2
000020022,2
000020028,2
000020034,2
000020040,2
000020046,2
000020052,2
000020058,2
000020064,2
000020070,0
000020076,0
000020082,0
000020088,0
000020094,0
000020100,0
000020106,0
000020112,0
000020118,0
000020124,0
000020130,0
000020136,0
000020142,0
000020148,0
000020154,0
000020160,0
000020166,0
000020172,0
000020178,0
000020184,0
000020190,0
000020196,0
000020202,0
000020208,0
000020214,0
000020220,0
000020226,0
000020232,0
000020238,0
000020244,0
000020250,0
000020256,0
000020262,0
000020268,0
000020274,0
000020280,0
000020286,0
000020292,0
000020298,0
000020304,0
000020310,0
000020316,0
000020322,0
000020328,0
000020334,0
000020340,0
000020346,0
000020352,0
000020358,0
000020364,0
000020370,0
000020376,0
000020382,0
000020388,0
000020394,0
000020400,0
000020406,0
000020412,0
000020418,0
000020424,0
000020430,0
000020436,0
000020442,0
000020448,0
000020454,0
000020460,0
000020466,0
000020472,0
000020478,0
000020484,0
000020490,0
000020496,0
000020502,0
000020508,0
000020514,0
000020520,0
000020526,0
000020532,0
000020538,0
000020544,0
000020550,0
000020556,0
000020562,0
000020568,0
000020574,0
000020580,0
000020586,0
000020592,0
000020598,0
000020604,0
000020610,0
000020616,0
000020622,0
000020628,0
000020634,0
000020640,0
000020646,0
000020652,0
000020658,0
000020664,0
000020670,0
000020676,0
000020682,0
000020688,0
000020694,0
000020700,0
000020706,0
000020712,0
000020718,0
000020724,0
000020730,0
000020736,0
000020742,0
000020748,0
000020754,0
000020760,0
000020766,0
000020772,0
000020778,0
000020784,0
000020790,0
000020796,0
000020802,0
000020808,0
000020814,0
000020820,0
000020826,0
000020832,0
000020838,0
000020844,0
000020850,0
000020856,0
000020862,0
000020868,0
000020874,0
000020880,0
000020886,0
000020892,0
000020898,0
000020904,0
000020910,0
000020916,0
000020922,0
000020928,0
000020934,0
000020940,0
000020946,0
000020952,0
000020958,0
000020964,0
000020970,0
000020976,0
000020982,0
000020988,0
000020994,0
000021000,0
000021006,0
000021012,0
000021018,0
000021024,0
000021030,0
000021036,0
000021042,0
000021048,0
000021054,0
000021060,0
000021066,0
000021072,0
000021078,0
000021084,0
000021090,0
000021096,0
000021102,0
000021108,0
000021114,0
000021120,0
000021126,0
000021132,0
000021138,0
000021144,0
000021150,0
000021156,0
000021162,0
000021168,0
000021174,0
000021180,0
000021186,0
000021192,0
000021198,0
000021204,0
000021210,0
000021216,0
000021222,0
000021228,0
000021234,0
000021240,0
000021246,0
000021252,0
000021258,0
000021264,0
000021270,0
000021276,0
000021282,0
000021288,0
000021294,0
000021300,0
000021306,0
000021312,0
000021318,0
000021324,0
000021330,0
000021336,0
000021342,0
000021348,0
000021354,0
000021360,0
000021366,0
000021372,0
000021378,0
000021384,0
000021390,0
000021396,0
000021402,0
000021408,0
000021414,0
000021420,0
000021426,0
000021432,0
000021438,0
000021444,0
000021450,0
000021456,0
000021462,0
000021468,0
000021474,0
000021480,0
000021486,0
000021492,0
000021498,0
000021504,0
000021510,0
000021516,0
000021522,0
000021528,0
000021534,0
000021540,0
000021546,0
000021552,0
000021558,0
000021564,0
000021570,0
000021576,0
000021582,0
000021588,0
000021594,0
000021600,0
000021606,0
000021612,0
000021618,0
000021624,0
000021630,0
000021636,0
000021642,0
000021648,0
000021654,0
000021660,0
000021666,0
000021672,0
000021678,0
000021684,0
000021690,0
000021696,0
000021702,0
000021708,0
000021714,0
000021720,0
000021726,0
000021732,0
000021738,0
000021744,0
000021750,0
000021756,0
000021762,0
000021768,0
000021774,0
000021780,0
000021786,0
000021792,0
000021798,0
000021804,0
000021810,0
000021816,0
000021822,0
000021828,0
000021834,0
000021840,0
000021846,0
000021852,0
000021858,0
000021864,0
000021870,0
000021876,0
000021882,0
000021888,0
000021894,0
000021900,0
000021906,0
000021912,0
000021918,0
000021924,0
000021930,0
000021936,0
000021942,0
000021948,0
000021954,0
000021960,0
000021966,0
000021972,0
000021978,0
000021984,0
000021990,0
000021996,0
000022002,0
000022008,0
000022014,0
000022020,0
000022026,0
000022032,0
000022038,0
000022044,0
000022050,0
000022056,0
000022062,0
000022068,0
000022074,0
000022080,0
000022086,0
000022092,0
000022098,0
000022104,0
000022110,0
000022116,0
000022122,0
000022128,0
000022134,0
000022140,0
000022146,0
000022152,0
000022158,0
000022164,0
000022170,0
000022176,0
000022182,0
000022188,0
000022194,0
000022200,0
000022206,0
000022212,0
000022218,0
000022224,0
000022230,0
000022236,0
000022242,0
000022248,0
000022254,0
000022260,0
000022266,0
000022272,0
000022278,0
000022284,0
000022290,0
000022296,0
000022302,0
000022308,0
000022314,0
000022320,0
000022326,0
000022332,0
000022338,0
000022344,0
000022350,0
000022356,0
000022362,0
000022368,0
000022374,0
000022380,0
000022386,0
000022392,0
000022398,0
000022404,0
000022410,0
000022416,0
000022422,0
000022428,0
000022434,0
000022440,0
000022446,0
000022452,0
000022458,0
000022464,0
000022470,0
000022476,0
000022482,0
000022488,0
000022494,0
000022500,0
000022506,0
000022512,0
000022518,0
000022524,0
000022530,0
000022536,0
000022542,0
000022548,0
000022554,0
000022560,0
000022566,0
000022572,0
000022578,0
000022584,0
000022590,0
000022596,0
000022602,0
000022608,0
000022614,0
000022620,0
000022626,0
000022632,0
000022638,0
000022644,0
000022650,0
000022656,0
000022662,0
000022668,0
000022674,0
000022680,0
000022686,0
000022692,0
000022698,0
000022704,0
000022710,0
000022716,0
000022722,0
000022728,0
000022734,0
000022740,0
000022746,0
000022752,0
000022758,0
000022764,0
000022770,0
000022776,0
000022782,0
000022788,0
000022794,0
000022800,0
000022806,0
000022812,0
000022818,0
000022824,0
000022830,0
000022836,0
000022842,0
000022848,0
000022854,0
000022860,0
000022866,0
000022872,0
000022878,0
000022884,0
000022890,0
000022896,0
000022902,0
000022908,0
000022914,0
000022920,0
000022926,0
000022932,0
000022938,0
000022944,0
000022950,0
000022956,0
000022962,0
000022968,0
000022974,0
000022980,0
000022986,0
000022992,0
000022998,0
000023004,0
000023010,0
000023016,0
000023022,0
000023028,0
000023034,0
000023040,0
000023046,0
000023052,0
000023058,0
000023064,0
000023070,0
000023076,0
000023082,0
000023088,0
000023094,0
000023100,0
000023106,0
000023112,0
000023118,0
000023124,0
000023130,0
000023136,0
000023142,0
000023148,0
000023154,0
000023160,0
000023166,0
000023172,0
000023178,0
000023184,0
000023190,0
000023196,0
000023202,0
000023208,0
000023214,0
000023220,0
000023226,0
000023232,0
000023238,0
000023244,0
000023250,0
000023256,0
000023262,0
000023268,0
000023274,0
000023280,0
000023286,0
000023292,0
000023298,0
000023304,0
000023310,0
000023316,0
000023322,0
000023328,0
000023334,0
000023340,0
000023346,0
000023352,0
000023358,0
000023364,0
000023370,0
000023376,0
000023382,0
000023388,0
000023394,0
000023400,0
000023406,0
000023412,1
000023418,1
000023424,1
000023430,1
000023436,1
000023442,1
000023448,1
000023454,1
000023460,1
000023466,1
000023472,1
000023478,1
000023484,1
000023490,1
000023496,1
000023502,1
000023508,2
000023514,2
000023520,2
000023526,2
000023532,2
000023538,2
000023544,2
000023550,2
000023556,2
000023562,2
000023568,2
000023574,2
000023580,2
000023586,2
000023592,2
000023598,2
000023604,2
000023610,2
000023616,2
000023622,2
000023628,2
000023634,2
000023640,2
000023646,2
000023652,2
000023658,2
000023664,2
000023670,2
000023676,2
000023682,2
000023688,2
000023694,2
000023700,2
000023706,2
000023712,2
000023718,2
000023724,2
000023730,2
000023736,2
000023742,2
000023748,2
000023754,2
000023760,2
000023766,2
000023772,2
000023778,2
000023784,2
000023790,2
000023796,2
000023802,2
000023808,2
000023814,2
000023820,2
000023826,2
000023832,2
000023838,2
000023844,2
000023850,2
000023856,2
000023862,2
000023868,2
000023874,2
000023880,2
000023886,2
000023892,2
000023898,2
000023904,2
000023910,2
000023916,2
000023922,2
000023928,2
000023934,2
000023940,2
000023946,2
000023952,2
000023958,2
000023964,2
000023970,2
000023976,2
000023982,2
000023988,2
000023994,2
000024000,2
000024006,2
000024012,2
000024018,2
000024024,2
000024030,2
000024036,2
000024042,2
000024048,2
000024054,2
000024060,2
000024066,2
000024072,2
000024078,2
000024084,2
000024090,2
000024096,2
000024102,2
000024108,2
000024114,2
000024120,2
000024126,2
000024132,2
000024138,2
000024144,2
000024150,2
000024156,2
000024162,2
000024168,2
000024174,2
000024180,2
000024186,2
000024192,2
000024198,2
000024204,2
000024210,2
000024216,2
000024222,2
000024228,2
000024234,2
000024240,2
000024246,2
000024252,2
000024258,2
000024264,2
000024270,2
000024276,2
000024282,2
000024288,2
000024294,2
000024300,2
000024306,2
000024312,2
000024318,2
000024324,2
000024330,2
000024336,2
000024342,2
000024348,2
000024354,2
000024360,2
000024366,2
000024372,2
000024378,2
000024384,2
000024390,2
000024396,2
000024402,2
000024408,2
000024414,2
000024420,2
000024426,2
000024432,2
000024438,2
000024444,2
000024450,2
000024456,2
000024462,2
000024468,2
000024474,2
000024480,2
000024486,2
000024492,2
000024498,2
000024504,2
000024510,2
000024516,2
000024522,2
000024528,2
000024534,2
000024540,2
000024546,2
000024552,2
000024558,2
000024564,2
000024570,3
000024576,3
000024582,3
000024588,3
000024594,3
000024600,3
000024606,3
000024612,3
000024618,3
000024624,3
000024630,3
000024636,3
000024642,3
000024648,3
000024654,3
000024660,3
000024666,3
000024672,3
000024678,3
000024684,3
000024690,3
000024696,3
000024702,3
000024708,3
000024714,3
000024720,3
000024726,3
000024732,3
000024738,3
000024744,3
000024750,3
000024756,3
000024762,3
000024768,3
000024774,3
000024780,3
000024786,3
000024792,3
000024798,3
000024804,3
000024810,3
000024816,3
000024822,3
000024828,3
000024834,3
000024840,3
000024846,3
000024852,3
000024858,3
000024864,3
000024870,3
000024876,3
000024882,3
000024888,3
000024894,3
000024900,3
000024906,3
000024912,3
000024918,3
000024924,3
000024930,3
000024936,3
000024942,3
000024948,3
000024954,3
000024960,3
000024966,3
000024972,3
000024978,3
000024984,3
000024990,3
000024996,3
000025002,3
000025008,3
000025014,3
000025020,3
000025026,3
000025032,3
000025038,3
000025044,3
000025050,3
000025056,3
000025062,3
000025068,3
000025074,3
000025080,3
000025086,3
000025092,3
000025098,3
000025104,3
000025110,3
000025116,4
000025122,4
000025128,4
000025134,4
000025140,4
000025146,4
000025152,4
000025158,4
000025164,4
000025170,4
000025176,4
000025182,4
000025188,4
000025194,4
000025200,4
000025206,4
000025212,4
000025218,4
000025224,4
000025230,4
000025236,4
000025242,4
000025248,4
000025254,4
000025260,4
000025266,4
000025272,4
000025278,4
000025284,4
000025290,4
000025296,4
000025302,4
000025308,4
000025314,4
000025320,4
000025326,4
000025332,4
000025338,4
000025344,4
000025350,4
000025356,4
000025362,4
000025368,4
000025374,2
000025380,2
000025386,2
000025392,2
000025398,2
000025404,2
000025410,2
000025416,2
000025422,2
000025428,2
000025434,2
000025440,2
000025446,2
000025452,2
000025458,2
000025464,2
000025470,2
000025476,2
000025482,2
000025488,2
000025494,2
000025500,2
000025506,2
000025512,2
000025518,2
000025524,2
000025530,2
000025536,2
000025542,2
000025548,2
000025554,2
000025560,2
000025566,2
000025572,2
000025578,2
000025584,2
000025590,2
000025596,2
000025602,2
000025608,2
000025614,2
000025620,2
000025626,2
000025632,2
000025638,2
000025644,2
000025650,2
000025656,2
000025662,2
000025668,2
000025674,2
000025680,2
000025686,2
000025692,2
000025698,2
000025704,2
000025710,2
000025716,2
000025722,2
000025728,2
000025734,2
000025740,2
000025746,0
000025752,0
000025758,0
000025764,0
000025770,0
000025776,0
000025782,0
000025788,0
000025794,0
000025800,0
000025806,0
000025812,0
000025818,0
000025824,0
000025830,0
000025836,0
000025842,0
000025848,0
000025854,0
000025860,0
000025866,0
000025872,0
000025878,0
000025884,0
000025890,0
000025896,0
000025902,0
000025908,0
000025914,0
000025920,0
000025926,0
000025932,0
000025938,0
000025944,0
000025950,0
000025956,0
000025962,0
000025968,0
000025974,0
000025980,0
000025986,0
000025992,0
000025998,0
000026004,0
000026010,0
000026016,0
000026022,0
000026028,0
000026034,0
000026040,0
000026046,0
000026052,0
000026058,0
000026064,0
000026070,0
000026076,0
000026082,0
000026088,0
000026094,0
000026100,0
000026106,0
000026112,0
000026118,0
000026124,0
000026130,0
000026136,0
000026142,0
000026148,0
000026154,0
000026160,0
000026166,0
000026172,0
000026178,0
000026184,0
000026190,0
000026196,0
000026202,0
000026208,0
000026214,0
000026220,0
000026226,0
000026232,0
000026238,0
000026244,0
000026250,0
000026256,0
000026262,0
000026268,0
000026274,0
000026280,0
000026286,0
000026292,0
000026298,0
000026304,0
000026310,0
000026316,0
000026322,0
000026328,0
000026334,0
000026340,0
000026346,0
000026352,0
000026358,0
000026364,0
000026370,0
000026376,0
000026382,0
000026388,0
000026394,0
000026400,0
000026406,0
000026412,0
000026418,0
000026424,0
000026430,0
000026436,0
000026442,0
000026448,0
000026454,0
000026460,0
000026466,0
000026472,0
000026478,0
000026484,0
000026490,0
000026496,0
000026502,0
000026508,0
000026514,0
000026520,0
000026526,0
000026532,0
000026538,0
000026544,2
000026550,2
000026556,2
000026562,2
000026568,2
000026574,2
000026580,2
000026586,2
000026592,2
000026598,2
000026604,2
000026610,2
000026616,2
000026622,2
000026628,2
000026634,2
000026640,2
000026646,2
000026652,2
000026658,2
000026664,2
000026670,2
000026676,2
000026682,2
000026688,2
000026694,2
000026700,2
000026706,2
000026712,2
000026718,2
000026724,2
000026730,2
000026736,2
000026742,2
000026748,2
000026754,2
000026760,2
000026766,2
000026772,2
000026778,2
000026784,2
000026790,2
000026796,2
000026802,2
000026808,2
000026814,2
000026820,2
000026826,2
000026832,2
000026838,2
000026844,2
000026850,2
000026856,2
000026862,2
000026868,2
000026874,2
000026880,2
000026886,2
000026892,2
000026898,2
000026904,2
000026910,2
000026916,2
000026922,2
000026928,2
000026934,2
000026940,2
000026946,2
000026952,2
000026958,2
000026964,2
000026970,2
000026976,2
000026982,2
000026988,2
000026994,2
000027000,2
000027006,2
000027012,2
000027018,2
000027024,2
000027030,2
000027036,2
000027042,2
000027048,2
000027054,2
000027060,2
000027066,3
000027072,3
000027078,3
000027084,3
000027090,3
000027096,3
000027102,3
000027108,3
000027114,3
000027120,3
000027126,3
000027132,3
000027138,3
000027144,3
000027150,3
000027156,3
000027162,3
000027168,3
000027174,3
000027180,3
000027186,3
000027192,3
000027198,3
000027204,3
000027210,3
000027216,3
000027222,3
000027228,3
000027234,3
000027240,3
000027246,3
000027252,3
000027258,3
000027264,3
000027270,3
000027276,3
000027282,3
000027288,3
000027294,3
000027300,3
000027306,3
000027312,3
000027318,3
000027324,3
000027330,3
000027336,3
000027342,3
000027348,3
000027354,3
000027360,3
000027366,3
000027372,3
000027378,3
000027384,3
000027390,3
000027396,3
000027402,3
000027408,3
000027414,3
000027420,3
000027426,3
000027432,3
000027438,3
000027444,3
000027450,3
000027456,3
000027462,3
000027468,3
000027474,3
000027480,3
000027486,3
000027492,3
000027498,3
000027504,3
000027510,3
000027516,3
000027522,3
000027528,3
000027534,3
000027540,3
000027546,3
000027552,3
000027558,3
000027564,3
000027570,3
000027576,3
000027582,3
000027588,3
000027594,3
000027600,3
000027606,3
000027612,3
000027618,3
000027624,3
000027630,3
000027636,3
000027642,3
000027648,3
000027654,3
000027660,3
000027666,3
000027672,3
000027678,3
000027684,3
000027690,3
000027696,3
000027702,3
000027708,3
000027714,3
000027720,3
000027726,3
000027732,3
000027738,3
000027744,3
000027750,3
000027756,3
000027762,3
000027768,3
000027774,3
000027780,3
000027786,3
000027792,3
000027798,3
000027804,3
000027810,3
000027816,3
000027822,3
000027828,3
000027834,3
000027840,3
000027846,3
000027852,3
000027858,3
000027864,3
000027870,3
000027876,3
000027882,3
000027888,3
000027894,3
000027900,3
000027906,3
000027912,3
000027918,3
000027924,3
000027930,3
000027936,3
000027942,3
000027948,3
000027954,3
000027960,3
000027966,3
000027972,3
000027978,3
000027984,3
000027990,3
000027996,4
000028002,4
000028008,4
000028014,4
000028020,4
000028026,4
000028032,4
000028038,4
000028044,4
000028050,4
000028056,4
000028062,4
000028068,4
000028074,4
000028080,4
000028086,4
000028092,4
000028098,4
000028104,4
000028110,4
000028116,4
000028122,4
000028128,4
000028134,4
000028140,4
000028146,4
000028152,4
000028158,4
000028164,4
000028170,4
000028176,4
000028182,4
000028188,4
000028194,4
000028200,4
000028206,4
000028212,4
000028218,4
000028224,4
000028230,4
000028236,4
000028242,4
000028248,4
000028254,4
000028260,4
000028266,4
000028272,4
000028278,4
000028284,4
000028290,4
000028296,4
000028302,4
000028308,4
000028314,4
000028320,4
000028326,4
000028332,4
000028338,4
000028344,4
000028350,4
000028356,4
000028362,4
000028368,4
000028374,4
000028380,4
000028386,4
000028392,4
000028398,4
000028404,4
000028410,2
000028416,2
000028422,2
000028428,2
000028434,2
000028440,2
000028446,2
000028452,2
000028458,2
000028464,2
000028470,2
000028476,2
000028482,2
000028488,2
000028494,2
000028500,2
000028506,2
000028512,2
000028518,2
000028524,2
000028530,2
000028536,2
000028542,2
000028548,2
000028554,2
000028560,2
000028566,2
000028572,2
000028578,2
000028584,2
000028590,2
000028596,2
000028602,2
000028608,2
000028614,2
000028620,2
000028626,2
000028632,2
000028638,2
000028644,2
000028650,2
000028656,2
000028662,2
000028668,2
000028674,2
000028680,2
000028686,2
000028692,2
000028698,2
000028704,2
000028710,2
000028716,2
000028722,2
000028728,2
000028734,2
000028740,2
000028746,2
000028752,2
000028758,2
000028764,2
000028770,2
000028776,2
000028782,2
000028788,2
000028794,2
000028800,2
000028806,2
000028812,2
000028818,2
000028824,2
000028830,2
000028836,2
000028842,2
000028848,2
000028854,2
000028860,2
000028866,2
000028872,2
000028878,2
000028884,2
000028890,2
000028896,2
000028902,3
000028908,3
000028914,3
000028920,3
000028926,3
000028932,3
000028938,3
000028944,3
000028950,3
000028956,3
000028962,3
000028968,3
000028974,3
000028980,3
000028986,3
000028992,3
000028998,3
000029004,3
000029010,3
000029016,3
000029022,3
000029028,3
000029034,3
000029040,3
000029046,3
000029052,3
000029058,3
000029064,3
000029070,3
000029076,3
000029082,3
000029088,3
000029094,3
000029100,3
000029106,3
000029112,3
000029118,3
000029124,3
000029130,3
000029136,3
000029142,3
000029148,3
000029154,3
000029160,3
000029166,3
000029172,3
000029178,3
000029184,3
000029190,3
000029196,3
000029202,3
000029208,3
000029214,3
000029220,4
000029226,4
000029232,4
000029238,4
000029244,4
000029250,4
000029256,4
000029262,4
000029268,4
000029274,4
000029280,4
000029286,4
000029292,4
000029298,4
000029304,4
000029310,4
000029316,4
000029322,4
000029328,4
000029334,4
000029340,4
000029346,4
000029352,4
000029358,4
000029364,4
000029370,4
000029376,4
000029382,4
000029388,4
000029394,4
000029400,4
000029406,4
000029412,4
000029418,4
000029424,4
000029430,4
000029436,4
000029442,4
000029448,4
000029454,4
000029460,4
000029466,4
000029472,4
000029478,4
000029484,4
000029490,4
000029496,7
000029502,7
000029508,7
000029514,7
000029520,7
000029526,7
000029532,7
000029538,7
000029544,7
000029550,7
000029556,7
000029562,7
000029568,7
000029574,7
000029580,7
000029586,7
000029592,7
000029598,7
000029604,7
000029610,7
000029616,7
000029622,7
000029628,7
000029634,7
000029640,7
000029646,7
000029652,7
000029658,7
000029664,7
000029670,7
000029676,7
000029682,7
000029688,7
000029694,7
000029700,7
000029706,7
000029712,7
000029718,7
000029724,7
000029730,7
000029736,7
000029742,7
000029748,7
000029754,7
000029760,7
000029766,7
000029772,7
000029778,7
000029784,7
000029790,7
000029796,7
000029802,7
000029808,7
000029814,7
000029820,7
000029826,7
000029832,7
000029838,7
000029844,7
000029850,7
000029856,7
000029862,7
000029868,7
000029874,7
000029880,7
000029886,7
000029892,7
000029898,7
000029904,7
000029910,7
000029916,7
000029922,7
000029928,7
000029934,7
000029940,7
000029946,7
000029952,7
000029958,7
000029964,7
000029970,7
000029976,7
000029982,7
000029988,7
000029994,7
000030000,7
000030006,7
000030012,7
000030018,7
000030024,7
000030030,7
000030036,7
000030042,7
000030048,7
000030054,7
000030060,7
000030066,7
000030072,7
000030078,7
000030084,7
000030090,7
000030096,7
000030102,7
000030108,7
000030114,7
000030120,7
000030126,7
000030132,7
000030138,7
000030144,7
000030150,7
000030156,7
000030162,0
000030168,0
000030174,0
000030180,0
000030186,0
000030192,0
000030198,0
