00000 02357 0 
02358 02968 1 
02969 03416 2 
03417 04245 3 
04246 04774 4 
04775 05070 2 
05071 05672 3 
05673 06541 4 
06542 06679 2 
06680 07369 3 
07370 07477 4 
07478 07582 1 
07583 07969 4 
07970 08189 1 
08190 08918 2 
08919 09332 3 
09333 09746 4 
09747 10537 2 
10538 11378 3 
11379 11955 4 
11956 12393 2 
12394 12775 3 
12776 13140 4 
13141 13708 2 
13709 14179 3 
14180 14496 4 
14497 15260 2 
15261 15987 3 
15988 16336 4 
16337 16751 2 
16752 17566 3 
17567 17918 4 
17919 18323 2 
18324 19439 3 
19440 19716 4 
19717 20072 2 
20073 23416 0 
23417 23507 1 
23508 24573 2 
24574 25119 3 
25120 25375 4 
25376 25746 2 
25747 26548 0 
26549 27066 2 
27067 27999 3 
28000 28414 4 
28415 28902 2 
28903 29224 3 
29225 29496 4 
29497 30163 7 
30164 30199 0 
