000000000,0
000000006,0
000000012,0
000000018,0
000000024,0
000000030,0
000000036,0
000000042,0
000000048,0
000000054,0
000000060,0
000000066,0
000000072,0
000000078,0
000000084,0
000000090,0
000000096,0
000000102,0
000000108,0
000000114,0
000000120,0
000000126,0
000000132,0
000000138,0
000000144,0
000000150,0
000000156,0
000000162,0
000000168,0
000000174,0
000000180,0
000000186,0
000000192,0
000000198,0
000000204,0
000000210,0
000000216,0
000000222,0
000000228,0
000000234,0
000000240,0
000000246,0
000000252,0
000000258,0
000000264,0
000000270,0
000000276,0
000000282,0
000000288,0
000000294,0
000000300,0
000000306,0
000000312,0
000000318,0
000000324,0
000000330,0
000000336,0
000000342,0
000000348,0
000000354,0
000000360,0
000000366,0
000000372,0
000000378,0
000000384,0
000000390,0
000000396,0
000000402,0
000000408,0
000000414,0
000000420,0
000000426,0
000000432,0
000000438,0
000000444,0
000000450,0
000000456,0
000000462,0
000000468,0
000000474,0
000000480,0
000000486,0
000000492,0
000000498,0
000000504,0
000000510,0
000000516,0
000000522,0
000000528,0
000000534,0
000000540,0
000000546,0
000000552,0
000000558,0
000000564,0
000000570,0
000000576,0
000000582,0
000000588,0
000000594,0
000000600,0
000000606,0
000000612,0
000000618,0
000000624,0
000000630,0
000000636,0
000000642,0
000000648,0
000000654,0
000000660,0
000000666,0
000000672,0
000000678,0
000000684,0
000000690,0
000000696,0
000000702,0
000000708,0
000000714,0
000000720,0
000000726,0
000000732,0
000000738,0
000000744,0
000000750,0
000000756,0
000000762,0
000000768,0
000000774,0
000000780,0
000000786,0
000000792,0
000000798,0
000000804,0
000000810,0
000000816,0
000000822,0
000000828,0
000000834,0
000000840,0
000000846,0
000000852,0
000000858,0
000000864,0
000000870,0
000000876,0
000000882,0
000000888,0
000000894,0
000000900,0
000000906,0
000000912,0
000000918,0
000000924,0
000000930,0
000000936,0
000000942,0
000000948,0
000000954,0
000000960,0
000000966,0
000000972,0
000000978,0
000000984,0
000000990,0
000000996,0
000001002,0
000001008,0
000001014,0
000001020,0
000001026,0
000001032,0
000001038,0
000001044,0
000001050,0
000001056,0
000001062,0
000001068,0
000001074,0
000001080,0
000001086,0
000001092,0
000001098,0
000001104,0
000001110,0
000001116,0
000001122,0
000001128,0
000001134,0
000001140,0
000001146,0
000001152,0
000001158,0
000001164,0
000001170,0
000001176,0
000001182,0
000001188,0
000001194,0
000001200,0
000001206,0
000001212,0
000001218,0
000001224,0
000001230,0
000001236,0
000001242,0
000001248,0
000001254,0
000001260,0
000001266,0
000001272,0
000001278,0
000001284,0
000001290,0
000001296,0
000001302,0
000001308,0
000001314,0
000001320,0
000001326,0
000001332,0
000001338,0
000001344,0
000001350,0
000001356,0
000001362,0
000001368,0
000001374,0
000001380,0
000001386,0
000001392,0
000001398,0
000001404,0
000001410,0
000001416,0
000001422,0
000001428,0
000001434,0
000001440,0
000001446,0
000001452,0
000001458,0
000001464,0
000001470,0
000001476,0
000001482,0
000001488,0
000001494,0
000001500,0
000001506,0
000001512,0
000001518,0
000001524,0
000001530,0
000001536,0
000001542,0
000001548,0
000001554,0
000001560,0
000001566,0
000001572,0
000001578,0
000001584,0
000001590,0
000001596,0
000001602,0
000001608,0
000001614,0
000001620,0
000001626,0
000001632,0
000001638,0
000001644,0
000001650,0
000001656,0
000001662,0
000001668,0
000001674,0
000001680,0
000001686,0
000001692,0
000001698,0
000001704,0
000001710,0
000001716,0
000001722,0
000001728,0
000001734,0
000001740,0
000001746,0
000001752,0
000001758,0
000001764,0
000001770,0
000001776,0
000001782,0
000001788,0
000001794,0
000001800,0
000001806,0
000001812,0
000001818,0
000001824,0
000001830,0
000001836,0
000001842,0
000001848,0
000001854,0
000001860,0
000001866,0
000001872,0
000001878,0
000001884,0
000001890,0
000001896,0
000001902,0
000001908,0
000001914,0
000001920,0
000001926,0
000001932,0
000001938,0
000001944,0
000001950,0
000001956,0
000001962,0
000001968,0
000001974,0
000001980,0
000001986,0
000001992,0
000001998,0
000002004,0
000002010,0
000002016,0
000002022,0
000002028,0
000002034,0
000002040,0
000002046,0
000002052,0
000002058,0
000002064,0
000002070,0
000002076,0
000002082,0
000002088,0
000002094,0
000002100,0
000002106,0
000002112,0
000002118,0
000002124,0
000002130,0
000002136,0
000002142,0
000002148,0
000002154,0
000002160,0
000002166,0
000002172,0
000002178,0
000002184,0
000002190,0
000002196,0
000002202,0
000002208,0
000002214,0
000002220,0
000002226,0
000002232,0
000002238,0
000002244,0
000002250,0
000002256,0
000002262,0
000002268,0
000002274,0
000002280,0
000002286,0
000002292,0
000002298,0
000002304,0
000002310,0
000002316,0
000002322,0
000002328,0
000002334,0
000002340,0
000002346,0
000002352,0
000002358,0
000002364,0
000002370,0
000002376,0
000002382,0
000002388,0
000002394,0
000002400,0
000002406,0
000002412,0
000002418,0
000002424,0
000002430,0
000002436,0
000002442,0
000002448,0
000002454,0
000002460,0
000002466,0
000002472,0
000002478,0
000002484,0
000002490,0
000002496,0
000002502,0
000002508,0
000002514,0
000002520,0
000002526,0
000002532,0
000002538,0
000002544,0
000002550,0
000002556,0
000002562,0
000002568,0
000002574,0
000002580,0
000002586,0
000002592,0
000002598,0
000002604,0
000002610,0
000002616,0
000002622,0
000002628,0
000002634,0
000002640,0
000002646,0
000002652,0
000002658,0
000002664,0
000002670,0
000002676,0
000002682,0
000002688,0
000002694,0
000002700,0
000002706,0
000002712,0
000002718,0
000002724,0
000002730,0
000002736,0
000002742,0
000002748,0
000002754,0
000002760,0
000002766,0
000002772,0
000002778,0
000002784,0
000002790,0
000002796,0
000002802,0
000002808,0
000002814,0
000002820,0
000002826,0
000002832,0
000002838,0
000002844,0
000002850,0
000002856,0
000002862,0
000002868,0
000002874,0
000002880,0
000002886,0
000002892,0
000002898,0
000002904,0
000002910,0
000002916,0
000002922,0
000002928,0
000002934,0
000002940,0
000002946,0
000002952,0
000002958,0
000002964,0
000002970,0
000002976,0
000002982,0
000002988,0
000002994,0
000003000,0
000003006,0
000003012,0
000003018,0
000003024,0
000003030,0
000003036,0
000003042,0
000003048,0
000003054,0
000003060,0
000003066,0
000003072,0
000003078,0
000003084,0
000003090,0
000003096,0
000003102,0
000003108,0
000003114,0
000003120,0
000003126,0
000003132,0
000003138,0
000003144,0
000003150,0
000003156,0
000003162,0
000003168,0
000003174,0
000003180,0
000003186,0
000003192,0
000003198,0
000003204,0
000003210,0
000003216,0
000003222,0
000003228,0
000003234,0
000003240,0
000003246,0
000003252,0
000003258,0
000003264,0
000003270,0
000003276,0
000003282,0
000003288,0
000003294,0
000003300,0
000003306,0
000003312,0
000003318,0
000003324,0
000003330,0
000003336,0
000003342,0
000003348,0
000003354,0
000003360,0
000003366,0
000003372,0
000003378,0
000003384,0
000003390,0
000003396,0
000003402,0
000003408,0
000003414,0
000003420,0
000003426,0
000003432,0
000003438,0
000003444,0
000003450,0
000003456,0
000003462,0
000003468,0
000003474,0
000003480,0
000003486,0
000003492,0
000003498,0
000003504,0
000003510,0
000003516,0
000003522,0
000003528,0
000003534,0
000003540,0
000003546,0
000003552,0
000003558,0
000003564,1
000003570,1
000003576,1
000003582,1
000003588,1
000003594,1
000003600,1
000003606,1
000003612,1
000003618,1
000003624,1
000003630,1
000003636,1
000003642,1
000003648,1
000003654,1
000003660,1
000003666,1
000003672,1
000003678,1
000003684,1
000003690,1
000003696,1
000003702,1
000003708,1
000003714,1
000003720,1
000003726,1
000003732,2
000003738,2
000003744,2
000003750,2
000003756,2
000003762,2
000003768,2
000003774,2
000003780,2
000003786,2
000003792,2
000003798,2
000003804,2
000003810,2
000003816,2
000003822,2
000003828,2
000003834,2
000003840,2
000003846,2
000003852,2
000003858,2
000003864,2
000003870,2
000003876,2
000003882,2
000003888,2
000003894,2
000003900,2
000003906,2
000003912,2
000003918,2
000003924,2
000003930,2
000003936,2
000003942,2
000003948,2
000003954,2
000003960,2
000003966,2
000003972,2
000003978,2
000003984,2
000003990,2
000003996,2
000004002,2
000004008,2
000004014,2
000004020,2
000004026,2
000004032,2
000004038,2
000004044,2
000004050,2
000004056,2
000004062,2
000004068,2
000004074,2
000004080,2
000004086,2
000004092,2
000004098,2
000004104,2
000004110,2
000004116,2
000004122,2
000004128,2
000004134,2
000004140,2
000004146,2
000004152,2
000004158,2
000004164,2
000004170,2
000004176,2
000004182,2
000004188,2
000004194,2
000004200,2
000004206,2
000004212,2
000004218,2
000004224,2
000004230,2
000004236,2
000004242,2
000004248,2
000004254,2
000004260,2
000004266,2
000004272,2
000004278,2
000004284,2
000004290,2
000004296,2
000004302,2
000004308,2
000004314,2
000004320,2
000004326,2
000004332,2
000004338,2
000004344,2
000004350,2
000004356,2
000004362,2
000004368,2
000004374,2
000004380,2
000004386,2
000004392,2
000004398,2
000004404,2
000004410,2
000004416,2
000004422,2
000004428,2
000004434,2
000004440,2
000004446,2
000004452,2
000004458,2
000004464,2
000004470,2
000004476,2
000004482,2
000004488,2
000004494,2
000004500,2
000004506,2
000004512,2
000004518,2
000004524,2
000004530,2
000004536,2
000004542,2
000004548,2
000004554,2
000004560,2
000004566,2
000004572,2
000004578,2
000004584,2
000004590,2
000004596,2
000004602,3
000004608,3
000004614,3
000004620,3
000004626,3
000004632,3
000004638,3
000004644,3
000004650,3
000004656,3
000004662,3
000004668,3
000004674,3
000004680,3
000004686,3
000004692,3
000004698,3
000004704,3
000004710,3
000004716,3
000004722,3
000004728,3
000004734,3
000004740,3
000004746,3
000004752,3
000004758,3
000004764,3
000004770,3
000004776,3
000004782,3
000004788,3
000004794,3
000004800,3
000004806,3
000004812,3
000004818,3
000004824,3
000004830,3
000004836,3
000004842,3
000004848,3
000004854,3
000004860,3
000004866,3
000004872,3
000004878,3
000004884,3
000004890,3
000004896,3
000004902,3
000004908,3
000004914,3
000004920,3
000004926,3
000004932,3
000004938,3
000004944,3
000004950,3
000004956,3
000004962,3
000004968,3
000004974,3
000004980,3
000004986,3
000004992,3
000004998,3
000005004,3
000005010,3
000005016,3
000005022,3
000005028,3
000005034,3
000005040,3
000005046,3
000005052,3
000005058,3
000005064,3
000005070,3
000005076,3
000005082,3
000005088,3
000005094,3
000005100,3
000005106,3
000005112,3
000005118,3
000005124,3
000005130,3
000005136,3
000005142,3
000005148,3
000005154,3
000005160,3
000005166,3
000005172,3
000005178,3
000005184,3
000005190,3
000005196,3
000005202,3
000005208,3
000005214,3
000005220,3
000005226,3
000005232,3
000005238,3
000005244,3
000005250,3
000005256,3
000005262,3
000005268,3
000005274,3
000005280,3
000005286,3
000005292,3
000005298,4
000005304,4
000005310,4
000005316,4
000005322,4
000005328,4
000005334,4
000005340,4
000005346,4
000005352,4
000005358,4
000005364,4
000005370,4
000005376,4
000005382,4
000005388,4
000005394,4
000005400,4
000005406,4
000005412,4
000005418,4
000005424,4
000005430,4
000005436,4
000005442,4
000005448,4
000005454,4
000005460,4
000005466,4
000005472,4
000005478,4
000005484,4
000005490,4
000005496,4
000005502,4
000005508,4
000005514,4
000005520,4
000005526,4
000005532,4
000005538,0
000005544,0
000005550,0
000005556,0
000005562,0
000005568,0
000005574,0
000005580,0
000005586,0
000005592,0
000005598,0
000005604,0
000005610,0
000005616,0
000005622,0
000005628,0
000005634,0
000005640,0
000005646,0
000005652,0
000005658,0
000005664,0
000005670,0
000005676,0
000005682,0
000005688,0
000005694,0
000005700,0
000005706,0
000005712,0
000005718,0
000005724,0
000005730,0
000005736,0
000005742,0
000005748,0
000005754,0
000005760,0
000005766,0
000005772,0
000005778,0
000005784,0
000005790,0
000005796,0
000005802,0
000005808,0
000005814,0
000005820,0
000005826,0
000005832,0
000005838,0
000005844,0
000005850,0
000005856,0
000005862,0
000005868,0
000005874,0
000005880,0
000005886,0
000005892,0
000005898,0
000005904,0
000005910,0
000005916,0
000005922,0
000005928,0
000005934,0
000005940,0
000005946,0
000005952,0
000005958,0
000005964,0
000005970,0
000005976,0
000005982,0
000005988,0
000005994,0
000006000,0
000006006,0
000006012,0
000006018,0
000006024,0
000006030,0
000006036,0
000006042,0
000006048,0
000006054,0
000006060,0
000006066,0
000006072,0
000006078,0
000006084,0
000006090,0
000006096,0
000006102,0
000006108,0
000006114,0
000006120,0
000006126,0
000006132,0
000006138,0
000006144,0
000006150,0
000006156,0
000006162,0
000006168,0
000006174,0
000006180,0
000006186,0
000006192,0
000006198,0
000006204,0
000006210,0
000006216,0
000006222,0
000006228,0
000006234,0
000006240,0
000006246,0
000006252,0
000006258,0
000006264,0
000006270,0
000006276,0
000006282,0
000006288,0
000006294,0
000006300,0
000006306,4
000006312,4
000006318,4
000006324,4
000006330,4
000006336,4
000006342,4
000006348,4
000006354,4
000006360,4
000006366,4
000006372,4
000006378,4
000006384,4
000006390,4
000006396,4
000006402,4
000006408,4
000006414,4
000006420,4
000006426,4
000006432,4
000006438,4
000006444,4
000006450,4
000006456,4
000006462,4
000006468,4
000006474,4
000006480,4
000006486,4
000006492,4
000006498,4
000006504,4
000006510,4
000006516,4
000006522,4
000006528,4
000006534,4
000006540,4
000006546,4
000006552,4
000006558,4
000006564,4
000006570,4
000006576,4
000006582,4
000006588,4
000006594,4
000006600,4
000006606,4
000006612,4
000006618,4
000006624,4
000006630,4
000006636,4
000006642,4
000006648,4
000006654,4
000006660,4
000006666,4
000006672,4
000006678,4
000006684,4
000006690,4
000006696,4
000006702,4
000006708,4
000006714,4
000006720,4
000006726,4
000006732,4
000006738,4
000006744,4
000006750,4
000006756,4
000006762,4
000006768,4
000006774,4
000006780,4
000006786,4
000006792,4
000006798,4
000006804,4
000006810,4
000006816,4
000006822,4
000006828,4
000006834,4
000006840,4
000006846,4
000006852,4
000006858,4
000006864,4
000006870,4
000006876,4
000006882,4
000006888,4
000006894,4
000006900,4
000006906,4
000006912,4
000006918,4
000006924,4
000006930,4
000006936,4
000006942,4
000006948,4
000006954,4
000006960,4
000006966,4
000006972,4
000006978,4
000006984,4
000006990,4
000006996,4
000007002,4
000007008,4
000007014,4
000007020,4
000007026,4
000007032,4
000007038,4
000007044,4
000007050,4
000007056,4
000007062,4
000007068,4
000007074,4
000007080,4
000007086,4
000007092,4
000007098,4
000007104,4
000007110,1
000007116,1
000007122,1
000007128,1
000007134,1
000007140,1
000007146,1
000007152,1
000007158,1
000007164,1
000007170,1
000007176,1
000007182,1
000007188,1
000007194,1
000007200,1
000007206,1
000007212,1
000007218,1
000007224,1
000007230,1
000007236,1
000007242,1
000007248,1
000007254,1
000007260,1
000007266,1
000007272,1
000007278,1
000007284,1
000007290,1
000007296,1
000007302,1
000007308,1
000007314,1
000007320,1
000007326,1
000007332,1
000007338,1
000007344,1
000007350,1
000007356,1
000007362,1
000007368,1
000007374,1
000007380,1
000007386,1
000007392,1
000007398,1
000007404,1
000007410,1
000007416,1
000007422,1
000007428,1
000007434,1
000007440,1
000007446,1
000007452,1
000007458,1
000007464,1
000007470,1
000007476,1
000007482,1
000007488,1
000007494,1
000007500,2
000007506,2
000007512,2
000007518,2
000007524,2
000007530,2
000007536,2
000007542,2
000007548,2
000007554,2
000007560,2
000007566,2
000007572,2
000007578,2
000007584,2
000007590,2
000007596,2
000007602,2
000007608,2
000007614,2
000007620,2
000007626,2
000007632,2
000007638,2
000007644,2
000007650,2
000007656,2
000007662,2
000007668,2
000007674,2
000007680,2
000007686,2
000007692,2
000007698,2
000007704,2
000007710,2
000007716,2
000007722,2
000007728,2
000007734,2
000007740,2
000007746,2
000007752,2
000007758,2
000007764,2
000007770,2
000007776,2
000007782,2
000007788,2
000007794,2
000007800,2
000007806,2
000007812,2
000007818,2
000007824,2
000007830,2
000007836,2
000007842,2
000007848,2
000007854,2
000007860,2
000007866,2
000007872,2
000007878,2
000007884,2
000007890,2
000007896,2
000007902,2
000007908,2
000007914,2
000007920,2
000007926,2
000007932,2
000007938,2
000007944,2
000007950,2
000007956,2
000007962,2
000007968,2
000007974,2
000007980,2
000007986,2
000007992,2
000007998,2
000008004,2
000008010,2
000008016,2
000008022,2
000008028,2
000008034,2
000008040,2
000008046,2
000008052,2
000008058,2
000008064,2
000008070,2
000008076,2
000008082,2
000008088,2
000008094,2
000008100,2
000008106,2
000008112,2
000008118,2
000008124,2
000008130,2
000008136,2
000008142,2
000008148,2
000008154,2
000008160,2
000008166,2
000008172,2
000008178,2
000008184,2
000008190,2
000008196,2
000008202,2
000008208,2
000008214,2
000008220,2
000008226,2
000008232,2
000008238,2
000008244,2
000008250,2
000008256,2
000008262,2
000008268,2
000008274,2
000008280,2
000008286,2
000008292,2
000008298,2
000008304,2
000008310,2
000008316,2
000008322,2
000008328,2
000008334,2
000008340,2
000008346,2
000008352,3
000008358,3
000008364,3
000008370,3
000008376,3
000008382,3
000008388,3
000008394,3
000008400,3
000008406,3
000008412,3
000008418,3
000008424,3
000008430,3
000008436,3
000008442,3
000008448,3
000008454,3
000008460,3
000008466,3
000008472,3
000008478,3
000008484,3
000008490,3
000008496,3
000008502,3
000008508,3
000008514,3
000008520,3
000008526,3
000008532,3
000008538,3
000008544,3
000008550,3
000008556,3
000008562,3
000008568,3
000008574,3
000008580,3
000008586,3
000008592,3
000008598,3
000008604,3
000008610,3
000008616,3
000008622,3
000008628,3
000008634,3
000008640,3
000008646,3
000008652,3
000008658,3
000008664,3
000008670,3
000008676,3
000008682,3
000008688,3
000008694,3
000008700,3
000008706,3
000008712,3
000008718,3
000008724,3
000008730,3
000008736,3
000008742,3
000008748,3
000008754,3
000008760,3
000008766,3
000008772,3
000008778,3
000008784,3
000008790,3
000008796,3
000008802,3
000008808,3
000008814,3
000008820,3
000008826,3
000008832,3
000008838,3
000008844,3
000008850,3
000008856,3
000008862,3
000008868,3
000008874,3
000008880,3
000008886,3
000008892,3
000008898,3
000008904,3
000008910,3
000008916,3
000008922,3
000008928,3
000008934,3
000008940,4
000008946,4
000008952,4
000008958,4
000008964,4
000008970,4
000008976,4
000008982,4
000008988,4
000008994,4
000009000,4
000009006,4
000009012,4
000009018,4
000009024,4
000009030,4
000009036,4
000009042,4
000009048,4
000009054,4
000009060,4
000009066,4
000009072,4
000009078,4
000009084,4
000009090,4
000009096,4
000009102,4
000009108,4
000009114,4
000009120,4
000009126,4
000009132,4
000009138,4
000009144,4
000009150,4
000009156,4
000009162,4
000009168,4
000009174,4
000009180,4
000009186,4
000009192,4
000009198,4
000009204,4
000009210,4
000009216,4
000009222,4
000009228,4
000009234,4
000009240,4
000009246,4
000009252,4
000009258,4
000009264,4
000009270,4
000009276,4
000009282,4
000009288,4
000009294,4
000009300,4
000009306,4
000009312,4
000009318,4
000009324,4
000009330,4
000009336,4
000009342,4
000009348,4
000009354,4
000009360,4
000009366,4
000009372,4
000009378,4
000009384,4
000009390,4
000009396,4
000009402,4
000009408,4
000009414,4
000009420,4
000009426,4
000009432,4
000009438,4
000009444,4
000009450,4
000009456,4
000009462,4
000009468,2
000009474,2
000009480,2
000009486,2
000009492,2
000009498,2
000009504,2
000009510,2
000009516,2
000009522,2
000009528,2
000009534,2
000009540,2
000009546,2
000009552,2
000009558,2
000009564,2
000009570,2
000009576,2
000009582,2
000009588,2
000009594,2
000009600,2
000009606,2
000009612,2
000009618,2
000009624,2
000009630,2
000009636,2
000009642,2
000009648,2
000009654,2
000009660,2
000009666,2
000009672,2
000009678,2
000009684,2
000009690,2
000009696,2
000009702,2
000009708,2
000009714,2
000009720,2
000009726,2
000009732,2
000009738,2
000009744,2
000009750,2
000009756,2
000009762,2
000009768,2
000009774,2
000009780,2
000009786,2
000009792,2
000009798,2
000009804,2
000009810,2
000009816,2
000009822,2
000009828,2
000009834,2
000009840,2
000009846,2
000009852,2
000009858,2
000009864,2
000009870,2
000009876,2
000009882,2
000009888,2
000009894,2
000009900,2
000009906,2
000009912,2
000009918,2
000009924,2
000009930,2
000009936,2
000009942,2
000009948,2
000009954,2
000009960,2
000009966,2
000009972,2
000009978,2
000009984,2
000009990,2
000009996,2
000010002,2
000010008,2
000010014,2
000010020,2
000010026,2
000010032,2
000010038,2
000010044,2
000010050,2
000010056,2
000010062,2
000010068,2
000010074,2
000010080,2
000010086,2
000010092,2
000010098,2
000010104,2
000010110,2
000010116,2
000010122,2
000010128,2
000010134,2
000010140,2
000010146,2
000010152,2
000010158,2
000010164,2
000010170,2
000010176,2
000010182,2
000010188,2
000010194,2
000010200,2
000010206,3
000010212,3
000010218,3
000010224,3
000010230,3
000010236,3
000010242,3
000010248,3
000010254,3
000010260,3
000010266,3
000010272,3
000010278,3
000010284,3
000010290,3
000010296,3
000010302,3
000010308,3
000010314,3
000010320,3
000010326,3
000010332,3
000010338,3
000010344,3
000010350,3
000010356,3
000010362,3
000010368,3
000010374,3
000010380,3
000010386,3
000010392,3
000010398,3
000010404,3
000010410,3
000010416,3
000010422,3
000010428,3
000010434,3
000010440,3
000010446,3
000010452,3
000010458,3
000010464,3
000010470,3
000010476,3
000010482,3
000010488,3
000010494,3
000010500,3
000010506,3
000010512,3
000010518,3
000010524,3
000010530,3
000010536,3
000010542,3
000010548,3
000010554,3
000010560,3
000010566,3
000010572,3
000010578,3
000010584,3
000010590,3
000010596,3
000010602,3
000010608,3
000010614,3
000010620,3
000010626,3
000010632,3
000010638,3
000010644,3
000010650,3
000010656,3
000010662,3
000010668,3
000010674,3
000010680,3
000010686,3
000010692,3
000010698,4
000010704,4
000010710,4
000010716,4
000010722,4
000010728,4
000010734,4
000010740,4
000010746,4
000010752,4
000010758,4
000010764,4
000010770,4
000010776,4
000010782,4
000010788,4
000010794,4
000010800,4
000010806,4
000010812,4
000010818,4
000010824,4
000010830,4
000010836,4
000010842,4
000010848,4
000010854,4
000010860,4
000010866,4
000010872,4
000010878,4
000010884,4
000010890,4
000010896,4
000010902,4
000010908,4
000010914,4
000010920,4
000010926,4
000010932,4
000010938,4
000010944,4
000010950,4
000010956,4
000010962,4
000010968,4
000010974,4
000010980,4
000010986,4
000010992,4
000010998,4
000011004,4
000011010,4
000011016,4
000011022,4
000011028,4
000011034,4
000011040,4
000011046,4
000011052,4
000011058,4
000011064,4
000011070,4
000011076,4
000011082,4
000011088,4
000011094,4
000011100,4
000011106,4
000011112,4
000011118,4
000011124,4
000011130,4
000011136,4
000011142,4
000011148,4
000011154,4
000011160,4
000011166,4
000011172,4
000011178,4
000011184,4
000011190,4
000011196,4
000011202,4
000011208,4
000011214,4
000011220,4
000011226,4
000011232,4
000011238,4
000011244,4
000011250,4
000011256,4
000011262,4
000011268,4
000011274,4
000011280,4
000011286,4
000011292,4
000011298,4
000011304,4
000011310,4
000011316,4
000011322,4
000011328,4
000011334,4
000011340,4
000011346,4
000011352,4
000011358,4
000011364,4
000011370,1
000011376,1
000011382,1
000011388,1
000011394,1
000011400,1
000011406,1
000011412,1
000011418,1
000011424,1
000011430,1
000011436,1
000011442,1
000011448,1
000011454,1
000011460,1
000011466,1
000011472,1
000011478,1
000011484,1
000011490,1
000011496,1
000011502,1
000011508,1
000011514,1
000011520,1
000011526,1
000011532,1
000011538,1
000011544,1
000011550,1
000011556,2
000011562,2
000011568,2
000011574,2
000011580,2
000011586,2
000011592,2
000011598,2
000011604,2
000011610,2
000011616,2
000011622,2
000011628,2
000011634,2
000011640,2
000011646,2
000011652,2
000011658,2
000011664,2
000011670,2
000011676,2
000011682,2
000011688,2
000011694,2
000011700,2
000011706,2
000011712,2
000011718,2
000011724,2
000011730,2
000011736,2
000011742,2
000011748,2
000011754,2
000011760,2
000011766,2
000011772,2
000011778,2
000011784,2
000011790,2
000011796,2
000011802,2
000011808,2
000011814,2
000011820,2
000011826,2
000011832,2
000011838,2
000011844,2
000011850,2
000011856,2
000011862,2
000011868,2
000011874,2
000011880,2
000011886,2
000011892,2
000011898,2
000011904,2
000011910,2
000011916,2
000011922,2
000011928,2
000011934,2
000011940,2
000011946,2
000011952,2
000011958,2
000011964,2
000011970,2
000011976,2
000011982,2
000011988,2
000011994,2
000012000,2
000012006,2
000012012,2
000012018,2
000012024,2
000012030,2
000012036,2
000012042,2
000012048,2
000012054,2
000012060,2
000012066,2
000012072,2
000012078,2
000012084,2
000012090,2
000012096,2
000012102,2
000012108,2
000012114,2
000012120,2
000012126,2
000012132,2
000012138,2
000012144,2
000012150,3
000012156,3
000012162,3
000012168,3
000012174,3
000012180,3
000012186,3
000012192,3
000012198,3
000012204,3
000012210,3
000012216,3
000012222,3
000012228,3
000012234,3
000012240,3
000012246,3
000012252,3
000012258,3
000012264,3
000012270,3
000012276,3
000012282,3
000012288,3
000012294,3
000012300,3
000012306,3
000012312,3
000012318,3
000012324,3
000012330,3
000012336,3
000012342,3
000012348,3
000012354,3
000012360,3
000012366,3
000012372,3
000012378,3
000012384,3
000012390,3
000012396,3
000012402,3
000012408,3
000012414,3
000012420,3
000012426,3
000012432,3
000012438,3
000012444,3
000012450,3
000012456,3
000012462,3
000012468,3
000012474,3
000012480,3
000012486,3
000012492,3
000012498,3
000012504,3
000012510,3
000012516,3
000012522,3
000012528,3
000012534,3
000012540,3
000012546,3
000012552,3
000012558,3
000012564,3
000012570,3
000012576,3
000012582,3
000012588,3
000012594,3
000012600,3
000012606,3
000012612,3
000012618,3
000012624,3
000012630,3
000012636,3
000012642,3
000012648,3
000012654,3
000012660,3
000012666,3
000012672,3
000012678,3
000012684,3
000012690,3
000012696,4
000012702,4
000012708,4
000012714,4
000012720,4
000012726,4
000012732,4
000012738,4
000012744,4
000012750,4
000012756,4
000012762,4
000012768,4
000012774,4
000012780,4
000012786,4
000012792,4
000012798,4
000012804,4
000012810,4
000012816,4
000012822,4
000012828,4
000012834,4
000012840,4
000012846,4
000012852,4
000012858,4
000012864,4
000012870,4
000012876,4
000012882,4
000012888,4
000012894,4
000012900,4
000012906,4
000012912,4
000012918,4
000012924,4
000012930,4
000012936,4
000012942,4
000012948,4
000012954,4
000012960,4
000012966,4
000012972,4
000012978,4
000012984,4
000012990,4
000012996,4
000013002,4
000013008,4
000013014,4
000013020,4
000013026,4
000013032,4
000013038,4
000013044,4
000013050,4
000013056,4
000013062,4
000013068,4
000013074,4
000013080,4
000013086,4
000013092,4
000013098,4
000013104,4
000013110,4
000013116,4
000013122,4
000013128,4
000013134,4
000013140,4
000013146,4
000013152,4
000013158,4
000013164,4
000013170,4
000013176,4
000013182,4
000013188,4
000013194,4
000013200,4
000013206,4
000013212,4
000013218,4
000013224,4
000013230,4
000013236,4
000013242,4
000013248,4
000013254,4
000013260,4
000013266,4
000013272,4
000013278,4
000013284,4
000013290,4
000013296,4
000013302,1
000013308,1
000013314,1
000013320,1
000013326,1
000013332,1
000013338,1
000013344,1
000013350,1
000013356,1
000013362,1
000013368,1
000013374,1
000013380,1
000013386,1
000013392,1
000013398,1
000013404,1
000013410,1
000013416,1
000013422,1
000013428,1
000013434,1
000013440,1
000013446,1
000013452,1
000013458,1
000013464,1
000013470,1
000013476,1
000013482,1
000013488,1
000013494,1
000013500,1
000013506,1
000013512,1
000013518,1
000013524,1
000013530,1
000013536,1
000013542,1
000013548,1
000013554,1
000013560,1
000013566,1
000013572,1
000013578,1
000013584,1
000013590,1
000013596,1
000013602,1
000013608,1
000013614,1
000013620,1
000013626,1
000013632,1
000013638,1
000013644,1
000013650,1
000013656,1
000013662,1
000013668,1
000013674,1
000013680,1
000013686,1
000013692,1
000013698,1
000013704,1
000013710,1
000013716,1
000013722,1
000013728,1
000013734,1
000013740,1
000013746,1
000013752,1
000013758,1
000013764,1
000013770,1
000013776,1
000013782,1
000013788,1
000013794,1
000013800,1
000013806,2
000013812,2
000013818,2
000013824,2
000013830,2
000013836,2
000013842,2
000013848,2
000013854,2
000013860,2
000013866,2
000013872,2
000013878,2
000013884,2
000013890,2
000013896,2
000013902,2
000013908,2
000013914,2
000013920,2
000013926,2
000013932,2
000013938,2
000013944,2
000013950,2
000013956,2
000013962,2
000013968,2
000013974,2
000013980,2
000013986,2
000013992,2
000013998,2
000014004,2
000014010,2
000014016,2
000014022,2
000014028,2
000014034,2
000014040,2
000014046,2
000014052,2
000014058,2
000014064,2
000014070,2
000014076,2
000014082,2
000014088,2
000014094,2
000014100,2
000014106,2
000014112,2
000014118,2
000014124,2
000014130,2
000014136,2
000014142,2
000014148,2
000014154,2
000014160,2
000014166,2
000014172,2
000014178,2
000014184,2
000014190,2
000014196,2
000014202,2
000014208,2
000014214,2
000014220,2
000014226,2
000014232,2
000014238,2
000014244,2
000014250,2
000014256,2
000014262,2
000014268,2
000014274,2
000014280,2
000014286,2
000014292,2
000014298,2
000014304,2
000014310,3
000014316,3
000014322,3
000014328,3
000014334,3
000014340,3
000014346,3
000014352,3
000014358,3
000014364,3
000014370,3
000014376,3
000014382,3
000014388,3
000014394,3
000014400,3
000014406,3
000014412,3
000014418,3
000014424,3
000014430,3
000014436,3
000014442,3
000014448,3
000014454,3
000014460,3
000014466,3
000014472,3
000014478,3
000014484,3
000014490,3
000014496,3
000014502,3
000014508,3
000014514,3
000014520,3
000014526,3
000014532,3
000014538,3
000014544,3
000014550,3
000014556,3
000014562,3
000014568,3
000014574,3
000014580,3
000014586,3
000014592,3
000014598,3
000014604,3
000014610,3
000014616,3
000014622,3
000014628,3
000014634,3
000014640,3
000014646,3
000014652,3
000014658,3
000014664,3
000014670,3
000014676,3
000014682,3
000014688,3
000014694,3
000014700,3
000014706,3
000014712,3
000014718,3
000014724,3
000014730,3
000014736,3
000014742,3
000014748,3
000014754,3
000014760,3
000014766,3
000014772,3
000014778,3
000014784,3
000014790,3
000014796,3
000014802,3
000014808,3
000014814,3
000014820,3
000014826,3
000014832,3
000014838,3
000014844,3
000014850,3
000014856,3
000014862,3
000014868,3
000014874,3
000014880,3
000014886,3
000014892,3
000014898,3
000014904,3
000014910,3
000014916,3
000014922,3
000014928,3
000014934,3
000014940,3
000014946,3
000014952,3
000014958,3
000014964,3
000014970,3
000014976,3
000014982,3
000014988,3
000014994,3
000015000,3
000015006,3
000015012,3
000015018,3
000015024,3
000015030,3
000015036,3
000015042,4
000015048,4
000015054,4
000015060,4
000015066,4
000015072,4
000015078,4
000015084,4
000015090,4
000015096,4
000015102,4
000015108,4
000015114,4
000015120,4
000015126,4
000015132,4
000015138,4
000015144,4
000015150,4
000015156,4
000015162,4
000015168,4
000015174,4
000015180,4
000015186,4
000015192,4
000015198,4
000015204,4
000015210,4
000015216,4
000015222,4
000015228,4
000015234,4
000015240,4
000015246,4
000015252,4
000015258,4
000015264,4
000015270,4
000015276,4
000015282,4
000015288,4
000015294,4
000015300,4
000015306,4
000015312,4
000015318,4
000015324,4
000015330,4
000015336,4
000015342,4
000015348,4
000015354,4
000015360,4
000015366,4
000015372,4
000015378,4
000015384,4
000015390,4
000015396,4
000015402,4
000015408,4
000015414,4
000015420,4
000015426,4
000015432,4
000015438,4
000015444,4
000015450,4
000015456,4
000015462,4
000015468,4
000015474,4
000015480,4
000015486,4
000015492,4
000015498,4
000015504,4
000015510,4
000015516,4
000015522,4
000015528,4
000015534,4
000015540,4
000015546,4
000015552,4
000015558,4
000015564,4
000015570,4
000015576,4
000015582,4
000015588,4
000015594,4
000015600,4
000015606,4
000015612,4
000015618,4
000015624,4
000015630,4
000015636,4
000015642,4
000015648,1
000015654,1
000015660,1
000015666,1
000015672,1
000015678,1
000015684,1
000015690,1
000015696,1
000015702,1
000015708,1
000015714,1
000015720,1
000015726,1
000015732,1
000015738,1
000015744,1
000015750,1
000015756,1
000015762,1
000015768,1
000015774,1
000015780,1
000015786,1
000015792,1
000015798,1
000015804,1
000015810,1
000015816,1
000015822,1
000015828,1
000015834,1
000015840,1
000015846,1
000015852,1
000015858,1
000015864,1
000015870,1
000015876,1
000015882,1
000015888,1
000015894,1
000015900,1
000015906,1
000015912,1
000015918,1
000015924,1
000015930,2
000015936,2
000015942,2
000015948,2
000015954,2
000015960,2
000015966,2
000015972,2
000015978,2
000015984,2
000015990,2
000015996,2
000016002,2
000016008,2
000016014,2
000016020,2
000016026,2
000016032,2
000016038,2
000016044,2
000016050,2
000016056,2
000016062,2
000016068,2
000016074,2
000016080,2
000016086,2
000016092,2
000016098,2
000016104,2
000016110,2
000016116,2
000016122,2
000016128,2
000016134,2
000016140,2
000016146,2
000016152,2
000016158,2
000016164,2
000016170,2
000016176,2
000016182,2
000016188,2
000016194,2
000016200,2
000016206,2
000016212,2
000016218,2
000016224,2
000016230,2
000016236,2
000016242,2
000016248,2
000016254,2
000016260,2
000016266,2
000016272,2
000016278,2
000016284,2
000016290,2
000016296,2
000016302,2
000016308,2
000016314,2
000016320,2
000016326,3
000016332,3
000016338,3
000016344,3
000016350,3
000016356,3
000016362,3
000016368,3
000016374,3
000016380,3
000016386,3
000016392,3
000016398,3
000016404,3
000016410,3
000016416,3
000016422,3
000016428,3
000016434,3
000016440,3
000016446,3
000016452,3
000016458,3
000016464,3
000016470,3
000016476,3
000016482,3
000016488,3
000016494,3
000016500,3
000016506,3
000016512,3
000016518,3
000016524,3
000016530,3
000016536,3
000016542,3
000016548,3
000016554,3
000016560,3
000016566,3
000016572,3
000016578,3
000016584,3
000016590,3
000016596,3
000016602,3
000016608,3
000016614,3
000016620,3
000016626,3
000016632,3
000016638,3
000016644,3
000016650,3
000016656,3
000016662,3
000016668,3
000016674,3
000016680,3
000016686,3
000016692,3
000016698,3
000016704,3
000016710,3
000016716,3
000016722,3
000016728,3
000016734,3
000016740,3
000016746,3
000016752,3
000016758,3
000016764,3
000016770,3
000016776,3
000016782,3
000016788,3
000016794,3
000016800,3
000016806,3
000016812,3
000016818,3
000016824,3
000016830,3
000016836,3
000016842,3
000016848,3
000016854,3
000016860,3
000016866,3
000016872,3
000016878,3
000016884,3
000016890,3
000016896,3
000016902,3
000016908,3
000016914,3
000016920,3
000016926,3
000016932,3
000016938,3
000016944,3
000016950,4
000016956,4
000016962,4
000016968,4
000016974,4
000016980,4
000016986,4
000016992,4
000016998,4
000017004,4
000017010,4
000017016,4
000017022,4
000017028,4
000017034,4
000017040,4
000017046,4
000017052,4
000017058,4
000017064,4
000017070,4
000017076,4
000017082,4
000017088,4
000017094,4
000017100,4
000017106,4
000017112,4
000017118,4
000017124,4
000017130,4
000017136,4
000017142,4
000017148,4
000017154,4
000017160,4
000017166,4
000017172,4
000017178,4
000017184,4
000017190,4
000017196,4
000017202,4
000017208,4
000017214,4
000017220,4
000017226,4
000017232,4
000017238,4
000017244,4
000017250,4
000017256,4
000017262,4
000017268,4
000017274,4
000017280,4
000017286,4
000017292,4
000017298,4
000017304,4
000017310,4
000017316,4
000017322,4
000017328,4
000017334,4
000017340,4
000017346,4
000017352,4
000017358,4
000017364,4
000017370,4
000017376,4
000017382,4
000017388,4
000017394,4
000017400,4
000017406,4
000017412,1
000017418,1
000017424,1
000017430,1
000017436,1
000017442,1
000017448,1
000017454,1
000017460,1
000017466,1
000017472,1
000017478,1
000017484,1
000017490,1
000017496,1
000017502,1
000017508,1
000017514,1
000017520,1
000017526,1
000017532,1
000017538,1
000017544,1
000017550,1
000017556,1
000017562,1
000017568,1
000017574,1
000017580,1
000017586,1
000017592,1
000017598,1
000017604,1
000017610,1
000017616,1
000017622,1
000017628,1
000017634,1
000017640,1
000017646,1
000017652,1
000017658,1
000017664,1
000017670,1
000017676,1
000017682,1
000017688,1
000017694,1
000017700,1
000017706,1
000017712,1
000017718,1
000017724,1
000017730,1
000017736,1
000017742,1
000017748,1
000017754,1
000017760,1
000017766,1
000017772,1
000017778,1
000017784,1
000017790,1
000017796,1
000017802,1
000017808,1
000017814,1
000017820,1
000017826,1
000017832,1
000017838,1
000017844,1
000017850,1
000017856,1
000017862,2
000017868,2
000017874,2
000017880,2
000017886,2
000017892,2
000017898,2
000017904,2
000017910,2
000017916,2
000017922,2
000017928,2
000017934,2
000017940,2
000017946,2
000017952,2
000017958,2
000017964,2
000017970,2
000017976,2
000017982,2
000017988,2
000017994,2
000018000,2
000018006,2
000018012,2
000018018,2
000018024,2
000018030,2
000018036,2
000018042,2
000018048,2
000018054,2
000018060,2
000018066,2
000018072,2
000018078,2
000018084,2
000018090,2
000018096,2
000018102,2
000018108,2
000018114,2
000018120,2
000018126,2
000018132,2
000018138,2
000018144,2
000018150,2
000018156,2
000018162,0
000018168,0
000018174,0
000018180,0
000018186,0
000018192,0
000018198,0
000018204,0
000018210,0
000018216,0
000018222,0
000018228,0
000018234,0
000018240,0
000018246,0
000018252,0
000018258,0
000018264,0
000018270,0
000018276,0
000018282,0
000018288,0
000018294,0
000018300,0
000018306,0
000018312,0
000018318,0
000018324,0
000018330,0
000018336,0
000018342,0
000018348,0
000018354,0
000018360,0
000018366,0
000018372,0
000018378,0
000018384,0
000018390,0
000018396,0
000018402,0
000018408,0
000018414,0
000018420,0
000018426,0
000018432,0
000018438,0
000018444,0
000018450,0
000018456,2
000018462,2
000018468,2
000018474,2
000018480,2
000018486,2
000018492,2
000018498,2
000018504,2
000018510,2
000018516,2
000018522,2
000018528,2
000018534,2
000018540,2
000018546,2
000018552,2
000018558,2
000018564,2
000018570,2
000018576,2
000018582,3
000018588,3
000018594,3
000018600,3
000018606,3
000018612,3
000018618,3
000018624,3
000018630,3
000018636,3
000018642,3
000018648,3
000018654,3
000018660,3
000018666,3
000018672,3
000018678,3
000018684,3
000018690,3
000018696,3
000018702,3
000018708,3
000018714,3
000018720,3
000018726,3
000018732,3
000018738,3
000018744,3
000018750,3
000018756,3
000018762,3
000018768,3
000018774,3
000018780,3
000018786,3
000018792,3
000018798,3
000018804,3
000018810,3
000018816,3
000018822,3
000018828,3
000018834,3
000018840,3
000018846,3
000018852,3
000018858,3
000018864,3
000018870,3
000018876,3
000018882,3
000018888,3
000018894,3
000018900,3
000018906,3
000018912,3
000018918,3
000018924,3
000018930,3
000018936,3
000018942,3
000018948,3
000018954,3
000018960,3
000018966,3
000018972,3
000018978,3
000018984,3
000018990,3
000018996,3
000019002,3
000019008,3
000019014,3
000019020,3
000019026,3
000019032,3
000019038,3
000019044,3
000019050,3
000019056,3
000019062,3
000019068,3
000019074,3
000019080,3
000019086,3
000019092,3
000019098,3
000019104,3
000019110,3
000019116,3
000019122,3
000019128,3
000019134,3
000019140,3
000019146,3
000019152,3
000019158,3
000019164,3
000019170,3
000019176,3
000019182,3
000019188,3
000019194,3
000019200,3
000019206,3
000019212,3
000019218,3
000019224,3
000019230,3
000019236,3
000019242,3
000019248,3
000019254,3
000019260,3
000019266,3
000019272,3
000019278,3
000019284,3
000019290,3
000019296,3
000019302,3
000019308,3
000019314,3
000019320,3
000019326,3
000019332,3
000019338,3
000019344,3
000019350,3
000019356,3
000019362,3
000019368,3
000019374,3
000019380,3
000019386,3
000019392,3
000019398,3
000019404,3
000019410,3
000019416,3
000019422,3
000019428,3
000019434,3
000019440,3
000019446,3
000019452,3
000019458,3
000019464,3
000019470,3
000019476,3
000019482,3
000019488,3
000019494,3
000019500,3
000019506,3
000019512,3
000019518,3
000019524,3
000019530,3
000019536,3
000019542,3
000019548,3
000019554,3
000019560,3
000019566,3
000019572,4
000019578,4
000019584,4
000019590,4
000019596,4
000019602,4
000019608,4
000019614,4
000019620,4
000019626,4
000019632,4
000019638,4
000019644,4
000019650,4
000019656,4
000019662,4
000019668,4
000019674,4
000019680,4
000019686,4
000019692,4
000019698,4
000019704,4
000019710,4
000019716,4
000019722,4
000019728,4
000019734,4
000019740,4
000019746,4
000019752,4
000019758,4
000019764,4
000019770,4
000019776,4
000019782,4
000019788,4
000019794,4
000019800,4
000019806,4
000019812,4
000019818,4
000019824,4
000019830,4
000019836,4
000019842,4
000019848,4
000019854,4
000019860,4
000019866,4
000019872,4
000019878,4
000019884,4
000019890,4
000019896,4
000019902,4
000019908,4
000019914,4
000019920,4
000019926,4
000019932,4
000019938,4
000019944,4
000019950,4
000019956,4
000019962,4
000019968,4
000019974,4
000019980,4
000019986,4
000019992,4
000019998,4
000020004,4
000020010,4
000020016,1
000020022,1
000020028,1
000020034,1
000020040,1
000020046,1
000020052,1
000020058,1
000020064,1
000020070,1
000020076,1
000020082,1
000020088,1
000020094,1
000020100,1
000020106,1
000020112,1
000020118,1
000020124,1
000020130,1
000020136,1
000020142,1
000020148,1
000020154,1
000020160,1
000020166,1
000020172,1
000020178,1
000020184,1
000020190,1
000020196,1
000020202,1
000020208,1
000020214,1
000020220,1
000020226,1
000020232,1
000020238,1
000020244,1
000020250,1
000020256,1
000020262,1
000020268,1
000020274,1
000020280,1
000020286,1
000020292,1
000020298,1
000020304,1
000020310,1
000020316,1
000020322,1
000020328,1
000020334,1
000020340,1
000020346,1
000020352,1
000020358,1
000020364,2
000020370,2
000020376,2
000020382,2
000020388,2
000020394,2
000020400,2
000020406,2
000020412,2
000020418,2
000020424,2
000020430,2
000020436,2
000020442,2
000020448,2
000020454,2
000020460,2
000020466,2
000020472,2
000020478,2
000020484,2
000020490,2
000020496,2
000020502,2
000020508,2
000020514,2
000020520,2
000020526,2
000020532,2
000020538,2
000020544,2
000020550,2
000020556,2
000020562,2
000020568,2
000020574,2
000020580,2
000020586,2
000020592,2
000020598,2
000020604,2
000020610,2
000020616,2
000020622,2
000020628,2
000020634,2
000020640,2
000020646,2
000020652,2
000020658,2
000020664,2
000020670,2
000020676,2
000020682,2
000020688,2
000020694,2
000020700,2
000020706,2
000020712,2
000020718,2
000020724,2
000020730,2
000020736,2
000020742,2
000020748,2
000020754,2
000020760,2
000020766,2
000020772,2
000020778,2
000020784,2
000020790,2
000020796,2
000020802,2
000020808,2
000020814,2
000020820,2
000020826,2
000020832,2
000020838,2
000020844,2
000020850,3
000020856,3
000020862,3
000020868,3
000020874,3
000020880,3
000020886,3
000020892,3
000020898,3
000020904,3
000020910,3
000020916,3
000020922,3
000020928,3
000020934,3
000020940,3
000020946,3
000020952,3
000020958,3
000020964,3
000020970,3
000020976,3
000020982,3
000020988,3
000020994,3
000021000,3
000021006,3
000021012,3
000021018,3
000021024,3
000021030,3
000021036,3
000021042,3
000021048,3
000021054,3
000021060,3
000021066,3
000021072,3
000021078,3
000021084,3
000021090,3
000021096,3
000021102,3
000021108,3
000021114,3
000021120,3
000021126,3
000021132,3
000021138,3
000021144,3
000021150,3
000021156,3
000021162,3
000021168,3
000021174,3
000021180,3
000021186,3
000021192,3
000021198,3
000021204,3
000021210,3
000021216,3
000021222,3
000021228,3
000021234,3
000021240,3
000021246,3
000021252,3
000021258,3
000021264,3
000021270,3
000021276,3
000021282,3
000021288,3
000021294,3
000021300,3
000021306,3
000021312,3
000021318,3
000021324,3
000021330,3
000021336,3
000021342,3
000021348,3
000021354,3
000021360,3
000021366,3
000021372,3
000021378,3
000021384,3
000021390,3
000021396,4
000021402,4
000021408,4
000021414,4
000021420,4
000021426,4
000021432,4
000021438,4
000021444,4
000021450,4
000021456,4
000021462,4
000021468,4
000021474,4
000021480,4
000021486,4
000021492,4
000021498,4
000021504,4
000021510,4
000021516,4
000021522,4
000021528,4
000021534,4
000021540,4
000021546,4
000021552,4
000021558,4
000021564,4
000021570,4
000021576,4
000021582,4
000021588,4
000021594,4
000021600,4
000021606,4
000021612,4
000021618,4
000021624,4
000021630,4
000021636,4
000021642,4
000021648,4
000021654,4
000021660,4
000021666,4
000021672,4
000021678,4
000021684,4
000021690,4
000021696,4
000021702,4
000021708,4
000021714,4
000021720,4
000021726,4
000021732,4
000021738,4
000021744,4
000021750,4
000021756,4
000021762,4
000021768,4
000021774,4
000021780,4
000021786,4
000021792,4
000021798,4
000021804,4
000021810,4
000021816,4
000021822,4
000021828,4
000021834,4
000021840,4
000021846,4
000021852,4
000021858,4
000021864,4
000021870,4
000021876,4
000021882,4
000021888,4
000021894,4
000021900,4
000021906,4
000021912,4
000021918,4
000021924,4
000021930,4
000021936,4
000021942,4
000021948,4
000021954,4
000021960,4
000021966,4
000021972,4
000021978,4
000021984,4
000021990,4
000021996,4
000022002,4
000022008,4
000022014,4
000022020,4
000022026,4
000022032,4
000022038,4
000022044,4
000022050,4
000022056,4
000022062,4
000022068,4
000022074,4
000022080,4
000022086,4
000022092,4
000022098,4
000022104,4
000022110,4
000022116,4
000022122,4
000022128,4
000022134,4
000022140,4
000022146,4
000022152,4
000022158,4
000022164,4
000022170,4
000022176,4
000022182,4
000022188,4
000022194,4
000022200,4
000022206,4
000022212,4
000022218,4
000022224,4
000022230,4
000022236,4
000022242,4
000022248,4
000022254,4
000022260,4
000022266,4
000022272,4
000022278,4
000022284,4
000022290,4
000022296,4
000022302,4
000022308,4
000022314,4
000022320,4
000022326,4
000022332,4
000022338,4
000022344,4
000022350,4
000022356,4
000022362,4
000022368,4
000022374,4
000022380,4
000022386,4
000022392,4
000022398,4
000022404,4
000022410,4
000022416,4
000022422,4
000022428,4
000022434,4
000022440,4
000022446,4
000022452,4
000022458,4
000022464,4
000022470,4
000022476,4
000022482,4
000022488,4
000022494,4
000022500,4
000022506,4
000022512,4
000022518,4
000022524,4
000022530,4
000022536,4
000022542,4
000022548,4
000022554,4
000022560,4
000022566,4
000022572,1
000022578,1
000022584,1
000022590,1
000022596,1
000022602,1
000022608,1
000022614,1
000022620,1
000022626,1
000022632,1
000022638,1
000022644,1
000022650,1
000022656,1
000022662,1
000022668,1
000022674,1
000022680,1
000022686,1
000022692,1
000022698,1
000022704,1
000022710,1
000022716,1
000022722,1
000022728,1
000022734,1
000022740,1
000022746,1
000022752,1
000022758,1
000022764,1
000022770,1
000022776,1
000022782,1
000022788,1
000022794,1
000022800,1
000022806,1
000022812,1
000022818,1
000022824,1
000022830,1
000022836,1
000022842,1
000022848,1
000022854,1
000022860,1
000022866,1
000022872,1
000022878,1
000022884,1
000022890,1
000022896,1
000022902,1
000022908,1
000022914,1
000022920,1
000022926,1
000022932,2
000022938,2
000022944,2
000022950,2
000022956,2
000022962,2
000022968,2
000022974,2
000022980,2
000022986,2
000022992,2
000022998,2
000023004,2
000023010,2
000023016,2
000023022,2
000023028,2
000023034,2
000023040,2
000023046,2
000023052,2
000023058,2
000023064,2
000023070,2
000023076,2
000023082,2
000023088,2
000023094,2
000023100,2
000023106,2
000023112,2
000023118,2
000023124,2
000023130,2
000023136,2
000023142,2
000023148,2
000023154,2
000023160,2
000023166,2
000023172,2
000023178,2
000023184,2
000023190,2
000023196,2
000023202,2
000023208,2
000023214,2
000023220,2
000023226,2
000023232,2
000023238,2
000023244,2
000023250,2
000023256,2
000023262,2
000023268,2
000023274,2
000023280,2
000023286,2
000023292,2
000023298,2
000023304,2
000023310,2
000023316,2
000023322,2
000023328,2
000023334,2
000023340,2
000023346,2
000023352,2
000023358,2
000023364,2
000023370,2
000023376,2
000023382,2
000023388,2
000023394,2
000023400,2
000023406,2
000023412,2
000023418,2
000023424,2
000023430,2
000023436,2
000023442,2
000023448,2
000023454,2
000023460,2
000023466,2
000023472,2
000023478,2
000023484,2
000023490,2
000023496,2
000023502,2
000023508,2
000023514,2
000023520,3
000023526,3
000023532,3
000023538,3
000023544,3
000023550,3
000023556,3
000023562,3
000023568,3
000023574,3
000023580,3
000023586,3
000023592,3
000023598,3
000023604,3
000023610,3
000023616,3
000023622,3
000023628,3
000023634,3
000023640,3
000023646,3
000023652,3
000023658,3
000023664,3
000023670,3
000023676,3
000023682,3
000023688,3
000023694,3
000023700,3
000023706,3
000023712,3
000023718,3
000023724,3
000023730,3
000023736,3
000023742,3
000023748,3
000023754,3
000023760,3
000023766,3
000023772,3
000023778,4
000023784,4
000023790,4
000023796,4
000023802,4
000023808,4
000023814,4
000023820,4
000023826,4
000023832,4
000023838,4
000023844,4
000023850,4
000023856,4
000023862,4
000023868,4
000023874,4
000023880,4
000023886,4
000023892,4
000023898,4
000023904,4
000023910,4
000023916,4
000023922,4
000023928,4
000023934,4
000023940,4
000023946,4
000023952,4
000023958,4
000023964,4
000023970,4
000023976,4
000023982,4
000023988,4
000023994,4
000024000,4
000024006,4
000024012,4
000024018,4
000024024,4
000024030,4
000024036,4
000024042,4
000024048,4
000024054,4
000024060,4
000024066,4
000024072,4
000024078,4
000024084,4
000024090,4
000024096,4
000024102,4
000024108,4
000024114,4
000024120,4
000024126,4
000024132,4
000024138,4
000024144,4
000024150,4
000024156,4
000024162,4
000024168,4
000024174,4
000024180,4
000024186,4
000024192,4
000024198,4
000024204,4
000024210,4
000024216,4
000024222,4
000024228,4
000024234,4
000024240,4
000024246,4
000024252,4
000024258,4
000024264,4
000024270,2
000024276,2
000024282,2
000024288,2
000024294,2
000024300,2
000024306,2
000024312,2
000024318,2
000024324,2
000024330,2
000024336,2
000024342,2
000024348,3
000024354,3
000024360,3
000024366,3
000024372,3
000024378,3
000024384,3
000024390,3
000024396,3
000024402,3
000024408,3
000024414,3
000024420,3
000024426,3
000024432,3
000024438,3
000024444,3
000024450,3
000024456,3
000024462,3
000024468,3
000024474,3
000024480,3
000024486,3
000024492,3
000024498,3
000024504,3
000024510,3
000024516,3
000024522,3
000024528,3
000024534,3
000024540,3
000024546,3
000024552,3
000024558,3
000024564,3
000024570,3
000024576,3
000024582,3
000024588,3
000024594,3
000024600,3
000024606,3
000024612,3
000024618,3
000024624,3
000024630,3
000024636,3
000024642,3
000024648,4
000024654,4
000024660,4
000024666,4
000024672,4
000024678,4
000024684,4
000024690,4
000024696,4
000024702,4
000024708,4
000024714,4
000024720,4
000024726,4
000024732,4
000024738,4
000024744,4
000024750,4
000024756,4
000024762,4
000024768,4
000024774,4
000024780,4
000024786,4
000024792,4
000024798,4
000024804,4
000024810,4
000024816,4
000024822,4
000024828,4
000024834,4
000024840,4
000024846,4
000024852,4
000024858,4
000024864,4
000024870,4
000024876,4
000024882,4
000024888,4
000024894,4
000024900,4
000024906,4
000024912,4
000024918,4
000024924,4
000024930,4
000024936,4
000024942,4
000024948,4
000024954,4
000024960,4
000024966,4
000024972,4
000024978,4
000024984,4
000024990,4
000024996,4
000025002,4
000025008,4
000025014,4
000025020,4
000025026,4
000025032,4
000025038,4
000025044,4
000025050,4
000025056,4
000025062,4
000025068,4
000025074,4
000025080,4
000025086,4
000025092,4
000025098,4
000025104,4
000025110,4
000025116,4
000025122,4
000025128,4
000025134,4
000025140,4
000025146,4
000025152,4
000025158,4
000025164,4
000025170,4
000025176,4
000025182,4
000025188,4
000025194,4
000025200,4
000025206,4
000025212,4
000025218,4
000025224,4
000025230,4
000025236,4
000025242,4
000025248,4
000025254,4
000025260,4
000025266,4
000025272,4
000025278,4
000025284,4
000025290,4
000025296,4
000025302,2
000025308,2
000025314,2
000025320,2
000025326,2
000025332,2
000025338,2
000025344,2
000025350,2
000025356,2
000025362,2
000025368,2
000025374,2
000025380,2
000025386,2
000025392,2
000025398,2
000025404,2
000025410,2
000025416,2
000025422,2
000025428,2
000025434,2
000025440,2
000025446,2
000025452,2
000025458,2
000025464,2
000025470,2
000025476,2
000025482,2
000025488,2
000025494,3
000025500,3
000025506,3
000025512,3
000025518,3
000025524,3
000025530,3
000025536,3
000025542,3
000025548,3
000025554,3
000025560,3
000025566,3
000025572,3
000025578,3
000025584,3
000025590,3
000025596,3
000025602,3
000025608,3
000025614,3
000025620,3
000025626,3
000025632,3
000025638,3
000025644,3
000025650,3
000025656,3
000025662,3
000025668,3
000025674,3
000025680,3
000025686,3
000025692,3
000025698,3
000025704,3
000025710,3
000025716,3
000025722,3
000025728,3
000025734,3
000025740,3
000025746,3
000025752,3
000025758,3
000025764,3
000025770,3
000025776,3
000025782,3
000025788,3
000025794,3
000025800,3
000025806,3
000025812,3
000025818,3
000025824,3
000025830,3
000025836,3
000025842,3
000025848,3
000025854,3
000025860,3
000025866,3
000025872,3
000025878,3
000025884,3
000025890,3
000025896,3
000025902,3
000025908,3
000025914,3
000025920,3
000025926,3
000025932,3
000025938,3
000025944,3
000025950,3
000025956,3
000025962,3
000025968,3
000025974,3
000025980,3
000025986,3
000025992,3
000025998,3
000026004,3
000026010,3
000026016,4
000026022,4
000026028,4
000026034,4
000026040,4
000026046,4
000026052,4
000026058,4
000026064,4
000026070,4
000026076,4
000026082,4
000026088,4
000026094,4
000026100,4
000026106,4
000026112,4
000026118,4
000026124,4
000026130,4
000026136,4
000026142,4
000026148,4
000026154,4
000026160,4
000026166,4
000026172,4
000026178,4
000026184,4
000026190,4
000026196,4
000026202,4
000026208,4
000026214,4
000026220,4
000026226,4
000026232,4
000026238,4
000026244,4
000026250,4
000026256,4
000026262,4
000026268,4
000026274,4
000026280,4
000026286,4
000026292,4
000026298,4
000026304,4
000026310,4
000026316,4
000026322,4
000026328,4
000026334,4
000026340,4
000026346,4
000026352,4
000026358,4
000026364,4
000026370,4
000026376,4
000026382,4
000026388,4
000026394,4
000026400,4
000026406,4
000026412,4
000026418,4
000026424,4
000026430,4
000026436,4
000026442,4
000026448,4
000026454,4
000026460,1
000026466,1
000026472,1
000026478,1
000026484,1
000026490,1
000026496,1
000026502,1
000026508,1
000026514,1
000026520,1
000026526,1
000026532,1
000026538,1
000026544,1
000026550,1
000026556,1
000026562,1
000026568,1
000026574,1
000026580,1
000026586,1
000026592,1
000026598,1
000026604,1
000026610,1
000026616,1
000026622,1
000026628,1
000026634,1
000026640,1
000026646,1
000026652,1
000026658,1
000026664,1
000026670,1
000026676,1
000026682,1
000026688,1
000026694,1
000026700,2
000026706,2
000026712,2
000026718,2
000026724,2
000026730,2
000026736,2
000026742,2
000026748,2
000026754,2
000026760,2
000026766,2
000026772,2
000026778,2
000026784,2
000026790,2
000026796,2
000026802,2
000026808,2
000026814,2
000026820,2
000026826,2
000026832,2
000026838,2
000026844,2
000026850,2
000026856,2
000026862,2
000026868,2
000026874,2
000026880,2
000026886,2
000026892,2
000026898,2
000026904,2
000026910,2
000026916,2
000026922,2
000026928,2
000026934,2
000026940,2
000026946,2
000026952,2
000026958,2
000026964,2
000026970,2
000026976,2
000026982,2
000026988,2
000026994,2
000027000,2
000027006,2
000027012,2
000027018,2
000027024,2
000027030,2
000027036,2
000027042,2
000027048,2
000027054,2
000027060,2
000027066,2
000027072,2
000027078,2
000027084,2
000027090,2
000027096,2
000027102,2
000027108,2
000027114,2
000027120,2
000027126,2
000027132,3
000027138,3
000027144,3
000027150,3
000027156,3
000027162,3
000027168,3
000027174,3
000027180,3
000027186,3
000027192,3
000027198,3
000027204,3
000027210,3
000027216,3
000027222,3
000027228,3
000027234,3
000027240,3
000027246,3
000027252,3
000027258,3
000027264,3
000027270,3
000027276,3
000027282,3
000027288,3
000027294,3
000027300,3
000027306,3
000027312,3
000027318,3
000027324,3
000027330,3
000027336,4
000027342,4
000027348,4
000027354,4
000027360,4
000027366,4
000027372,4
000027378,4
000027384,4
000027390,4
000027396,4
000027402,4
000027408,4
000027414,4
000027420,4
000027426,4
000027432,4
000027438,4
000027444,4
000027450,4
000027456,4
000027462,4
000027468,4
000027474,4
000027480,4
000027486,4
000027492,4
000027498,4
000027504,4
000027510,4
000027516,4
000027522,4
000027528,4
000027534,4
000027540,4
000027546,4
000027552,4
000027558,4
000027564,4
000027570,4
000027576,4
000027582,4
000027588,4
000027594,4
000027600,4
000027606,4
000027612,4
000027618,4
000027624,4
000027630,4
000027636,4
000027642,4
000027648,4
000027654,4
000027660,4
000027666,4
000027672,4
000027678,4
000027684,4
000027690,4
000027696,4
000027702,4
000027708,4
000027714,4
000027720,4
000027726,4
000027732,4
000027738,4
000027744,4
000027750,4
000027756,4
000027762,4
000027768,4
000027774,4
000027780,4
000027786,4
000027792,4
000027798,4
000027804,4
000027810,4
000027816,4
000027822,4
000027828,4
000027834,4
000027840,4
000027846,4
000027852,4
000027858,4
000027864,4
000027870,4
000027876,4
000027882,4
000027888,4
000027894,4
000027900,4
000027906,4
000027912,4
000027918,4
000027924,4
000027930,4
000027936,4
000027942,4
000027948,4
000027954,4
000027960,4
000027966,4
000027972,4
000027978,4
000027984,4
000027990,4
000027996,4
000028002,4
000028008,4
000028014,4
000028020,4
000028026,4
000028032,4
000028038,4
000028044,4
000028050,4
000028056,4
000028062,4
000028068,4
000028074,4
000028080,4
000028086,4
000028092,4
000028098,4
000028104,4
000028110,4
000028116,4
000028122,4
000028128,4
000028134,4
000028140,4
000028146,4
000028152,4
000028158,4
000028164,4
000028170,4
000028176,4
000028182,4
000028188,4
000028194,4
000028200,4
000028206,4
000028212,4
000028218,4
000028224,4
000028230,4
000028236,4
000028242,4
000028248,4
000028254,4
000028260,4
000028266,4
000028272,4
000028278,4
000028284,4
000028290,4
000028296,4
000028302,4
000028308,4
000028314,4
000028320,4
000028326,4
000028332,4
000028338,4
000028344,4
000028350,4
000028356,4
000028362,4
000028368,4
000028374,4
000028380,4
000028386,4
000028392,4
000028398,4
000028404,4
000028410,4
000028416,4
000028422,4
000028428,4
000028434,4
000028440,4
000028446,4
000028452,4
000028458,4
000028464,4
000028470,4
000028476,4
000028482,4
000028488,4
000028494,4
000028500,4
000028506,4
000028512,4
000028518,4
000028524,4
000028530,4
000028536,4
000028542,4
000028548,4
000028554,4
000028560,4
000028566,4
000028572,4
000028578,4
000028584,4
000028590,1
000028596,1
000028602,1
000028608,1
000028614,1
000028620,1
000028626,1
000028632,1
000028638,1
000028644,1
000028650,1
000028656,1
000028662,1
000028668,1
000028674,1
000028680,1
000028686,1
000028692,1
000028698,1
000028704,1
000028710,1
000028716,1
000028722,1
000028728,1
000028734,1
000028740,1
000028746,1
000028752,1
000028758,1
000028764,1
000028770,1
000028776,1
000028782,1
000028788,1
000028794,1
000028800,1
000028806,7
000028812,7
000028818,7
000028824,7
000028830,7
000028836,7
000028842,7
000028848,7
000028854,7
000028860,7
000028866,7
000028872,7
000028878,7
000028884,7
000028890,7
000028896,7
000028902,7
000028908,7
000028914,7
000028920,7
000028926,7
000028932,7
000028938,7
000028944,7
000028950,7
000028956,7
000028962,7
000028968,7
000028974,7
000028980,7
000028986,7
000028992,7
000028998,7
000029004,7
000029010,7
000029016,7
000029022,7
000029028,7
000029034,7
000029040,7
000029046,7
000029052,7
000029058,7
000029064,7
000029070,7
000029076,7
000029082,7
000029088,7
000029094,7
000029100,7
000029106,7
000029112,7
000029118,7
000029124,7
000029130,7
000029136,7
000029142,7
000029148,7
000029154,7
000029160,7
000029166,7
000029172,7
000029178,7
000029184,7
000029190,7
000029196,7
000029202,7
000029208,7
000029214,7
000029220,7
000029226,7
000029232,7
000029238,7
000029244,7
000029250,7
000029256,7
000029262,7
000029268,7
000029274,7
000029280,7
000029286,7
000029292,7
000029298,7
000029304,7
000029310,0
000029316,0
000029322,0
000029328,0
000029334,0
000029340,0
000029346,0
000029352,0
000029358,0
000029364,0
000029370,0
000029376,0
000029382,0
000029388,0
