00000 03568 0 
03569 03736 1 
03737 04601 2 
04602 05298 3 
05299 05542 4 
05543 06308 0 
06309 07112 4 
07113 07500 1 
07501 08351 2 
08352 08944 3 
08945 09470 4 
09471 10205 2 
10206 10697 3 
10698 11370 4 
11371 11560 1 
11561 12153 2 
12154 12695 3 
12696 13304 4 
13305 13805 1 
13806 14313 2 
14314 15041 3 
15042 15647 4 
15648 15934 1 
15935 16329 2 
16330 16952 3 
16953 17414 4 
17415 17863 1 
17864 18165 2 
18166 18459 0 
18460 18583 2 
18584 19572 3 
19573 20019 4 
20020 20367 1 
20368 20853 2 
20854 21400 3 
21401 22573 4 
22574 22933 1 
22934 23524 2 
23525 23782 3 
23783 24271 4 
24272 24351 2 
24352 24649 3 
24650 25304 4 
25305 25496 2 
25497 26019 3 
26020 26459 4 
26460 26703 1 
26704 27136 2 
27137 27340 3 
27341 28590 4 
28591 28807 1 
28808 29310 7 
29311 29392 0 
