00000 01075 0 
01076 01191 1 
01192 02684 2 
02685 03010 3 
03011 03256 4 
03257 03695 2 
03696 04008 3 
04009 04289 4 
04290 04439 1 
04440 04659 2 
04660 05006 3 
05007 05340 4 
05341 05400 1 
05401 05680 2 
05681 06039 3 
06040 06251 4 
06252 06589 2 
06590 06938 3 
06939 07184 4 
07185 07438 2 
07439 07674 3 
07675 07874 4 
07875 08105 2 
08106 08365 3 
08366 08547 4 
08548 08811 2 
08812 09026 3 
09027 09160 4 
09161 09529 2 
09530 09768 3 
09769 09910 4 
09911 10123 2 
10124 10313 3 
10314 10547 4 
10548 10740 6 
10741 10864 7 
10865 10920 1 
10921 11354 7 
11355 12301 0 
12302 12443 1 
12444 12938 2 
12939 13438 3 
13439 13977 4 
13978 14491 2 
14492 14849 3 
14850 15180 4 
15181 15530 2 
15531 15983 3 
15984 16388 4 
16389 17038 0 
17039 17297 1 
17298 17772 2 
17773 18255 3 
18256 18555 4 
18556 18731 2 
18732 19026 0 
19027 19162 2 
19163 19340 3 
19341 19628 4 
19629 19813 6 
19814 20127 0 
20128 20547 1 
20548 20903 2 
20904 21084 3 
21085 21312 4 
21313 22521 6 
22522 22605 7 
22606 22823 1 
22824 22962 7 
22963 23059 0 
