000000000,0
000000006,0
000000012,0
000000018,0
000000024,0
000000030,0
000000036,0
000000042,0
000000048,0
000000054,0
000000060,0
000000066,0
000000072,0
000000078,0
000000084,0
000000090,0
000000096,0
000000102,0
000000108,0
000000114,0
000000120,0
000000126,0
000000132,0
000000138,0
000000144,0
000000150,0
000000156,0
000000162,0
000000168,0
000000174,0
000000180,0
000000186,0
000000192,0
000000198,0
000000204,0
000000210,0
000000216,0
000000222,0
000000228,0
000000234,0
000000240,0
000000246,0
000000252,0
000000258,0
000000264,0
000000270,0
000000276,0
000000282,0
000000288,0
000000294,0
000000300,0
000000306,0
000000312,0
000000318,0
000000324,0
000000330,0
000000336,0
000000342,0
000000348,0
000000354,0
000000360,0
000000366,0
000000372,0
000000378,0
000000384,0
000000390,0
000000396,0
000000402,0
000000408,0
000000414,0
000000420,0
000000426,0
000000432,0
000000438,0
000000444,0
000000450,0
000000456,0
000000462,0
000000468,0
000000474,0
000000480,0
000000486,0
000000492,0
000000498,0
000000504,0
000000510,0
000000516,0
000000522,0
000000528,0
000000534,0
000000540,0
000000546,0
000000552,0
000000558,0
000000564,0
000000570,0
000000576,0
000000582,0
000000588,0
000000594,0
000000600,0
000000606,0
000000612,0
000000618,0
000000624,0
000000630,0
000000636,0
000000642,0
000000648,0
000000654,0
000000660,0
000000666,0
000000672,0
000000678,0
000000684,0
000000690,0
000000696,0
000000702,0
000000708,0
000000714,0
000000720,0
000000726,0
000000732,0
000000738,0
000000744,0
000000750,0
000000756,0
000000762,0
000000768,0
000000774,0
000000780,0
000000786,0
000000792,0
000000798,0
000000804,0
000000810,0
000000816,0
000000822,0
000000828,0
000000834,0
000000840,0
000000846,0
000000852,0
000000858,0
000000864,0
000000870,0
000000876,0
000000882,0
000000888,0
000000894,0
000000900,0
000000906,0
000000912,0
000000918,0
000000924,0
000000930,0
000000936,0
000000942,0
000000948,0
000000954,0
000000960,0
000000966,0
000000972,0
000000978,0
000000984,0
000000990,0
000000996,0
000001002,0
000001008,0
000001014,0
000001020,0
000001026,0
000001032,0
000001038,0
000001044,0
000001050,0
000001056,0
000001062,0
000001068,0
000001074,0
000001080,0
000001086,0
000001092,0
000001098,0
000001104,0
000001110,0
000001116,0
000001122,0
000001128,0
000001134,0
000001140,0
000001146,0
000001152,0
000001158,0
000001164,0
000001170,0
000001176,0
000001182,0
000001188,0
000001194,0
000001200,0
000001206,0
000001212,0
000001218,0
000001224,0
000001230,0
000001236,0
000001242,0
000001248,0
000001254,0
000001260,0
000001266,0
000001272,0
000001278,0
000001284,0
000001290,0
000001296,0
000001302,0
000001308,0
000001314,0
000001320,0
000001326,0
000001332,0
000001338,0
000001344,0
000001350,0
000001356,0
000001362,0
000001368,0
000001374,0
000001380,0
000001386,0
000001392,0
000001398,0
000001404,0
000001410,0
000001416,0
000001422,0
000001428,0
000001434,0
000001440,0
000001446,0
000001452,0
000001458,0
000001464,1
000001470,1
000001476,1
000001482,1
000001488,1
000001494,1
000001500,1
000001506,1
000001512,1
000001518,1
000001524,1
000001530,1
000001536,1
000001542,1
000001548,1
000001554,1
000001560,1
000001566,1
000001572,1
000001578,1
000001584,1
000001590,0
000001596,0
000001602,0
000001608,0
000001614,0
000001620,0
000001626,0
000001632,0
000001638,0
000001644,0
000001650,0
000001656,0
000001662,0
000001668,0
000001674,0
000001680,0
000001686,0
000001692,0
000001698,0
000001704,0
000001710,0
000001716,0
000001722,0
000001728,0
000001734,0
000001740,0
000001746,0
000001752,0
000001758,0
000001764,0
000001770,0
000001776,0
000001782,0
000001788,0
000001794,0
000001800,0
000001806,0
000001812,0
000001818,0
000001824,0
000001830,0
000001836,0
000001842,0
000001848,0
000001854,0
000001860,0
000001866,0
000001872,0
000001878,0
000001884,0
000001890,0
000001896,0
000001902,0
000001908,0
000001914,0
000001920,0
000001926,0
000001932,0
000001938,0
000001944,0
000001950,0
000001956,0
000001962,0
000001968,0
000001974,0
000001980,0
000001986,0
000001992,0
000001998,0
000002004,0
000002010,0
000002016,0
000002022,0
000002028,0
000002034,0
000002040,0
000002046,0
000002052,0
000002058,0
000002064,0
000002070,0
000002076,0
000002082,0
000002088,0
000002094,0
000002100,0
000002106,0
000002112,0
000002118,0
000002124,0
000002130,0
000002136,0
000002142,0
000002148,0
000002154,0
000002160,0
000002166,0
000002172,0
000002178,0
000002184,0
000002190,0
000002196,0
000002202,0
000002208,0
000002214,0
000002220,0
000002226,0
000002232,0
000002238,0
000002244,0
000002250,0
000002256,0
000002262,0
000002268,2
000002274,2
000002280,2
000002286,2
000002292,2
000002298,2
000002304,2
000002310,2
000002316,2
000002322,2
000002328,2
000002334,2
000002340,2
000002346,2
000002352,2
000002358,2
000002364,2
000002370,2
000002376,2
000002382,2
000002388,2
000002394,2
000002400,2
000002406,2
000002412,2
000002418,2
000002424,2
000002430,2
000002436,2
000002442,2
000002448,2
000002454,2
000002460,2
000002466,2
000002472,2
000002478,2
000002484,2
000002490,2
000002496,2
000002502,2
000002508,2
000002514,2
000002520,2
000002526,2
000002532,2
000002538,2
000002544,2
000002550,2
000002556,2
000002562,2
000002568,2
000002574,2
000002580,2
000002586,2
000002592,2
000002598,2
000002604,2
000002610,2
000002616,2
000002622,2
000002628,2
000002634,2
000002640,2
000002646,2
000002652,2
000002658,2
000002664,2
000002670,2
000002676,2
000002682,2
000002688,2
000002694,2
000002700,2
000002706,2
000002712,2
000002718,2
000002724,2
000002730,2
000002736,2
000002742,2
000002748,2
000002754,2
000002760,2
000002766,2
000002772,2
000002778,2
000002784,2
000002790,2
000002796,2
000002802,2
000002808,2
000002814,2
000002820,2
000002826,2
000002832,2
000002838,2
000002844,2
000002850,2
000002856,2
000002862,2
000002868,2
000002874,2
000002880,2
000002886,2
000002892,0
000002898,0
000002904,0
000002910,0
000002916,0
000002922,0
000002928,0
000002934,0
000002940,0
000002946,0
000002952,0
000002958,0
000002964,0
000002970,0
000002976,0
000002982,0
000002988,0
000002994,0
000003000,0
000003006,0
000003012,0
000003018,0
000003024,0
000003030,0
000003036,0
000003042,0
000003048,0
000003054,0
000003060,0
000003066,0
000003072,0
000003078,0
000003084,0
000003090,0
000003096,0
000003102,0
000003108,0
000003114,0
000003120,0
000003126,0
000003132,0
000003138,0
000003144,0
000003150,0
000003156,0
000003162,0
000003168,0
000003174,0
000003180,0
000003186,0
000003192,0
000003198,0
000003204,0
000003210,0
000003216,0
000003222,0
000003228,0
000003234,0
000003240,0
000003246,0
000003252,0
000003258,0
000003264,0
000003270,0
000003276,0
000003282,0
000003288,0
000003294,0
000003300,0
000003306,0
000003312,0
000003318,0
000003324,0
000003330,0
000003336,0
000003342,0
000003348,0
000003354,0
000003360,0
000003366,0
000003372,0
000003378,0
000003384,0
000003390,0
000003396,0
000003402,0
000003408,0
000003414,0
000003420,0
000003426,0
000003432,0
000003438,0
000003444,0
000003450,0
000003456,2
000003462,2
000003468,2
000003474,2
000003480,2
000003486,2
000003492,2
000003498,2
000003504,2
000003510,2
000003516,2
000003522,2
000003528,2
000003534,2
000003540,2
000003546,2
000003552,3
000003558,3
000003564,3
000003570,3
000003576,3
000003582,3
000003588,3
000003594,3
000003600,3
000003606,3
000003612,3
000003618,3
000003624,3
000003630,3
000003636,3
000003642,3
000003648,3
000003654,3
000003660,3
000003666,3
000003672,3
000003678,3
000003684,3
000003690,3
000003696,3
000003702,3
000003708,3
000003714,3
000003720,3
000003726,3
000003732,3
000003738,3
000003744,3
000003750,3
000003756,3
000003762,3
000003768,3
000003774,3
000003780,3
000003786,3
000003792,3
000003798,3
000003804,3
000003810,3
000003816,3
000003822,3
000003828,3
000003834,3
000003840,3
000003846,3
000003852,3
000003858,3
000003864,3
000003870,3
000003876,3
000003882,3
000003888,3
000003894,3
000003900,3
000003906,3
000003912,3
000003918,3
000003924,3
000003930,3
000003936,3
000003942,3
000003948,3
000003954,3
000003960,3
000003966,3
000003972,3
000003978,3
000003984,3
000003990,3
000003996,4
000004002,4
000004008,4
000004014,4
000004020,4
000004026,4
000004032,4
000004038,4
000004044,4
000004050,4
000004056,4
000004062,4
000004068,4
000004074,4
000004080,4
000004086,4
000004092,4
000004098,4
000004104,4
000004110,4
000004116,4
000004122,4
000004128,4
000004134,4
000004140,4
000004146,4
000004152,4
000004158,4
000004164,4
000004170,4
000004176,4
000004182,4
000004188,4
000004194,4
000004200,4
000004206,4
000004212,4
000004218,4
000004224,4
000004230,4
000004236,4
000004242,4
000004248,4
000004254,4
000004260,4
000004266,4
000004272,4
000004278,4
000004284,4
000004290,4
000004296,4
000004302,4
000004308,4
000004314,4
000004320,4
000004326,4
000004332,4
000004338,4
000004344,4
000004350,4
000004356,4
000004362,4
000004368,4
000004374,2
000004380,2
000004386,2
000004392,2
000004398,2
000004404,2
000004410,2
000004416,2
000004422,2
000004428,2
000004434,2
000004440,2
000004446,2
000004452,2
000004458,2
000004464,2
000004470,2
000004476,2
000004482,2
000004488,2
000004494,2
000004500,2
000004506,2
000004512,2
000004518,2
000004524,2
000004530,2
000004536,2
000004542,2
000004548,2
000004554,2
000004560,2
000004566,2
000004572,2
000004578,2
000004584,2
000004590,2
000004596,2
000004602,2
000004608,2
000004614,2
000004620,2
000004626,2
000004632,2
000004638,2
000004644,2
000004650,2
000004656,2
000004662,2
000004668,2
000004674,2
000004680,2
000004686,2
000004692,2
000004698,2
000004704,2
000004710,2
000004716,2
000004722,2
000004728,2
000004734,2
000004740,2
000004746,2
000004752,2
000004758,2
000004764,2
000004770,2
000004776,2
000004782,2
000004788,2
000004794,2
000004800,2
000004806,2
000004812,2
000004818,2
000004824,2
000004830,2
000004836,2
000004842,2
000004848,2
000004854,2
000004860,2
000004866,3
000004872,3
000004878,3
000004884,3
000004890,3
000004896,3
000004902,3
000004908,3
000004914,3
000004920,3
000004926,3
000004932,3
000004938,3
000004944,3
000004950,3
000004956,3
000004962,3
000004968,3
000004974,3
000004980,3
000004986,3
000004992,3
000004998,3
000005004,3
000005010,3
000005016,3
000005022,3
000005028,3
000005034,3
000005040,3
000005046,3
000005052,3
000005058,3
000005064,3
000005070,3
000005076,3
000005082,3
000005088,3
000005094,3
000005100,3
000005106,3
000005112,3
000005118,3
000005124,3
000005130,3
000005136,3
000005142,3
000005148,3
000005154,3
000005160,3
000005166,3
000005172,3
000005178,3
000005184,3
000005190,3
000005196,3
000005202,3
000005208,3
000005214,3
000005220,3
000005226,3
000005232,3
000005238,3
000005244,3
000005250,3
000005256,3
000005262,3
000005268,3
000005274,3
000005280,3
000005286,3
000005292,3
000005298,3
000005304,3
000005310,3
000005316,3
000005322,3
000005328,3
000005334,3
000005340,3
000005346,3
000005352,3
000005358,3
000005364,3
000005370,3
000005376,3
000005382,3
000005388,3
000005394,3
000005400,3
000005406,3
000005412,3
000005418,3
000005424,3
000005430,3
000005436,3
000005442,3
000005448,3
000005454,3
000005460,3
000005466,3
000005472,3
000005478,3
000005484,3
000005490,3
000005496,3
000005502,3
000005508,3
000005514,3
000005520,3
000005526,3
000005532,3
000005538,3
000005544,3
000005550,3
000005556,3
000005562,3
000005568,3
000005574,3
000005580,3
000005586,3
000005592,3
000005598,3
000005604,3
000005610,4
000005616,4
000005622,4
000005628,4
000005634,4
000005640,4
000005646,4
000005652,4
000005658,4
000005664,4
000005670,4
000005676,4
000005682,4
000005688,4
000005694,4
000005700,4
000005706,4
000005712,4
000005718,4
000005724,4
000005730,4
000005736,4
000005742,4
000005748,4
000005754,4
000005760,4
000005766,4
000005772,4
000005778,4
000005784,4
000005790,4
000005796,4
000005802,4
000005808,4
000005814,4
000005820,4
000005826,4
000005832,4
000005838,4
000005844,4
000005850,4
000005856,4
000005862,4
000005868,4
000005874,4
000005880,4
000005886,4
000005892,4
000005898,4
000005904,4
000005910,4
000005916,4
000005922,4
000005928,4
000005934,4
000005940,4
000005946,4
000005952,4
000005958,4
000005964,4
000005970,4
000005976,4
000005982,4
000005988,4
000005994,4
000006000,4
000006006,4
000006012,4
000006018,4
000006024,4
000006030,4
000006036,4
000006042,4
000006048,4
000006054,4
000006060,4
000006066,4
000006072,4
000006078,4
000006084,4
000006090,4
000006096,4
000006102,4
000006108,4
000006114,4
000006120,4
000006126,4
000006132,4
000006138,4
000006144,4
000006150,4
000006156,4
000006162,2
000006168,2
000006174,2
000006180,2
000006186,2
000006192,2
000006198,2
000006204,2
000006210,2
000006216,2
000006222,2
000006228,2
000006234,2
000006240,2
000006246,2
000006252,2
000006258,2
000006264,2
000006270,2
000006276,2
000006282,2
000006288,2
000006294,2
000006300,2
000006306,2
000006312,2
000006318,2
000006324,2
000006330,2
000006336,2
000006342,2
000006348,2
000006354,2
000006360,2
000006366,2
000006372,2
000006378,2
000006384,2
000006390,2
000006396,2
000006402,2
000006408,2
000006414,2
000006420,2
000006426,2
000006432,2
000006438,2
000006444,2
000006450,2
000006456,2
000006462,2
000006468,2
000006474,2
000006480,2
000006486,2
000006492,2
000006498,2
000006504,2
000006510,2
000006516,2
000006522,2
000006528,2
000006534,2
000006540,2
000006546,2
000006552,2
000006558,2
000006564,2
000006570,2
000006576,2
000006582,2
000006588,2
000006594,2
000006600,2
000006606,2
000006612,2
000006618,2
000006624,3
000006630,3
000006636,3
000006642,3
000006648,3
000006654,3
000006660,3
000006666,3
000006672,3
000006678,3
000006684,3
000006690,3
000006696,3
000006702,3
000006708,3
000006714,3
000006720,3
000006726,3
000006732,3
000006738,3
000006744,3
000006750,3
000006756,3
000006762,3
000006768,3
000006774,3
000006780,3
000006786,3
000006792,3
000006798,3
000006804,3
000006810,3
000006816,3
000006822,3
000006828,3
000006834,3
000006840,3
000006846,3
000006852,3
000006858,3
000006864,3
000006870,3
000006876,3
000006882,3
000006888,3
000006894,3
000006900,3
000006906,3
000006912,3
000006918,3
000006924,3
000006930,3
000006936,3
000006942,3
000006948,3
000006954,3
000006960,3
000006966,3
000006972,3
000006978,3
000006984,3
000006990,3
000006996,3
000007002,3
000007008,3
000007014,3
000007020,3
000007026,3
000007032,3
000007038,3
000007044,3
000007050,3
000007056,3
000007062,3
000007068,3
000007074,3
000007080,3
000007086,3
000007092,3
000007098,3
000007104,3
000007110,3
000007116,3
000007122,3
000007128,3
000007134,3
000007140,3
000007146,3
000007152,3
000007158,3
000007164,3
000007170,3
000007176,3
000007182,3
000007188,3
000007194,3
000007200,3
000007206,3
000007212,3
000007218,3
000007224,3
000007230,3
000007236,3
000007242,3
000007248,3
000007254,3
000007260,3
000007266,3
000007272,3
000007278,3
000007284,3
000007290,3
000007296,3
000007302,3
000007308,3
000007314,3
000007320,3
000007326,3
000007332,4
000007338,4
000007344,4
000007350,4
000007356,4
000007362,4
000007368,4
000007374,4
000007380,4
000007386,4
000007392,4
000007398,4
000007404,4
000007410,4
000007416,4
000007422,4
000007428,4
000007434,4
000007440,4
000007446,4
000007452,4
000007458,4
000007464,4
000007470,4
000007476,4
000007482,4
000007488,4
000007494,4
000007500,4
000007506,4
000007512,4
000007518,4
000007524,4
000007530,4
000007536,4
000007542,4
000007548,4
000007554,4
000007560,4
000007566,4
000007572,4
000007578,4
000007584,4
000007590,4
000007596,4
000007602,4
000007608,4
000007614,4
000007620,4
000007626,4
000007632,4
000007638,4
000007644,4
000007650,4
000007656,4
000007662,4
000007668,4
000007674,4
000007680,4
000007686,4
000007692,4
000007698,4
000007704,4
000007710,4
000007716,4
000007722,4
000007728,4
000007734,4
000007740,4
000007746,4
000007752,4
000007758,4
000007764,4
000007770,4
000007776,4
000007782,4
000007788,4
000007794,4
000007800,4
000007806,4
000007812,4
000007818,4
000007824,4
000007830,4
000007836,4
000007842,4
000007848,4
000007854,4
000007860,4
000007866,4
000007872,4
000007878,4
000007884,4
000007890,4
000007896,4
000007902,4
000007908,4
000007914,4
000007920,4
000007926,4
000007932,4
000007938,4
000007944,4
000007950,4
000007956,4
000007962,1
000007968,1
000007974,1
000007980,1
000007986,1
000007992,1
000007998,1
000008004,1
000008010,1
000008016,1
000008022,1
000008028,1
000008034,1
000008040,1
000008046,1
000008052,1
000008058,1
000008064,1
000008070,1
000008076,1
000008082,1
000008088,1
000008094,1
000008100,1
000008106,1
000008112,1
000008118,1
000008124,1
000008130,1
000008136,1
000008142,1
000008148,1
000008154,1
000008160,1
000008166,1
000008172,1
000008178,1
000008184,1
000008190,1
000008196,1
000008202,1
000008208,1
000008214,1
000008220,1
000008226,1
000008232,1
000008238,1
000008244,1
000008250,1
000008256,1
000008262,1
000008268,1
000008274,1
000008280,2
000008286,2
000008292,2
000008298,2
000008304,2
000008310,2
000008316,2
000008322,2
000008328,2
000008334,2
000008340,2
000008346,2
000008352,2
000008358,2
000008364,2
000008370,2
000008376,2
000008382,2
000008388,2
000008394,2
000008400,2
000008406,2
000008412,2
000008418,2
000008424,2
000008430,2
000008436,2
000008442,2
000008448,2
000008454,2
000008460,2
000008466,2
000008472,2
000008478,2
000008484,2
000008490,2
000008496,2
000008502,2
000008508,2
000008514,2
000008520,2
000008526,2
000008532,2
000008538,2
000008544,2
000008550,2
000008556,2
000008562,2
000008568,2
000008574,2
000008580,2
000008586,2
000008592,2
000008598,2
000008604,2
000008610,2
000008616,2
000008622,2
000008628,2
000008634,2
000008640,2
000008646,2
000008652,2
000008658,2
000008664,2
000008670,2
000008676,2
000008682,2
000008688,2
000008694,2
000008700,2
000008706,2
000008712,2
000008718,2
000008724,2
000008730,2
000008736,2
000008742,2
000008748,2
000008754,2
000008760,2
000008766,2
000008772,2
000008778,2
000008784,2
000008790,2
000008796,2
000008802,2
000008808,2
000008814,2
000008820,2
000008826,2
000008832,2
000008838,2
000008844,2
000008850,2
000008856,2
000008862,2
000008868,2
000008874,2
000008880,2
000008886,2
000008892,2
000008898,2
000008904,2
000008910,2
000008916,2
000008922,2
000008928,2
000008934,2
000008940,2
000008946,2
000008952,2
000008958,2
000008964,2
000008970,2
000008976,2
000008982,2
000008988,2
000008994,2
000009000,2
000009006,2
000009012,2
000009018,2
000009024,2
000009030,2
000009036,2
000009042,2
000009048,2
000009054,2
000009060,2
000009066,2
000009072,2
000009078,2
000009084,2
000009090,2
000009096,2
000009102,2
000009108,2
000009114,2
000009120,2
000009126,2
000009132,2
000009138,2
000009144,2
000009150,2
000009156,2
000009162,2
000009168,2
000009174,2
000009180,2
000009186,2
000009192,2
000009198,2
000009204,3
000009210,3
000009216,3
000009222,3
000009228,3
000009234,3
000009240,3
000009246,3
000009252,3
000009258,3
000009264,3
000009270,3
000009276,3
000009282,3
000009288,3
000009294,3
000009300,3
000009306,3
000009312,3
000009318,3
000009324,3
000009330,3
000009336,3
000009342,3
000009348,3
000009354,3
000009360,3
000009366,3
000009372,3
000009378,3
000009384,3
000009390,3
000009396,3
000009402,3
000009408,3
000009414,3
000009420,3
000009426,3
000009432,3
000009438,3
000009444,3
000009450,3
000009456,3
000009462,3
000009468,3
000009474,3
000009480,3
000009486,3
000009492,3
000009498,3
000009504,3
000009510,3
000009516,3
000009522,3
000009528,3
000009534,3
000009540,3
000009546,3
000009552,3
000009558,3
000009564,3
000009570,3
000009576,3
000009582,3
000009588,3
000009594,3
000009600,3
000009606,3
000009612,3
000009618,3
000009624,3
000009630,3
000009636,3
000009642,3
000009648,3
000009654,3
000009660,3
000009666,3
000009672,3
000009678,3
000009684,3
000009690,3
000009696,3
000009702,3
000009708,3
000009714,3
000009720,3
000009726,3
000009732,3
000009738,3
000009744,3
000009750,3
000009756,3
000009762,3
000009768,3
000009774,3
000009780,3
000009786,3
000009792,3
000009798,3
000009804,3
000009810,3
000009816,3
000009822,3
000009828,3
000009834,3
000009840,3
000009846,3
000009852,3
000009858,3
000009864,3
000009870,3
000009876,3
000009882,3
000009888,3
000009894,3
000009900,3
000009906,3
000009912,3
000009918,3
000009924,3
000009930,3
000009936,3
000009942,3
000009948,3
000009954,3
000009960,3
000009966,3
000009972,3
000009978,3
000009984,3
000009990,3
000009996,3
000010002,3
000010008,3
000010014,3
000010020,3
000010026,3
000010032,3
000010038,3
000010044,3
000010050,4
000010056,4
000010062,4
000010068,4
000010074,4
000010080,4
000010086,4
000010092,4
000010098,4
000010104,4
000010110,4
000010116,4
000010122,4
000010128,4
000010134,4
000010140,4
000010146,4
000010152,4
000010158,4
000010164,4
000010170,4
000010176,4
000010182,4
000010188,4
000010194,4
000010200,4
000010206,4
000010212,4
000010218,4
000010224,4
000010230,4
000010236,4
000010242,4
000010248,4
000010254,4
000010260,4
000010266,4
000010272,4
000010278,4
000010284,4
000010290,4
000010296,4
000010302,4
000010308,4
000010314,4
000010320,4
000010326,4
000010332,4
000010338,4
000010344,4
000010350,4
000010356,4
000010362,4
000010368,4
000010374,4
000010380,4
000010386,4
000010392,4
000010398,4
000010404,4
000010410,4
000010416,4
000010422,4
000010428,4
000010434,4
000010440,4
000010446,4
000010452,4
000010458,4
000010464,4
000010470,4
000010476,4
000010482,4
000010488,4
000010494,4
000010500,4
000010506,4
000010512,4
000010518,4
000010524,4
000010530,4
000010536,4
000010542,4
000010548,4
000010554,4
000010560,4
000010566,4
000010572,4
000010578,4
000010584,4
000010590,4
000010596,4
000010602,4
000010608,4
000010614,4
000010620,4
000010626,4
000010632,4
000010638,4
000010644,4
000010650,4
000010656,4
000010662,4
000010668,4
000010674,4
000010680,4
000010686,2
000010692,2
000010698,2
000010704,2
000010710,2
000010716,2
000010722,2
000010728,2
000010734,2
000010740,2
000010746,2
000010752,2
000010758,2
000010764,2
000010770,3
000010776,3
000010782,3
000010788,3
000010794,3
000010800,3
000010806,3
000010812,3
000010818,3
000010824,3
000010830,3
000010836,3
000010842,3
000010848,3
000010854,3
000010860,3
000010866,3
000010872,3
000010878,3
000010884,3
000010890,3
000010896,3
000010902,3
000010908,3
000010914,3
000010920,3
000010926,3
000010932,3
000010938,3
000010944,3
000010950,3
000010956,3
000010962,3
000010968,3
000010974,3
000010980,3
000010986,3
000010992,3
000010998,3
000011004,3
000011010,3
000011016,3
000011022,3
000011028,3
000011034,3
000011040,3
000011046,3
000011052,3
000011058,3
000011064,3
000011070,3
000011076,3
000011082,3
000011088,3
000011094,3
000011100,3
000011106,3
000011112,3
000011118,3
000011124,3
000011130,3
000011136,3
000011142,3
000011148,3
000011154,3
000011160,3
000011166,3
000011172,3
000011178,3
000011184,3
000011190,3
000011196,3
000011202,3
000011208,3
000011214,3
000011220,3
000011226,3
000011232,3
000011238,3
000011244,3
000011250,3
000011256,3
000011262,3
000011268,3
000011274,3
000011280,3
000011286,3
000011292,3
000011298,3
000011304,3
000011310,3
000011316,3
000011322,3
000011328,3
000011334,3
000011340,3
000011346,3
000011352,3
000011358,3
000011364,3
000011370,3
000011376,3
000011382,3
000011388,3
000011394,3
000011400,3
000011406,3
000011412,3
000011418,3
000011424,3
000011430,4
000011436,4
000011442,4
000011448,4
000011454,4
000011460,4
000011466,4
000011472,4
000011478,4
000011484,4
000011490,4
000011496,4
000011502,4
000011508,4
000011514,4
000011520,4
000011526,4
000011532,4
000011538,4
000011544,4
000011550,4
000011556,4
000011562,4
000011568,4
000011574,4
000011580,4
000011586,4
000011592,4
000011598,4
000011604,4
000011610,4
000011616,4
000011622,4
000011628,4
000011634,4
000011640,4
000011646,4
000011652,4
000011658,4
000011664,4
000011670,4
000011676,4
000011682,4
000011688,4
000011694,4
000011700,4
000011706,4
000011712,4
000011718,4
000011724,4
000011730,4
000011736,4
000011742,4
000011748,4
000011754,4
000011760,4
000011766,4
000011772,4
000011778,4
000011784,4
000011790,4
000011796,4
000011802,4
000011808,4
000011814,4
000011820,4
000011826,2
000011832,2
000011838,2
000011844,2
000011850,2
000011856,2
000011862,2
000011868,2
000011874,2
000011880,2
000011886,2
000011892,2
000011898,2
000011904,2
000011910,2
000011916,2
000011922,2
000011928,2
000011934,2
000011940,2
000011946,2
000011952,2
000011958,2
000011964,2
000011970,2
000011976,2
000011982,2
000011988,2
000011994,2
000012000,2
000012006,2
000012012,2
000012018,2
000012024,2
000012030,2
000012036,2
000012042,2
000012048,2
000012054,2
000012060,2
000012066,2
000012072,3
000012078,3
000012084,3
000012090,3
000012096,3
000012102,3
000012108,3
000012114,3
000012120,3
000012126,3
000012132,3
000012138,3
000012144,3
000012150,3
000012156,3
000012162,3
000012168,3
000012174,3
000012180,3
000012186,3
000012192,3
000012198,3
000012204,3
000012210,3
000012216,3
000012222,3
000012228,3
000012234,3
000012240,3
000012246,3
000012252,3
000012258,3
000012264,3
000012270,3
000012276,3
000012282,3
000012288,3
000012294,3
000012300,3
000012306,3
000012312,3
000012318,3
000012324,3
000012330,3
000012336,3
000012342,3
000012348,3
000012354,3
000012360,3
000012366,3
000012372,3
000012378,3
000012384,3
000012390,3
000012396,3
000012402,3
000012408,3
000012414,3
000012420,3
000012426,3
000012432,3
000012438,3
000012444,3
000012450,3
000012456,3
000012462,3
000012468,3
000012474,3
000012480,3
000012486,3
000012492,3
000012498,3
000012504,3
000012510,3
000012516,3
000012522,3
000012528,3
000012534,3
000012540,3
000012546,3
000012552,3
000012558,3
000012564,3
000012570,3
000012576,3
000012582,3
000012588,3
000012594,3
000012600,3
000012606,3
000012612,3
000012618,3
000012624,3
000012630,3
000012636,3
000012642,4
000012648,4
000012654,4
000012660,4
000012666,4
000012672,4
000012678,4
000012684,4
000012690,4
000012696,4
000012702,4
000012708,4
000012714,4
000012720,4
000012726,4
000012732,4
000012738,4
000012744,4
000012750,4
000012756,4
000012762,4
000012768,4
000012774,4
000012780,4
000012786,4
000012792,4
000012798,4
000012804,4
000012810,4
000012816,4
000012822,4
000012828,4
000012834,4
000012840,4
000012846,4
000012852,4
000012858,4
000012864,4
000012870,4
000012876,4
000012882,4
000012888,4
000012894,4
000012900,4
000012906,4
000012912,4
000012918,4
000012924,4
000012930,4
000012936,4
000012942,4
000012948,4
000012954,4
000012960,4
000012966,4
000012972,4
000012978,4
000012984,4
000012990,4
000012996,4
000013002,4
000013008,4
000013014,4
000013020,4
000013026,4
000013032,4
000013038,4
000013044,4
000013050,4
000013056,4
000013062,4
000013068,2
000013074,2
000013080,2
000013086,2
000013092,2
000013098,2
000013104,2
000013110,2
000013116,2
000013122,2
000013128,2
000013134,2
000013140,2
000013146,2
000013152,2
000013158,2
000013164,2
000013170,2
000013176,2
000013182,2
000013188,2
000013194,2
000013200,2
000013206,2
000013212,2
000013218,2
000013224,2
000013230,2
000013236,2
000013242,2
000013248,2
000013254,2
000013260,2
000013266,2
000013272,2
000013278,2
000013284,2
000013290,3
000013296,3
000013302,3
000013308,3
000013314,3
000013320,3
000013326,3
000013332,3
000013338,3
000013344,3
000013350,3
000013356,3
000013362,3
000013368,3
000013374,3
000013380,3
000013386,3
000013392,3
000013398,3
000013404,3
000013410,3
000013416,3
000013422,3
000013428,3
000013434,3
000013440,3
000013446,3
000013452,3
000013458,3
000013464,3
000013470,3
000013476,3
000013482,3
000013488,3
000013494,3
000013500,3
000013506,3
000013512,3
000013518,3
000013524,3
000013530,3
000013536,3
000013542,3
000013548,3
000013554,3
000013560,3
000013566,3
000013572,3
000013578,3
000013584,3
000013590,3
000013596,3
000013602,3
000013608,3
000013614,3
000013620,3
000013626,3
000013632,3
000013638,3
000013644,3
000013650,3
000013656,3
000013662,3
000013668,3
000013674,3
000013680,3
000013686,3
000013692,3
000013698,3
000013704,3
000013710,3
000013716,3
000013722,3
000013728,3
000013734,3
000013740,3
000013746,3
000013752,3
000013758,3
000013764,3
000013770,3
000013776,3
000013782,3
000013788,3
000013794,3
000013800,3
000013806,3
000013812,3
000013818,3
000013824,3
000013830,3
000013836,3
000013842,3
000013848,4
000013854,4
000013860,4
000013866,4
000013872,4
000013878,4
000013884,4
000013890,4
000013896,4
000013902,4
000013908,4
000013914,4
000013920,4
000013926,4
000013932,4
000013938,4
000013944,4
000013950,4
000013956,4
000013962,4
000013968,4
000013974,4
000013980,4
000013986,4
000013992,4
000013998,4
000014004,4
000014010,4
000014016,4
000014022,4
000014028,4
000014034,4
000014040,4
000014046,4
000014052,4
000014058,4
000014064,4
000014070,4
000014076,4
000014082,4
000014088,4
000014094,4
000014100,4
000014106,4
000014112,4
000014118,4
000014124,4
000014130,4
000014136,4
000014142,4
000014148,4
000014154,2
000014160,2
000014166,2
000014172,2
000014178,2
000014184,2
000014190,2
000014196,2
000014202,2
000014208,2
000014214,2
000014220,2
000014226,2
000014232,2
000014238,2
000014244,2
000014250,2
000014256,2
000014262,3
000014268,3
000014274,3
000014280,3
000014286,3
000014292,3
000014298,3
000014304,3
000014310,3
000014316,3
000014322,3
000014328,3
000014334,3
000014340,3
000014346,3
000014352,3
000014358,3
000014364,3
000014370,3
000014376,3
000014382,3
000014388,3
000014394,3
000014400,3
000014406,3
000014412,3
000014418,3
000014424,3
000014430,3
000014436,3
000014442,3
000014448,3
000014454,3
000014460,3
000014466,3
000014472,3
000014478,3
000014484,3
000014490,3
000014496,3
000014502,3
000014508,3
000014514,3
000014520,3
000014526,3
000014532,3
000014538,3
000014544,3
000014550,3
000014556,3
000014562,3
000014568,3
000014574,3
000014580,3
000014586,3
000014592,3
000014598,3
000014604,3
000014610,3
000014616,3
000014622,3
000014628,3
000014634,3
000014640,4
000014646,4
000014652,4
000014658,4
000014664,4
000014670,4
000014676,4
000014682,4
000014688,4
000014694,4
000014700,4
000014706,4
000014712,4
000014718,4
000014724,4
000014730,4
000014736,4
000014742,4
000014748,4
000014754,4
000014760,4
000014766,4
000014772,4
000014778,4
000014784,4
000014790,4
000014796,4
000014802,4
000014808,4
000014814,4
000014820,4
000014826,4
000014832,4
000014838,4
000014844,4
000014850,4
000014856,4
000014862,4
000014868,4
000014874,4
000014880,4
000014886,4
000014892,4
000014898,4
000014904,4
000014910,4
000014916,4
000014922,4
000014928,4
000014934,4
000014940,4
000014946,4
000014952,4
000014958,4
000014964,4
000014970,4
000014976,4
000014982,4
000014988,4
000014994,2
000015000,2
000015006,2
000015012,2
000015018,2
000015024,2
000015030,2
000015036,2
000015042,2
000015048,2
000015054,2
000015060,2
000015066,2
000015072,2
000015078,2
000015084,2
000015090,3
000015096,3
000015102,3
000015108,3
000015114,3
000015120,3
000015126,3
000015132,3
000015138,3
000015144,3
000015150,3
000015156,3
000015162,3
000015168,3
000015174,3
000015180,3
000015186,3
000015192,3
000015198,3
000015204,3
000015210,3
000015216,3
000015222,3
000015228,3
000015234,3
000015240,3
000015246,3
000015252,3
000015258,3
000015264,3
000015270,3
000015276,3
000015282,3
000015288,3
000015294,3
000015300,3
000015306,3
000015312,3
000015318,3
000015324,3
000015330,3
000015336,3
000015342,3
000015348,3
000015354,3
000015360,3
000015366,3
000015372,3
000015378,3
000015384,3
000015390,3
000015396,3
000015402,3
000015408,3
000015414,3
000015420,3
000015426,3
000015432,3
000015438,3
000015444,3
000015450,3
000015456,3
000015462,3
000015468,3
000015474,3
000015480,3
000015486,3
000015492,3
000015498,3
000015504,3
000015510,3
000015516,3
000015522,3
000015528,3
000015534,3
000015540,3
000015546,4
000015552,4
000015558,4
000015564,4
000015570,4
000015576,4
000015582,4
000015588,4
000015594,4
000015600,4
000015606,4
000015612,4
000015618,4
000015624,4
000015630,4
000015636,4
000015642,4
000015648,4
000015654,4
000015660,4
000015666,4
000015672,4
000015678,4
000015684,4
000015690,4
000015696,4
000015702,4
000015708,4
000015714,4
000015720,4
000015726,4
000015732,4
000015738,4
000015744,4
000015750,4
000015756,4
000015762,4
000015768,4
000015774,4
000015780,4
000015786,4
000015792,4
000015798,4
000015804,4
000015810,4
000015816,4
000015822,4
000015828,4
000015834,4
000015840,4
000015846,4
000015852,4
000015858,4
000015864,4
000015870,4
000015876,4
000015882,4
000015888,4
000015894,4
000015900,4
000015906,4
000015912,4
000015918,4
000015924,4
000015930,4
000015936,4
000015942,4
000015948,4
000015954,4
000015960,4
000015966,4
000015972,4
000015978,4
000015984,4
000015990,4
000015996,4
000016002,4
000016008,4
000016014,4
000016020,4
000016026,4
000016032,4
000016038,4
000016044,4
000016050,4
000016056,4
000016062,4
000016068,4
000016074,4
000016080,4
000016086,4
000016092,1
000016098,1
000016104,1
000016110,1
000016116,1
000016122,1
000016128,1
000016134,1
000016140,1
000016146,1
000016152,1
000016158,1
000016164,1
000016170,1
000016176,1
000016182,1
000016188,1
000016194,1
000016200,1
000016206,1
000016212,1
000016218,1
000016224,1
000016230,1
000016236,1
000016242,1
000016248,1
000016254,1
000016260,7
000016266,7
000016272,7
000016278,7
000016284,7
000016290,7
000016296,7
000016302,7
000016308,7
000016314,7
000016320,7
000016326,7
000016332,7
000016338,7
000016344,7
000016350,7
000016356,7
000016362,7
000016368,7
000016374,7
000016380,7
000016386,7
000016392,7
000016398,7
000016404,7
000016410,7
000016416,7
000016422,7
000016428,7
000016434,7
000016440,7
000016446,7
000016452,7
000016458,7
000016464,7
000016470,7
000016476,7
000016482,7
000016488,7
000016494,7
000016500,7
000016506,7
000016512,7
000016518,7
000016524,7
000016530,7
000016536,7
000016542,7
000016548,7
000016554,7
000016560,7
000016566,7
000016572,7
000016578,7
000016584,7
000016590,7
000016596,7
000016602,7
000016608,7
000016614,7
000016620,7
000016626,7
000016632,7
000016638,7
000016644,7
000016650,7
000016656,7
000016662,7
000016668,7
000016674,7
000016680,7
000016686,7
000016692,7
000016698,7
000016704,0
000016710,0
000016716,0
000016722,0
000016728,0
000016734,0
000016740,0
000016746,0
000016752,0
000016758,0
000016764,0
000016770,0
000016776,0
000016782,0
000016788,0
000016794,0
000016800,0
000016806,0
000016812,0
000016818,0
