00000 01039 0 
01040 01128 1 
01129 01360 2 
01361 01748 3 
01749 02025 4 
02026 02329 2 
02330 02796 3 
02797 03080 4 
03081 03426 2 
03427 03917 3 
03918 04253 4 
04254 04515 2 
04516 04972 3 
04973 05199 4 
05200 05506 2 
05507 06105 3 
06106 06307 4 
06308 06622 0 
06623 07128 2 
07129 07635 3 
07636 07771 4 
07772 08038 3 
08039 08403 4 
08404 08718 2 
08719 09318 3 
09319 09620 4 
09621 10053 2 
10054 10359 3 
10360 10602 4 
10603 11199 0 
11200 11701 2 
11702 12291 3 
12292 12474 4 
12475 12686 0 
12687 12870 2 
12871 13281 3 
13282 13681 4 
13682 13941 2 
13942 14580 3 
14581 14872 4 
14873 15699 6 
15700 16234 7 
16235 16320 0 
